Date,Province,Daily_Case,Daily_Death,Daily_Recovered,Active_Case,Cumulative_Case,Cumulative_Recovered,Cumulative_Death,Cumulative_Active_Case
01/03/2020,DKI JAKARTA,2,0,0,2,2,0,0,2
02/03/2020,DKI JAKARTA,2,0,0,2,4,0,0,4
03/03/2020,DKI JAKARTA,2,0,0,2,6,0,0,6
04/03/2020,DKI JAKARTA,2,0,0,2,8,0,0,8
05/03/2020,DKI JAKARTA,0,1,0,-1,8,0,1,7
06/03/2020,DKI JAKARTA,0,0,0,0,8,0,1,7
07/03/2020,DKI JAKARTA,0,2,0,-2,8,0,3,5
08/03/2020,DKI JAKARTA,0,0,0,0,8,0,3,5
09/03/2020,DKI JAKARTA,0,1,0,-1,8,0,4,4
10/03/2020,DKI JAKARTA,0,0,0,0,8,0,4,4
11/03/2020,DKI JAKARTA,0,0,0,0,8,0,4,4
12/03/2020,DKI JAKARTA,0,1,4,-5,8,4,5,-1
13/03/2020,DKI JAKARTA,0,1,3,-4,8,7,6,-5
14/03/2020,DKI JAKARTA,1,1,1,-1,9,8,7,-6
15/03/2020,DKI JAKARTA,6,3,0,3,15,8,10,-3
16/03/2020,DKI JAKARTA,0,3,0,-3,15,8,13,-6
17/03/2020,DKI JAKARTA,1,1,0,0,16,8,14,-6
18/03/2020,DKI JAKARTA,0,1,0,-1,16,8,15,-7
19/03/2020,DKI JAKARTA,1,0,1,0,17,9,15,-7
20/03/2020,DKI JAKARTA,1,3,1,-3,18,10,18,-10
21/03/2020,DKI JAKARTA,0,3,6,-9,18,16,21,-19
22/03/2020,DKI JAKARTA,0,0,3,-3,18,19,21,-22
23/03/2020,DKI JAKARTA,0,0,0,0,18,19,21,-22
24/03/2020,DKI JAKARTA,0,19,3,-22,18,22,40,-44
25/03/2020,DKI JAKARTA,0,1,0,-1,18,22,41,-45
26/03/2020,DKI JAKARTA,56,2,0,54,74,22,43,9
27/03/2020,DKI JAKARTA,68,7,6,55,142,28,50,64
28/03/2020,DKI JAKARTA,41,9,9,23,183,37,59,87
29/03/2020,DKI JAKARTA,49,10,0,39,232,37,69,126
30/03/2020,DKI JAKARTA,31,7,0,24,263,37,76,150
31/03/2020,DKI JAKARTA,42,10,0,32,305,37,86,182
01/04/2020,DKI JAKARTA,59,1,0,58,364,37,87,240
02/04/2020,DKI JAKARTA,69,5,2,62,433,39,92,302
03/04/2020,DKI JAKARTA,70,6,2,62,503,41,98,364
04/04/2020,DKI JAKARTA,55,8,5,42,558,46,106,406
05/04/2020,DKI JAKARTA,85,11,2,72,643,48,117,478
06/04/2020,DKI JAKARTA,98,7,7,84,741,55,124,562
07/04/2020,DKI JAKARTA,110,14,3,93,851,58,138,655
08/04/2020,DKI JAKARTA,86,8,5,73,937,63,146,728
09/04/2020,DKI JAKARTA,226,34,5,187,1163,68,180,915
10/04/2020,DKI JAKARTA,49,11,4,34,1212,72,191,949
11/04/2020,DKI JAKARTA,185,10,7,168,1397,79,201,1117
12/04/2020,DKI JAKARTA,122,33,37,52,1519,116,234,1169
13/04/2020,DKI JAKARTA,134,7,1,126,1653,117,241,1295
14/04/2020,DKI JAKARTA,122,10,0,112,1775,117,251,1407
15/04/2020,DKI JAKARTA,128,9,20,99,1903,137,260,1506
16/04/2020,DKI JAKARTA,174,1,0,173,2077,137,261,1679
17/04/2020,DKI JAKARTA,139,7,35,97,2216,172,268,1776
18/04/2020,DKI JAKARTA,100,7,1,92,2316,173,275,1868
19/04/2020,DKI JAKARTA,98,3,25,70,2414,198,278,1938
20/04/2020,DKI JAKARTA,70,5,7,58,2484,205,283,1996
21/04/2020,DKI JAKARTA,149,2,59,88,2633,264,285,2084
22/04/2020,DKI JAKARTA,108,1,8,99,2741,272,286,2183
23/04/2020,DKI JAKARTA,122,0,4,118,2863,276,286,2301
24/04/2020,DKI JAKARTA,78,0,1,77,2941,277,286,2378
25/04/2020,DKI JAKARTA,78,19,7,52,3019,284,305,2430
26/04/2020,DKI JAKARTA,104,7,1,96,3123,285,312,2526
27/04/2020,DKI JAKARTA,65,13,1,51,3188,286,325,2577
28/04/2020,DKI JAKARTA,124,4,22,98,3312,308,329,2675
29/04/2020,DKI JAKARTA,86,0,75,11,3398,383,329,2686
30/04/2020,DKI JAKARTA,83,0,46,37,3481,429,329,2723
01/05/2020,DKI JAKARTA,135,4,2,129,3616,431,333,2852
02/05/2020,DKI JAKARTA,70,17,24,29,3686,455,350,2881
03/05/2020,DKI JAKARTA,58,5,112,-59,3744,567,355,2822
04/05/2020,DKI JAKARTA,72,8,3,61,3816,570,363,2883
05/05/2020,DKI JAKARTA,131,1,66,64,3947,636,364,2947
06/05/2020,DKI JAKARTA,103,5,37,61,4050,673,369,3008
07/05/2020,DKI JAKARTA,82,8,4,70,4132,677,377,3078
08/05/2020,DKI JAKARTA,96,1,0,95,4228,677,378,3173
09/05/2020,DKI JAKARTA,98,3,5,90,4326,682,381,3263
10/05/2020,DKI JAKARTA,124,6,49,69,4450,731,387,3332
11/05/2020,DKI JAKARTA,80,6,9,65,4530,740,393,3397
12/05/2020,DKI JAKARTA,94,2,108,-16,4624,848,395,3381
13/05/2020,DKI JAKARTA,178,6,96,76,4802,944,401,3457
14/05/2020,DKI JAKARTA,130,2,134,-6,4932,1078,403,3451
15/05/2020,DKI JAKARTA,82,7,106,-31,5014,1184,410,3420
16/05/2020,DKI JAKARTA,100,0,18,82,5114,1202,410,3502
17/05/2020,DKI JAKARTA,127,3,11,113,5241,1213,413,3615
18/05/2020,DKI JAKARTA,79,0,0,79,5320,1213,413,3694
19/05/2020,DKI JAKARTA,93,7,21,65,5413,1234,420,3759
20/05/2020,DKI JAKARTA,84,1,3,80,5497,1237,421,3839
21/05/2020,DKI JAKARTA,69,8,130,-69,5566,1367,429,3770
22/05/2020,DKI JAKARTA,103,29,55,19,5669,1422,458,3789
23/05/2020,DKI JAKARTA,111,1,54,56,5780,1476,459,3845
24/05/2020,DKI JAKARTA,112,0,20,92,5892,1496,459,3937
25/05/2020,DKI JAKARTA,75,0,65,10,5967,1561,459,3947
26/05/2020,DKI JAKARTA,87,0,13,74,6054,1574,459,4021
27/05/2020,DKI JAKARTA,108,8,16,84,6162,1590,467,4105
28/05/2020,DKI JAKARTA,100,0,20,80,6262,1610,467,4185
29/05/2020,DKI JAKARTA,124,0,38,86,6386,1648,467,4271
30/05/2020,DKI JAKARTA,103,7,255,-159,6489,1903,474,4112
31/05/2020,DKI JAKARTA,112,1,70,41,6601,1973,475,4153
01/06/2020,DKI JAKARTA,153,2,185,-34,6754,2158,477,4119
02/06/2020,DKI JAKARTA,59,0,120,-61,6813,2278,477,4058
03/06/2020,DKI JAKARTA,88,5,181,-98,6901,2459,482,3960
04/06/2020,DKI JAKARTA,107,0,21,86,7008,2480,482,4046
05/06/2020,DKI JAKARTA,70,1,138,-69,7078,2618,483,3977
06/06/2020,DKI JAKARTA,113,0,86,27,7191,2704,483,4004
07/06/2020,DKI JAKARTA,164,4,287,-127,7355,2991,487,3877
08/06/2020,DKI JAKARTA,88,0,75,13,7443,3066,487,3890
09/06/2020,DKI JAKARTA,236,4,163,69,7679,3229,491,3959
10/06/2020,DKI JAKARTA,166,2,141,23,7845,3370,493,3982
11/06/2020,DKI JAKARTA,131,1,147,-17,7976,3517,494,3965
12/06/2020,DKI JAKARTA,91,4,118,-31,8067,3635,498,3934
13/06/2020,DKI JAKARTA,121,8,58,55,8188,3693,506,3989
14/06/2020,DKI JAKARTA,118,9,246,-137,8306,3939,515,3852
15/06/2020,DKI JAKARTA,141,2,111,28,8447,4050,517,3880
16/06/2020,DKI JAKARTA,96,0,132,-36,8543,4182,517,3844
17/06/2020,DKI JAKARTA,122,5,115,2,8665,4297,522,3846
18/06/2020,DKI JAKARTA,170,30,130,10,8835,4427,552,3856
19/06/2020,DKI JAKARTA,132,1,126,5,8967,4553,553,3861
20/06/2020,DKI JAKARTA,189,8,123,58,9156,4676,561,3919
21/06/2020,DKI JAKARTA,141,1,234,-94,9297,4910,562,3825
22/06/2020,DKI JAKARTA,123,0,75,48,9420,4985,562,3873
23/06/2020,DKI JAKARTA,160,8,109,43,9580,5094,570,3916
24/06/2020,DKI JAKARTA,152,8,97,47,9732,5191,578,3963
25/06/2020,DKI JAKARTA,181,9,220,-48,9913,5411,587,3915
26/06/2020,DKI JAKARTA,197,4,0,193,10110,5411,591,4108
27/06/2020,DKI JAKARTA,192,8,68,116,10302,5479,599,4224
28/06/2020,DKI JAKARTA,132,1,255,-124,10434,5734,600,4100
29/06/2020,DKI JAKARTA,122,0,252,-130,10556,5986,600,3970
30/06/2020,DKI JAKARTA,182,8,394,-220,10738,6380,608,3750
01/07/2020,DKI JAKARTA,215,0,168,47,10953,6548,608,3797
02/07/2020,DKI JAKARTA,200,6,192,2,11153,6740,614,3799
03/07/2020,DKI JAKARTA,137,5,240,-108,11290,6980,619,3691
04/07/2020,DKI JAKARTA,218,0,268,-50,11508,7248,619,3641
05/07/2020,DKI JAKARTA,255,5,286,-36,11763,7534,624,3605
06/07/2020,DKI JAKARTA,221,0,374,-153,11984,7908,624,3452
07/07/2020,DKI JAKARTA,193,12,242,-61,12177,8150,636,3391
08/07/2020,DKI JAKARTA,350,6,147,197,12527,8297,642,3588
09/07/2020,DKI JAKARTA,277,6,223,48,12804,8520,648,3636
10/07/2020,DKI JAKARTA,252,0,180,72,13056,8700,648,3708
11/07/2020,DKI JAKARTA,383,10,215,158,13439,8915,658,3866
12/07/2020,DKI JAKARTA,389,10,159,220,13828,9074,668,4086
13/07/2020,DKI JAKARTA,281,7,208,66,14109,9282,675,4152
14/07/2020,DKI JAKARTA,266,4,120,142,14375,9402,679,4294
15/07/2020,DKI JAKARTA,251,5,197,49,14626,9599,684,4343
16/07/2020,DKI JAKARTA,309,8,135,166,14935,9734,692,4509
17/07/2020,DKI JAKARTA,257,6,139,112,15192,9873,698,4621
18/07/2020,DKI JAKARTA,339,8,121,210,15531,9994,706,4831
19/07/2020,DKI JAKARTA,319,9,327,-17,15850,10321,715,4814
20/07/2020,DKI JAKARTA,381,9,155,217,16231,10476,724,5031
21/07/2020,DKI JAKARTA,432,8,266,158,16663,10742,732,5189
22/07/2020,DKI JAKARTA,387,5,367,15,17050,11109,737,5204
23/07/2020,DKI JAKARTA,462,2,168,292,17512,11277,739,5496
24/07/2020,DKI JAKARTA,293,4,270,19,17805,11547,743,5515
25/07/2020,DKI JAKARTA,369,0,175,194,18174,11722,743,5709
26/07/2020,DKI JAKARTA,384,4,161,219,18558,11883,747,5928
27/07/2020,DKI JAKARTA,501,10,112,379,19059,11995,757,6307
28/07/2020,DKI JAKARTA,409,16,374,19,19468,12369,773,6326
29/07/2020,DKI JAKARTA,617,14,250,353,20085,12619,787,6679
30/07/2020,DKI JAKARTA,397,19,188,190,20482,12807,806,6869
31/07/2020,DKI JAKARTA,430,14,405,11,20912,13212,820,6880
01/08/2020,DKI JAKARTA,368,12,680,-324,21280,13892,832,6556
02/08/2020,DKI JAKARTA,377,0,141,236,21657,14033,832,6792
03/08/2020,DKI JAKARTA,472,16,134,322,22129,14167,848,7114
04/08/2020,DKI JAKARTA,410,14,224,172,22539,14391,862,7286
05/08/2020,DKI JAKARTA,354,14,379,-39,22893,14770,876,7247
06/08/2020,DKI JAKARTA,556,13,248,295,23449,15018,889,7542
07/08/2020,DKI JAKARTA,665,12,196,457,24114,15214,901,7999
08/08/2020,DKI JAKARTA,686,11,509,166,24800,15723,912,8165
09/08/2020,DKI JAKARTA,440,6,560,-126,25240,16283,918,8039
10/08/2020,DKI JAKARTA,433,2,179,252,25673,16462,920,8291
11/08/2020,DKI JAKARTA,462,12,184,266,26135,16646,932,8557
12/08/2020,DKI JAKARTA,529,15,822,-308,26664,17468,947,8249
13/08/2020,DKI JAKARTA,608,11,400,197,27272,17868,958,8446
14/08/2020,DKI JAKARTA,538,4,694,-160,27810,18562,962,8286
15/08/2020,DKI JAKARTA,583,6,527,50,28393,19089,968,8336
16/08/2020,DKI JAKARTA,518,1,654,-137,28911,19743,969,8199
17/08/2020,DKI JAKARTA,552,14,209,329,29463,19952,983,8528
18/08/2020,DKI JAKARTA,513,19,589,-95,29976,20541,1002,8433
19/08/2020,DKI JAKARTA,551,18,570,-37,30527,21111,1020,8396
20/08/2020,DKI JAKARTA,594,16,729,-151,31121,21840,1036,8245
21/08/2020,DKI JAKARTA,657,16,435,206,31778,22275,1052,8451
22/08/2020,DKI JAKARTA,588,17,653,-82,32366,22928,1069,8369
23/08/2020,DKI JAKARTA,614,17,693,-96,32980,23621,1086,8273
24/08/2020,DKI JAKARTA,633,16,1901,-1284,33613,25522,1102,6989
25/08/2020,DKI JAKARTA,638,15,526,97,34251,26048,1117,7086
26/08/2020,DKI JAKARTA,713,7,764,-58,34964,26812,1124,7028
27/08/2020,DKI JAKARTA,760,11,1539,-790,35724,28351,1135,6238
28/08/2020,DKI JAKARTA,869,10,880,-21,36593,29231,1145,6217
29/08/2020,DKI JAKARTA,861,18,600,243,37454,29831,1163,6460
30/08/2020,DKI JAKARTA,1094,9,368,717,38548,30199,1172,7177
31/08/2020,DKI JAKARTA,1049,14,402,633,39597,30601,1186,7810
01/09/2020,DKI JAKARTA,901,17,737,147,40498,31338,1203,7957
02/09/2020,DKI JAKARTA,1054,17,479,558,41552,31817,1220,8515
03/09/2020,DKI JAKARTA,1359,15,702,642,42911,32519,1235,9157
04/09/2020,DKI JAKARTA,880,6,823,51,43791,33342,1241,9208
05/09/2020,DKI JAKARTA,877,14,731,132,44668,34073,1255,9340
06/09/2020,DKI JAKARTA,1176,10,805,361,45844,34878,1265,9701
07/09/2020,DKI JAKARTA,1046,22,662,362,46890,35540,1287,10063
08/09/2020,DKI JAKARTA,1014,21,931,62,47904,36471,1308,10125
09/09/2020,DKI JAKARTA,1004,17,844,143,48908,37315,1325,10268
10/09/2020,DKI JAKARTA,1274,17,1008,249,50182,38323,1342,10517
11/09/2020,DKI JAKARTA,964,17,904,43,51146,39227,1359,10560
12/09/2020,DKI JAKARTA,1205,18,665,522,52351,39892,1377,11082
13/09/2020,DKI JAKARTA,1380,5,957,418,53731,40849,1382,11500
14/09/2020,DKI JAKARTA,879,27,1511,-659,54610,42360,1409,10841
15/09/2020,DKI JAKARTA,1076,33,982,61,55686,43342,1442,10902
16/09/2020,DKI JAKARTA,1294,31,1146,117,56980,44488,1473,11019
17/09/2020,DKI JAKARTA,1113,14,748,351,58093,45236,1487,11370
18/09/2020,DKI JAKARTA,1258,22,1036,200,59351,46272,1509,11570
19/09/2020,DKI JAKARTA,988,10,1032,-54,60339,47304,1519,11516
20/09/2020,DKI JAKARTA,1138,14,1069,55,61477,48373,1533,11571
21/09/2020,DKI JAKARTA,1352,29,1294,29,62829,49667,1562,11600
22/09/2020,DKI JAKARTA,1236,30,849,357,64065,50516,1592,11957
23/09/2020,DKI JAKARTA,1135,28,1105,2,65200,51621,1620,11959
24/09/2020,DKI JAKARTA,1044,20,1162,-138,66244,52783,1640,11821
25/09/2020,DKI JAKARTA,1171,13,1626,-468,67415,54409,1653,11353
26/09/2020,DKI JAKARTA,1323,12,764,547,68738,55173,1665,11900
27/09/2020,DKI JAKARTA,1217,13,1294,-90,69955,56467,1678,11810
28/09/2020,DKI JAKARTA,898,9,1331,-442,70853,57798,1687,11368
29/09/2020,DKI JAKARTA,1238,21,1121,96,72091,58919,1708,11464
30/09/2020,DKI JAKARTA,1159,13,1452,-306,73250,60371,1721,11158
01/10/2020,DKI JAKARTA,1253,6,1118,129,74503,61489,1727,11287
02/10/2020,DKI JAKARTA,1198,3,675,520,75701,62164,1730,11807
03/10/2020,DKI JAKARTA,1265,4,1190,71,76966,63354,1734,11878
04/10/2020,DKI JAKARTA,1398,13,1031,354,78364,64385,1747,12232
05/10/2020,DKI JAKARTA,1022,16,980,26,79386,65365,1763,12258
06/10/2020,DKI JAKARTA,1106,31,1016,59,80492,66381,1794,12317
07/10/2020,DKI JAKARTA,1211,15,987,209,81703,67368,1809,12526
08/10/2020,DKI JAKARTA,1182,17,1047,118,82885,68415,1826,12644
09/10/2020,DKI JAKARTA,943,21,849,73,83828,69264,1847,12717
10/10/2020,DKI JAKARTA,1259,16,1284,-41,85087,70548,1863,12676
11/10/2020,DKI JAKARTA,1389,18,1062,309,86476,71610,1881,12985
12/10/2020,DKI JAKARTA,1211,25,1113,73,87687,72723,1906,13058
13/10/2020,DKI JAKARTA,1054,19,1101,-66,88741,73824,1925,12992
14/10/2020,DKI JAKARTA,1038,17,1203,-182,89779,75027,1942,12810
15/10/2020,DKI JAKARTA,1072,20,1050,2,90851,76077,1962,12812
16/10/2020,DKI JAKARTA,1045,24,982,39,91896,77059,1986,12851
17/10/2020,DKI JAKARTA,974,23,1108,-157,92870,78167,2009,12694
18/10/2020,DKI JAKARTA,971,17,1080,-126,93841,79247,2026,12568
19/10/2020,DKI JAKARTA,926,14,1128,-216,94767,80375,2040,12352
20/10/2020,DKI JAKARTA,964,22,837,105,95731,81212,2062,12457
21/10/2020,DKI JAKARTA,1000,21,1073,-94,96731,82285,2083,12363
22/10/2020,DKI JAKARTA,989,16,1157,-184,97720,83442,2099,12179
23/10/2020,DKI JAKARTA,952,21,1093,-162,98672,84535,2120,12017
24/10/2020,DKI JAKARTA,1062,20,1157,-115,99734,85692,2140,11902
25/10/2020,DKI JAKARTA,771,18,1231,-478,100505,86923,2158,11424
26/10/2020,DKI JAKARTA,906,13,1185,-292,101411,88108,2171,11132
27/10/2020,DKI JAKARTA,781,11,1130,-360,102192,89238,2182,10772
28/10/2020,DKI JAKARTA,844,17,1060,-233,103036,90298,2199,10539
29/10/2020,DKI JAKARTA,713,14,1084,-385,103749,91382,2213,10154
30/10/2020,DKI JAKARTA,612,14,1081,-483,104361,92463,2227,9671
31/10/2020,DKI JAKARTA,750,19,1047,-316,105111,93510,2246,9355
01/11/2020,DKI JAKARTA,608,19,1474,-885,105719,94984,2265,8470
02/11/2020,DKI JAKARTA,1024,18,1058,-52,106743,96042,2283,8418
03/11/2020,DKI JAKARTA,617,10,1025,-418,107360,97067,2293,8000
04/11/2020,DKI JAKARTA,768,14,940,-186,108128,98007,2307,7814
05/11/2020,DKI JAKARTA,797,15,974,-192,108925,98981,2322,7622
06/11/2020,DKI JAKARTA,672,18,1028,-374,109597,100009,2340,7248
07/11/2020,DKI JAKARTA,1118,11,987,120,110715,100996,2351,7368
08/11/2020,DKI JAKARTA,826,8,984,-166,111541,101980,2359,7202
09/11/2020,DKI JAKARTA,716,12,1131,-427,112257,103111,2371,6775
10/11/2020,DKI JAKARTA,1013,13,1257,-257,113270,104368,2384,6518
11/11/2020,DKI JAKARTA,587,13,959,-385,113857,105327,2397,6133
12/11/2020,DKI JAKARTA,831,11,1072,-252,114688,106399,2408,5881
13/11/2020,DKI JAKARTA,1033,10,13,1010,115721,106412,2418,6891
14/11/2020,DKI JAKARTA,1255,5,11,1239,116976,106423,2423,8130
15/11/2020,DKI JAKARTA,1164,2,23,1139,118140,106446,2425,9269
16/11/2020,DKI JAKARTA,1006,2,867,137,119146,107313,2427,9406
17/11/2020,DKI JAKARTA,1037,36,825,176,120183,108138,2463,9582
18/11/2020,DKI JAKARTA,1148,11,2193,-1056,121331,110331,2474,8526
19/11/2020,DKI JAKARTA,1186,14,2671,-1499,122517,113002,2488,7027
20/11/2020,DKI JAKARTA,1240,0,569,671,123757,113571,2488,7698
21/11/2020,DKI JAKARTA,1579,15,1085,479,125336,114656,2503,8177
22/11/2020,DKI JAKARTA,1342,16,1070,256,126678,115726,2519,8433
23/11/2020,DKI JAKARTA,1009,3,1052,-46,127687,116778,2522,8387
24/11/2020,DKI JAKARTA,1015,19,1089,-93,128702,117867,2541,8294
25/11/2020,DKI JAKARTA,1273,17,1090,166,129975,118957,2558,8460
26/11/2020,DKI JAKARTA,1064,14,1134,-84,131039,120091,2572,8376
27/11/2020,DKI JAKARTA,1436,15,838,583,132475,120929,2587,8959
28/11/2020,DKI JAKARTA,1370,15,1232,123,133845,122161,2602,9082
29/11/2020,DKI JAKARTA,1431,19,820,592,135276,122981,2621,9674
30/11/2020,DKI JAKARTA,1099,25,910,164,136375,123891,2646,9838
01/12/2020,DKI JAKARTA,1058,23,1042,-7,137433,124933,2669,9831
02/12/2020,DKI JAKARTA,1166,23,1063,80,138599,125996,2692,9911
03/12/2020,DKI JAKARTA,1153,34,1073,46,139752,127069,2726,9957
04/12/2020,DKI JAKARTA,1032,23,928,81,140784,127997,2749,10038
05/12/2020,DKI JAKARTA,1360,23,1031,306,142144,129028,2772,10344
06/12/2020,DKI JAKARTA,1331,23,1040,268,143475,130068,2795,10612
07/12/2020,DKI JAKARTA,1466,24,944,498,144941,131012,2819,11110
08/12/2020,DKI JAKARTA,1194,21,1203,-30,146135,132215,2840,11080
09/12/2020,DKI JAKARTA,1217,18,1073,126,147352,133288,2858,11206
10/12/2020,DKI JAKARTA,1180,18,1046,116,148532,134334,2876,11322
11/12/2020,DKI JAKARTA,1232,4,1096,132,149764,135430,2880,11454
12/12/2020,DKI JAKARTA,951,17,923,11,150715,136353,2897,11465
13/12/2020,DKI JAKARTA,1298,16,1112,170,152013,137465,2913,11635
14/12/2020,DKI JAKARTA,1506,17,1471,18,153519,138936,2930,11653
15/12/2020,DKI JAKARTA,1116,22,1136,-42,154635,140072,2952,11611
16/12/2020,DKI JAKARTA,1221,22,1142,57,155856,141214,2974,11668
17/12/2020,DKI JAKARTA,1690,20,1372,298,157546,142586,2994,11966
18/12/2020,DKI JAKARTA,1587,19,1234,334,159133,143820,3013,12300
19/12/2020,DKI JAKARTA,1899,20,1097,782,161032,144917,3033,13082
20/12/2020,DKI JAKARTA,1592,19,1874,-301,162624,146791,3052,12781
21/12/2020,DKI JAKARTA,1466,15,1368,83,164090,148159,3067,12864
22/12/2020,DKI JAKARTA,1311,14,1374,-77,165401,149533,3081,12787
23/12/2020,DKI JAKARTA,1954,15,1444,495,167355,150977,3096,13282
24/12/2020,DKI JAKARTA,1933,16,1341,576,169288,152318,3112,13858
25/12/2020,DKI JAKARTA,2096,21,1727,348,171384,154045,3133,14206
26/12/2020,DKI JAKARTA,2058,14,2552,-508,173442,156597,3147,13698
27/12/2020,DKI JAKARTA,1997,22,1824,151,175439,158421,3169,13849
28/12/2020,DKI JAKARTA,1678,21,1713,-56,177117,160134,3190,13793
29/12/2020,DKI JAKARTA,2056,18,1002,1036,179173,161136,3208,14829
30/12/2020,DKI JAKARTA,2053,21,1567,465,181226,162703,3229,15294
31/12/2020,DKI JAKARTA,2022,21,1968,33,183248,164671,3250,15327
01/01/2021,DKI JAKARTA,1956,20,1643,293,185204,166314,3270,15620
02/01/2021,DKI JAKARTA,1894,26,2280,-412,187098,168594,3296,15208
03/01/2021,DKI JAKARTA,1658,10,1691,-43,188756,170285,3306,15165
04/01/2021,DKI JAKARTA,1832,21,2527,-716,190588,172812,3327,14449
05/01/2021,DKI JAKARTA,1824,19,1339,466,192412,174151,3346,14915
06/01/2021,DKI JAKARTA,2402,16,1095,1291,194814,175246,3362,16206
07/01/2021,DKI JAKARTA,2398,21,1446,931,197212,176692,3383,17137
08/01/2021,DKI JAKARTA,2959,24,2690,245,200171,179382,3407,17382
09/01/2021,DKI JAKARTA,2753,27,2118,608,202924,181500,3434,17990
10/01/2021,DKI JAKARTA,2711,31,2898,-218,205635,184398,3465,17772
11/01/2021,DKI JAKARTA,2461,31,2510,-80,208096,186908,3496,17692
12/01/2021,DKI JAKARTA,2669,34,1657,978,210765,188565,3530,18670
13/01/2021,DKI JAKARTA,3476,45,2952,479,214241,191517,3575,19149
14/01/2021,DKI JAKARTA,3165,43,2075,1047,217406,193592,3618,20196
15/01/2021,DKI JAKARTA,2541,35,2490,16,219947,196082,3653,20212
16/01/2021,DKI JAKARTA,3536,32,1772,1732,223483,197854,3685,21944
17/01/2021,DKI JAKARTA,3395,33,3776,-414,226878,201630,3718,21530
18/01/2021,DKI JAKARTA,2361,36,2801,-476,229239,204431,3754,21054
19/01/2021,DKI JAKARTA,2563,40,2500,23,231802,206931,3794,21077
20/01/2021,DKI JAKARTA,3786,33,3770,-17,235588,210701,3827,21060
21/01/2021,DKI JAKARTA,3151,30,2570,551,238739,213271,3857,21611
22/01/2021,DKI JAKARTA,3792,41,2169,1582,242531,215440,3898,23193
23/01/2021,DKI JAKARTA,3285,31,3492,-238,245816,218932,3929,22955
24/01/2021,DKI JAKARTA,3512,39,2328,1145,249328,221260,3968,24100
25/01/2021,DKI JAKARTA,2451,43,2504,-96,251779,223764,4011,24004
26/01/2021,DKI JAKARTA,2313,46,2939,-672,254092,226703,4057,23332
27/01/2021,DKI JAKARTA,1836,34,2970,-1168,255928,229673,4091,22164
28/01/2021,DKI JAKARTA,2889,40,2731,118,258817,232404,4131,22282
29/01/2021,DKI JAKARTA,3448,44,2428,976,262265,234832,4175,23258
30/01/2021,DKI JAKARTA,3491,30,3566,-105,265756,238398,4205,23153
31/01/2021,DKI JAKARTA,3474,42,3355,77,269230,241753,4247,23230
01/02/2021,DKI JAKARTA,3614,45,2352,1217,272844,244105,4292,24447
02/02/2021,DKI JAKARTA,3362,44,4577,-1259,276206,248682,4336,23188
03/02/2021,DKI JAKARTA,3567,44,1391,2132,279773,250073,4380,25320
04/02/2021,DKI JAKARTA,3632,40,3963,-371,283405,254036,4420,24949
05/02/2021,DKI JAKARTA,3340,45,2475,820,286745,256511,4465,25769
06/02/2021,DKI JAKARTA,2379,44,4434,-2099,289124,260945,4509,23670
07/02/2021,DKI JAKARTA,4212,45,4305,-138,293336,265250,4554,23532
08/02/2021,DKI JAKARTA,3142,43,3417,-318,296478,268667,4597,23214
09/02/2021,DKI JAKARTA,3437,57,2786,594,299915,271453,4654,23808
10/02/2021,DKI JAKARTA,3308,43,3245,20,303223,274698,4697,23828
11/02/2021,DKI JAKARTA,2513,51,4097,-1635,305736,278795,4748,22193
12/02/2021,DKI JAKARTA,3807,50,5636,-1879,309543,284431,4798,20314
13/02/2021,DKI JAKARTA,3018,53,5010,-2045,312561,289441,4851,18269
14/02/2021,DKI JAKARTA,2497,48,3977,-1528,315058,293418,4899,16741
15/02/2021,DKI JAKARTA,1879,42,2081,-244,316937,295499,4941,16497
16/02/2021,DKI JAKARTA,1861,62,1580,219,318798,297079,5003,16716
17/02/2021,DKI JAKARTA,1446,31,2591,-1176,320244,299670,5034,15540
18/02/2021,DKI JAKARTA,373,35,2717,-2379,320617,302387,5069,13161
19/02/2021,DKI JAKARTA,1920,6,2759,-845,322537,305146,5075,12316
20/02/2021,DKI JAKARTA,2872,40,2490,342,325409,307636,5115,12658
21/02/2021,DKI JAKARTA,2725,55,2681,-11,328134,310317,5170,12647
22/02/2021,DKI JAKARTA,2466,40,2305,121,330600,312622,5210,12768
23/02/2021,DKI JAKARTA,782,45,2052,-1315,331382,314674,5255,11453
24/02/2021,DKI JAKARTA,782,35,1857,-1110,332164,316531,5290,10343
25/02/2021,DKI JAKARTA,1581,56,2656,-1131,333745,319187,5346,9212
26/02/2021,DKI JAKARTA,1662,42,1864,-244,335407,321051,5388,8968
27/02/2021,DKI JAKARTA,1736,44,1163,529,337143,322214,5432,9497
28/02/2021,DKI JAKARTA,2098,43,891,1164,339241,323105,5475,10661
01/03/2021,DKI JAKARTA,2058,52,3134,-1128,341299,326239,5527,9533
02/03/2021,DKI JAKARTA,577,36,2165,-1624,341876,328404,5563,7909
03/03/2021,DKI JAKARTA,1437,38,2487,-1088,343313,330891,5601,6821
04/03/2021,DKI JAKARTA,2009,46,1750,213,345322,332641,5647,7034
05/03/2021,DKI JAKARTA,1160,45,1290,-175,346482,333931,5692,6859
06/03/2021,DKI JAKARTA,1615,44,1568,3,348097,335499,5736,6862
07/03/2021,DKI JAKARTA,1834,45,1765,24,349931,337264,5781,6886
08/03/2021,DKI JAKARTA,1783,48,1675,60,351714,338939,5829,6946
09/03/2021,DKI JAKARTA,867,45,1643,-821,352581,340582,5874,6125
10/03/2021,DKI JAKARTA,1046,45,1477,-476,353627,342059,5919,5649
11/03/2021,DKI JAKARTA,1754,25,980,749,355381,343039,5944,6398
12/03/2021,DKI JAKARTA,1872,50,1263,559,357253,344302,5994,6957
13/03/2021,DKI JAKARTA,1034,10,577,447,358287,344879,6004,7404
14/03/2021,DKI JAKARTA,1204,36,2367,-1199,359491,347246,6040,6205
15/03/2021,DKI JAKARTA,1555,35,1676,-156,361046,348922,6075,6049
16/03/2021,DKI JAKARTA,835,20,1491,-676,361881,350413,6095,5373
17/03/2021,DKI JAKARTA,1330,3,1183,144,363211,351596,6098,5517
18/03/2021,DKI JAKARTA,1719,20,1168,531,364930,352764,6118,6048
19/03/2021,DKI JAKARTA,1588,24,1175,389,366518,353939,6142,6437
20/03/2021,DKI JAKARTA,1936,22,1184,730,368454,355123,6164,7167
21/03/2021,DKI JAKARTA,1638,23,1884,-269,370092,357007,6187,6898
22/03/2021,DKI JAKARTA,1474,8,1715,-249,371566,358722,6195,6649
23/03/2021,DKI JAKARTA,816,11,1691,-886,372382,360413,6206,5763
24/03/2021,DKI JAKARTA,890,11,1987,-1108,373272,362400,6217,4655
25/03/2021,DKI JAKARTA,1727,12,490,1225,374999,362890,6229,5880
26/03/2021,DKI JAKARTA,1381,11,897,473,376380,363787,6240,6353
27/03/2021,DKI JAKARTA,1354,18,599,737,377734,364386,6258,7090
28/03/2021,DKI JAKARTA,1470,23,1175,272,379204,365561,6281,7362
29/03/2021,DKI JAKARTA,1014,22,1079,-87,380218,366640,6303,7275
30/03/2021,DKI JAKARTA,384,21,1087,-724,380602,367727,6324,6551
31/03/2021,DKI JAKARTA,965,0,1073,-108,381567,368800,6324,6443
01/04/2021,DKI JAKARTA,1337,18,988,331,382904,369788,6342,6774
02/04/2021,DKI JAKARTA,1240,7,1292,-59,384144,371080,6349,6715
03/04/2021,DKI JAKARTA,1098,4,600,494,385242,371680,6353,7209
04/04/2021,DKI JAKARTA,736,6,1600,-870,385978,373280,6359,6339
05/04/2021,DKI JAKARTA,523,4,1187,-668,386501,374467,6363,5671
06/04/2021,DKI JAKARTA,487,4,587,-104,386988,375054,6367,5567
07/04/2021,DKI JAKARTA,862,9,695,158,387850,375749,6376,5725
08/04/2021,DKI JAKARTA,1239,4,485,750,389089,376234,6380,6475
09/04/2021,DKI JAKARTA,1013,10,623,380,390102,376857,6390,6855
10/04/2021,DKI JAKARTA,977,7,856,114,391079,377713,6397,6969
11/04/2021,DKI JAKARTA,1031,7,1396,-372,392110,379109,6404,6597
12/04/2021,DKI JAKARTA,692,7,1357,-672,392802,380466,6411,5925
13/04/2021,DKI JAKARTA,828,6,900,-78,393630,381366,6417,5847
14/04/2021,DKI JAKARTA,661,7,614,40,394291,381980,6424,5887
15/04/2021,DKI JAKARTA,1330,6,690,634,395621,382670,6430,6521
16/04/2021,DKI JAKARTA,980,18,872,90,396601,383542,6448,6611
17/04/2021,DKI JAKARTA,1037,18,999,20,397638,384541,6466,6631
18/04/2021,DKI JAKARTA,950,13,987,-50,398588,385528,6479,6581
02/03/2020,JAWA BARAT,3,0,0,3,3,0,0,3
03/03/2020,JAWA BARAT,1,1,0,0,4,0,1,3
04/03/2020,JAWA BARAT,1,0,0,1,5,0,1,4
05/03/2020,JAWA BARAT,1,0,0,1,6,0,1,5
06/03/2020,JAWA BARAT,1,0,0,1,7,0,1,6
07/03/2020,JAWA BARAT,0,0,0,0,7,0,1,6
08/03/2020,JAWA BARAT,0,0,0,0,7,0,1,6
09/03/2020,JAWA BARAT,0,0,0,0,7,0,1,6
10/03/2020,JAWA BARAT,0,0,0,0,7,0,1,6
11/03/2020,JAWA BARAT,0,1,0,-1,7,0,2,5
12/03/2020,JAWA BARAT,1,0,0,1,8,0,2,6
13/03/2020,JAWA BARAT,4,0,4,0,12,4,2,6
14/03/2020,JAWA BARAT,0,0,0,0,12,4,2,6
15/03/2020,JAWA BARAT,0,0,0,0,12,4,2,6
16/03/2020,JAWA BARAT,1,0,0,1,13,4,2,7
17/03/2020,JAWA BARAT,11,0,0,11,24,4,2,18
18/03/2020,JAWA BARAT,5,1,1,3,29,5,3,21
19/03/2020,JAWA BARAT,7,1,0,6,36,5,4,27
20/03/2020,JAWA BARAT,20,3,0,17,56,5,7,44
21/03/2020,JAWA BARAT,5,0,0,5,61,5,7,49
22/03/2020,JAWA BARAT,3,3,0,0,64,5,10,49
23/03/2020,JAWA BARAT,6,4,0,2,70,5,14,51
24/03/2020,JAWA BARAT,2,2,1,-1,72,6,16,50
25/03/2020,JAWA BARAT,5,0,1,4,77,7,16,54
26/03/2020,JAWA BARAT,8,0,0,8,85,7,16,62
27/03/2020,JAWA BARAT,27,4,0,23,112,7,20,85
28/03/2020,JAWA BARAT,23,2,1,20,135,8,22,105
29/03/2020,JAWA BARAT,33,2,1,30,168,9,24,135
30/03/2020,JAWA BARAT,26,2,3,21,194,12,26,156
31/03/2020,JAWA BARAT,9,0,3,6,203,15,26,162
01/04/2020,JAWA BARAT,27,1,0,26,230,15,27,188
02/04/2020,JAWA BARAT,24,4,1,19,254,16,31,207
03/04/2020,JAWA BARAT,2,1,3,-2,256,19,32,205
04/04/2020,JAWA BARAT,24,2,0,22,280,19,34,227
05/04/2020,JAWA BARAT,10,0,1,9,290,20,34,236
06/04/2020,JAWA BARAT,20,2,1,17,310,21,36,253
07/04/2020,JAWA BARAT,79,2,3,74,389,24,38,327
08/04/2020,JAWA BARAT,24,5,1,18,413,25,43,345
09/04/2020,JAWA BARAT,22,5,1,16,435,26,48,361
10/04/2020,JAWA BARAT,10,0,1,9,445,27,48,370
11/04/2020,JAWA BARAT,45,1,1,43,490,28,49,413
12/04/2020,JAWA BARAT,35,4,3,28,525,31,53,441
13/04/2020,JAWA BARAT,76,10,3,63,601,34,63,504
14/04/2020,JAWA BARAT,6,1,1,4,607,35,64,508
15/04/2020,JAWA BARAT,38,3,1,34,645,36,67,542
16/04/2020,JAWA BARAT,23,1,6,16,668,42,68,558
17/04/2020,JAWA BARAT,61,3,16,42,729,58,71,600
18/04/2020,JAWA BARAT,19,0,2,17,748,60,71,617
19/04/2020,JAWA BARAT,54,1,12,41,802,72,72,658
20/04/2020,JAWA BARAT,27,3,4,20,829,76,75,678
21/04/2020,JAWA BARAT,19,5,19,-5,848,95,80,673
22/04/2020,JAWA BARAT,8,3,3,2,856,98,83,675
23/04/2020,JAWA BARAT,29,3,9,17,885,107,86,692
24/04/2020,JAWA BARAT,74,2,3,69,959,110,88,761
25/04/2020,JAWA BARAT,47,0,4,43,1006,114,88,804
26/04/2020,JAWA BARAT,12,0,1,11,1018,115,88,815
27/04/2020,JAWA BARAT,38,1,3,34,1056,118,89,849
28/04/2020,JAWA BARAT,19,1,6,12,1075,124,90,861
29/04/2020,JAWA BARAT,40,0,7,33,1115,131,90,894
30/04/2020,JAWA BARAT,5,4,31,-30,1120,162,94,864
01/05/2020,JAWA BARAT,4,0,3,1,1124,165,94,865
02/05/2020,JAWA BARAT,36,1,2,33,1160,167,95,898
03/05/2020,JAWA BARAT,14,1,7,6,1174,174,96,904
04/05/2020,JAWA BARAT,182,3,7,172,1356,181,99,1076
05/05/2020,JAWA BARAT,52,1,10,41,1408,191,100,1117
06/05/2020,JAWA BARAT,21,3,8,10,1429,199,103,1127
07/05/2020,JAWA BARAT,53,0,6,47,1482,205,103,1174
08/05/2020,JAWA BARAT,30,2,0,28,1512,205,105,1202
09/05/2020,JAWA BARAT,29,3,19,7,1541,224,108,1209
10/05/2020,JAWA BARAT,0,0,2,-2,1541,226,108,1207
11/05/2020,JAWA BARAT,54,3,11,40,1595,237,111,1247
12/05/2020,JAWA BARAT,54,0,4,50,1649,241,111,1297
13/05/2020,JAWA BARAT,8,0,27,-19,1657,268,111,1278
14/05/2020,JAWA BARAT,11,1,7,3,1668,275,112,1281
15/05/2020,JAWA BARAT,33,1,18,14,1701,293,113,1295
16/05/2020,JAWA BARAT,24,0,3,21,1725,296,113,1316
17/05/2020,JAWA BARAT,32,3,57,-28,1757,353,116,1288
18/05/2020,JAWA BARAT,22,9,74,-61,1779,427,125,1227
19/05/2020,JAWA BARAT,24,1,14,9,1803,441,126,1236
20/05/2020,JAWA BARAT,143,0,2,141,1946,443,126,1377
21/05/2020,JAWA BARAT,68,0,11,57,2014,454,126,1434
22/05/2020,JAWA BARAT,38,2,13,23,2052,467,128,1457
23/05/2020,JAWA BARAT,55,2,40,13,2107,507,130,1470
24/05/2020,JAWA BARAT,49,1,11,37,2156,518,131,1507
25/05/2020,JAWA BARAT,18,0,4,14,2174,522,131,1521
26/05/2020,JAWA BARAT,15,9,21,-15,2189,543,140,1506
27/05/2020,JAWA BARAT,25,5,32,-12,2214,575,145,1494
28/05/2020,JAWA BARAT,26,0,45,-19,2240,620,145,1475
29/05/2020,JAWA BARAT,40,1,6,33,2280,626,146,1508
30/05/2020,JAWA BARAT,20,2,32,-14,2300,658,148,1494
31/05/2020,JAWA BARAT,38,0,8,30,2338,666,148,1524
01/06/2020,JAWA BARAT,41,0,8,33,2379,674,148,1557
02/06/2020,JAWA BARAT,18,7,36,-25,2397,710,155,1532
03/06/2020,JAWA BARAT,4,3,55,-54,2401,765,158,1478
04/06/2020,JAWA BARAT,8,1,20,-13,2409,785,159,1465
05/06/2020,JAWA BARAT,15,3,47,-35,2424,832,162,1430
06/06/2020,JAWA BARAT,13,0,16,-3,2437,848,162,1427
07/06/2020,JAWA BARAT,34,0,106,-72,2471,954,162,1355
08/06/2020,JAWA BARAT,24,3,68,-47,2495,1022,165,1308
09/06/2020,JAWA BARAT,29,0,12,17,2524,1034,165,1325
10/06/2020,JAWA BARAT,49,0,38,11,2573,1072,165,1336
11/06/2020,JAWA BARAT,47,0,20,27,2620,1092,165,1363
12/06/2020,JAWA BARAT,15,0,47,-32,2635,1139,165,1331
13/06/2020,JAWA BARAT,12,0,36,-24,2647,1175,165,1307
14/06/2020,JAWA BARAT,15,0,39,-24,2662,1214,165,1283
15/06/2020,JAWA BARAT,24,1,7,16,2686,1221,166,1299
16/06/2020,JAWA BARAT,37,0,12,25,2723,1233,166,1324
17/06/2020,JAWA BARAT,43,7,28,8,2766,1261,173,1332
18/06/2020,JAWA BARAT,51,2,54,-5,2817,1315,175,1327
19/06/2020,JAWA BARAT,63,0,29,34,2880,1344,175,1361
20/06/2020,JAWA BARAT,19,0,1,18,2899,1345,175,1379
21/06/2020,JAWA BARAT,22,0,2,20,2921,1347,175,1399
22/06/2020,JAWA BARAT,18,0,24,-6,2939,1371,175,1393
23/06/2020,JAWA BARAT,32,0,30,2,2971,1401,175,1395
24/06/2020,JAWA BARAT,46,0,8,38,3017,1409,175,1433
25/06/2020,JAWA BARAT,41,2,57,-18,3058,1466,177,1415
26/06/2020,JAWA BARAT,35,2,109,-76,3093,1575,179,1339
27/06/2020,JAWA BARAT,49,0,14,35,3142,1589,179,1374
28/06/2020,JAWA BARAT,26,0,9,17,3168,1598,179,1391
29/06/2020,JAWA BARAT,42,0,3,39,3210,1601,179,1430
30/06/2020,JAWA BARAT,75,1,84,-10,3285,1685,180,1420
01/07/2020,JAWA BARAT,58,0,15,43,3343,1700,180,1463
02/07/2020,JAWA BARAT,65,0,45,20,3408,1745,180,1483
03/07/2020,JAWA BARAT,32,0,4,28,3440,1749,180,1511
04/07/2020,JAWA BARAT,86,0,23,63,3526,1772,180,1574
05/07/2020,JAWA BARAT,108,0,16,92,3634,1788,180,1666
06/07/2020,JAWA BARAT,129,1,22,106,3763,1810,181,1772
07/07/2020,JAWA BARAT,81,2,44,35,3844,1854,183,1807
08/07/2020,JAWA BARAT,95,2,25,68,3939,1879,185,1875
09/07/2020,JAWA BARAT,964,4,28,932,4903,1907,189,2807
10/07/2020,JAWA BARAT,108,0,33,75,5011,1940,189,2882
11/07/2020,JAWA BARAT,73,1,29,43,5084,1969,190,2925
12/07/2020,JAWA BARAT,44,0,9,35,5128,1978,190,2960
13/07/2020,JAWA BARAT,87,0,19,68,5215,1997,190,3028
14/07/2020,JAWA BARAT,77,1,34,42,5292,2031,191,3070
15/07/2020,JAWA BARAT,74,1,145,-72,5366,2176,192,2998
16/07/2020,JAWA BARAT,40,0,18,22,5406,2194,192,3020
17/07/2020,JAWA BARAT,51,1,33,17,5457,2227,193,3037
18/07/2020,JAWA BARAT,58,1,18,39,5515,2245,194,3076
19/07/2020,JAWA BARAT,24,0,4,20,5539,2249,194,3096
20/07/2020,JAWA BARAT,59,0,96,-37,5598,2345,194,3059
21/07/2020,JAWA BARAT,65,4,32,29,5663,2377,198,3088
22/07/2020,JAWA BARAT,32,0,23,9,5695,2400,198,3097
23/07/2020,JAWA BARAT,63,1,13,49,5758,2413,199,3146
24/07/2020,JAWA BARAT,89,0,19,70,5847,2432,199,3216
25/07/2020,JAWA BARAT,72,0,32,40,5919,2464,199,3256
26/07/2020,JAWA BARAT,50,0,23,27,5969,2487,199,3283
27/07/2020,JAWA BARAT,57,0,406,-349,6026,2893,199,2934
28/07/2020,JAWA BARAT,132,0,606,-474,6158,3499,199,2460
29/07/2020,JAWA BARAT,97,2,48,47,6255,3547,201,2507
30/07/2020,JAWA BARAT,141,2,333,-194,6396,3880,203,2313
31/07/2020,JAWA BARAT,69,0,17,52,6465,3897,203,2365
01/08/2020,JAWA BARAT,59,0,19,40,6524,3916,203,2405
02/08/2020,JAWA BARAT,57,0,7,50,6581,3923,203,2455
03/08/2020,JAWA BARAT,53,0,47,6,6634,3970,203,2461
04/08/2020,JAWA BARAT,93,5,170,-82,6727,4140,208,2379
05/08/2020,JAWA BARAT,124,0,9,115,6851,4149,208,2494
06/08/2020,JAWA BARAT,82,1,32,49,6933,4181,209,2543
07/08/2020,JAWA BARAT,151,4,62,85,7084,4243,213,2628
08/08/2020,JAWA BARAT,241,3,40,198,7325,4283,216,2826
09/08/2020,JAWA BARAT,176,4,66,106,7501,4349,220,2932
10/08/2020,JAWA BARAT,33,0,27,6,7534,4376,220,2938
11/08/2020,JAWA BARAT,92,4,39,49,7626,4415,224,2987
12/08/2020,JAWA BARAT,106,1,70,35,7732,4485,225,3022
13/08/2020,JAWA BARAT,110,1,17,92,7842,4502,226,3114
14/08/2020,JAWA BARAT,362,1,21,340,8204,4523,227,3454
15/08/2020,JAWA BARAT,227,0,36,191,8431,4559,227,3645
16/08/2020,JAWA BARAT,78,2,41,35,8509,4600,229,3680
17/08/2020,JAWA BARAT,44,1,45,-2,8553,4645,230,3678
18/08/2020,JAWA BARAT,45,0,18,27,8598,4663,230,3705
19/08/2020,JAWA BARAT,103,5,50,48,8701,4713,235,3753
20/08/2020,JAWA BARAT,197,2,72,123,8898,4785,237,3876
21/08/2020,JAWA BARAT,93,8,119,-34,8991,4904,245,3842
22/08/2020,JAWA BARAT,153,6,178,-31,9144,5082,251,3811
23/08/2020,JAWA BARAT,68,1,507,-440,9212,5589,252,3371
24/08/2020,JAWA BARAT,132,2,207,-77,9344,5796,254,3294
25/08/2020,JAWA BARAT,256,1,6,249,9600,5802,255,3543
26/08/2020,JAWA BARAT,176,0,30,146,9776,5832,255,3689
27/08/2020,JAWA BARAT,153,0,89,64,9929,5921,255,3753
28/08/2020,JAWA BARAT,557,2,64,491,10486,5985,257,4244
29/08/2020,JAWA BARAT,285,0,8,277,10771,5993,257,4521
30/08/2020,JAWA BARAT,101,0,25,76,10872,6018,257,4597
31/08/2020,JAWA BARAT,146,8,57,81,11018,6075,265,4678
01/09/2020,JAWA BARAT,213,1,47,165,11231,6122,266,4843
02/09/2020,JAWA BARAT,202,1,138,63,11433,6260,267,4906
03/09/2020,JAWA BARAT,236,4,30,202,11669,6290,271,5108
04/09/2020,JAWA BARAT,381,1,83,297,12050,6373,272,5405
05/09/2020,JAWA BARAT,218,0,45,173,12268,6418,272,5578
06/09/2020,JAWA BARAT,171,0,53,118,12439,6471,272,5696
07/09/2020,JAWA BARAT,202,0,88,114,12641,6559,272,5810
08/09/2020,JAWA BARAT,333,2,76,255,12974,6635,274,6065
09/09/2020,JAWA BARAT,284,4,47,233,13258,6682,278,6298
10/09/2020,JAWA BARAT,333,0,111,222,13591,6793,278,6520
11/09/2020,JAWA BARAT,271,7,285,-21,13862,7078,285,6499
12/09/2020,JAWA BARAT,288,1,328,-41,14150,7406,286,6458
13/09/2020,JAWA BARAT,161,5,192,-36,14311,7598,291,6422
14/09/2020,JAWA BARAT,206,0,167,39,14517,7765,291,6461
15/09/2020,JAWA BARAT,354,7,250,97,14871,8015,298,6558
16/09/2020,JAWA BARAT,299,1,207,91,15170,8222,299,6649
17/09/2020,JAWA BARAT,355,4,331,20,15525,8553,303,6669
18/09/2020,JAWA BARAT,347,3,284,60,15872,8837,306,6729
19/09/2020,JAWA BARAT,457,0,552,-95,16329,9389,306,6634
20/09/2020,JAWA BARAT,423,6,402,15,16752,9791,312,6649
21/09/2020,JAWA BARAT,689,2,249,438,17441,10040,314,7087
22/09/2020,JAWA BARAT,600,10,595,-5,18041,10635,324,7082
23/09/2020,JAWA BARAT,512,14,170,328,18553,10805,338,7410
24/09/2020,JAWA BARAT,793,12,252,529,19346,11057,350,7939
25/09/2020,JAWA BARAT,729,13,821,-105,20075,11878,363,7834
26/09/2020,JAWA BARAT,391,16,621,-246,20466,12499,379,7588
27/09/2020,JAWA BARAT,435,2,238,195,20901,12737,381,7783
28/09/2020,JAWA BARAT,492,1,295,196,21393,13032,382,7979
29/09/2020,JAWA BARAT,316,15,113,188,21709,13145,397,8167
30/09/2020,JAWA BARAT,431,15,372,44,22140,13517,412,8211
01/10/2020,JAWA BARAT,577,16,131,430,22717,13648,428,8641
02/10/2020,JAWA BARAT,536,15,186,335,23253,13834,443,8976
03/10/2020,JAWA BARAT,354,15,96,243,23607,13930,458,9219
04/10/2020,JAWA BARAT,246,16,78,152,23853,14008,474,9371
05/10/2020,JAWA BARAT,500,15,792,-307,24353,14800,489,9064
06/10/2020,JAWA BARAT,508,17,205,286,24861,15005,506,9350
07/10/2020,JAWA BARAT,751,13,505,233,25612,15510,519,9583
08/10/2020,JAWA BARAT,591,4,325,262,26203,15835,523,9845
09/10/2020,JAWA BARAT,499,2,550,-53,26702,16385,525,9792
10/10/2020,JAWA BARAT,268,2,390,-124,26970,16775,527,9668
11/10/2020,JAWA BARAT,206,0,553,-347,27176,17328,527,9321
12/10/2020,JAWA BARAT,297,9,238,50,27473,17566,536,9371
13/10/2020,JAWA BARAT,567,0,566,1,28040,18132,536,9372
14/10/2020,JAWA BARAT,444,12,526,-94,28484,18658,548,9278
15/10/2020,JAWA BARAT,599,9,312,278,29083,18970,557,9556
16/10/2020,JAWA BARAT,426,0,384,42,29509,19354,557,9598
17/10/2020,JAWA BARAT,503,0,440,63,30012,19794,557,9661
18/10/2020,JAWA BARAT,211,0,346,-135,30223,20140,557,9526
19/10/2020,JAWA BARAT,515,21,342,152,30738,20482,578,9678
20/10/2020,JAWA BARAT,470,20,211,239,31208,20693,598,9917
21/10/2020,JAWA BARAT,633,16,548,69,31841,21241,614,9986
22/10/2020,JAWA BARAT,722,23,333,366,32563,21574,637,10352
23/10/2020,JAWA BARAT,513,11,318,184,33076,21892,648,10536
24/10/2020,JAWA BARAT,439,19,652,-232,33515,22544,667,10304
25/10/2020,JAWA BARAT,356,11,464,-119,33871,23008,678,10185
26/10/2020,JAWA BARAT,441,14,441,-14,34312,23449,692,10171
27/10/2020,JAWA BARAT,395,14,556,-175,34707,24005,706,9996
28/10/2020,JAWA BARAT,407,7,372,28,35114,24377,713,10024
29/10/2020,JAWA BARAT,458,0,490,-32,35572,24867,713,9992
30/10/2020,JAWA BARAT,321,4,350,-33,35893,25217,717,9959
31/10/2020,JAWA BARAT,422,1,290,131,36315,25507,718,10090
01/11/2020,JAWA BARAT,244,2,625,-383,36559,26132,720,9707
02/11/2020,JAWA BARAT,334,11,385,-62,36893,26517,731,9645
03/11/2020,JAWA BARAT,482,5,392,85,37375,26909,736,9730
04/11/2020,JAWA BARAT,525,16,282,227,37900,27191,752,9957
05/11/2020,JAWA BARAT,639,9,396,234,38539,27587,761,10191
06/11/2020,JAWA BARAT,587,0,462,125,39126,28049,761,10316
07/11/2020,JAWA BARAT,477,0,458,19,39603,28507,761,10335
08/11/2020,JAWA BARAT,479,1,622,-144,40082,29129,762,10191
09/11/2020,JAWA BARAT,330,3,915,-588,40412,30044,765,9603
10/11/2020,JAWA BARAT,748,6,899,-157,41160,30943,771,9446
11/11/2020,JAWA BARAT,668,5,435,228,41828,31378,776,9674
12/11/2020,JAWA BARAT,734,21,628,85,42562,32006,797,9759
13/11/2020,JAWA BARAT,800,5,396,399,43362,32402,802,10158
14/11/2020,JAWA BARAT,808,2,474,332,44170,32876,804,10490
15/11/2020,JAWA BARAT,308,0,995,-687,44478,33871,804,9803
16/11/2020,JAWA BARAT,558,19,654,-115,45036,34525,823,9688
17/11/2020,JAWA BARAT,646,23,906,-283,45682,35431,846,9405
18/11/2020,JAWA BARAT,367,4,884,-521,46049,36315,850,8884
19/11/2020,JAWA BARAT,397,8,636,-247,46446,36951,858,8637
20/11/2020,JAWA BARAT,872,1,102,769,47318,37053,859,9406
21/11/2020,JAWA BARAT,364,0,626,-262,47682,37679,859,9144
22/11/2020,JAWA BARAT,374,0,153,221,48056,37832,859,9365
23/11/2020,JAWA BARAT,602,0,928,-326,48658,38760,859,9039
24/11/2020,JAWA BARAT,299,4,452,-157,48957,39212,863,8882
25/11/2020,JAWA BARAT,741,7,717,17,49698,39929,870,8899
26/11/2020,JAWA BARAT,775,4,831,-60,50473,40760,874,8839
27/11/2020,JAWA BARAT,699,5,735,-41,51172,41495,879,8798
28/11/2020,JAWA BARAT,367,5,1020,-658,51539,42515,884,8140
29/11/2020,JAWA BARAT,228,9,891,-672,51767,43406,893,7468
30/11/2020,JAWA BARAT,741,12,727,2,52508,44133,905,7470
01/12/2020,JAWA BARAT,878,12,836,30,53386,44969,917,7500
02/12/2020,JAWA BARAT,764,4,335,425,54150,45304,921,7925
03/12/2020,JAWA BARAT,1648,22,851,775,55798,46155,943,8700
04/12/2020,JAWA BARAT,992,2,814,176,56790,46969,945,8876
05/12/2020,JAWA BARAT,1086,2,592,492,57876,47561,947,9368
06/12/2020,JAWA BARAT,1388,7,1203,178,59264,48764,954,9546
07/12/2020,JAWA BARAT,1171,8,1216,-53,60435,49980,962,9493
08/12/2020,JAWA BARAT,731,6,533,192,61166,50513,968,9685
09/12/2020,JAWA BARAT,908,20,545,343,62074,51058,988,10028
10/12/2020,JAWA BARAT,960,33,691,236,63034,51749,1021,10264
11/12/2020,JAWA BARAT,1029,20,926,83,64063,52675,1041,10347
12/12/2020,JAWA BARAT,1283,2,910,371,65346,53585,1043,10718
13/12/2020,JAWA BARAT,855,5,629,221,66201,54214,1048,10939
14/12/2020,JAWA BARAT,600,14,817,-231,66801,55031,1062,10708
15/12/2020,JAWA BARAT,1256,6,1175,75,68057,56206,1068,10783
16/12/2020,JAWA BARAT,1434,4,1018,412,69491,57224,1072,11195
17/12/2020,JAWA BARAT,1277,13,897,367,70768,58121,1085,11562
18/12/2020,JAWA BARAT,987,1,831,155,71755,58952,1086,11717
19/12/2020,JAWA BARAT,1132,1,736,395,72887,59688,1087,12112
20/12/2020,JAWA BARAT,1052,1,1186,-135,73939,60874,1088,11977
21/12/2020,JAWA BARAT,716,4,629,83,74655,61503,1092,12060
22/12/2020,JAWA BARAT,925,3,771,151,75580,62274,1095,12211
23/12/2020,JAWA BARAT,903,2,940,-39,76483,63214,1097,12172
24/12/2020,JAWA BARAT,702,10,516,176,77185,63730,1107,12348
25/12/2020,JAWA BARAT,903,0,716,187,78088,64446,1107,12535
26/12/2020,JAWA BARAT,601,0,676,-75,78689,65122,1107,12460
27/12/2020,JAWA BARAT,892,43,1172,-323,79581,66294,1150,12137
28/12/2020,JAWA BARAT,403,0,828,-425,79984,67122,1150,11712
29/12/2020,JAWA BARAT,1329,2,1156,171,81313,68278,1152,11883
30/12/2020,JAWA BARAT,1233,2,1181,50,82546,69459,1154,11933
31/12/2020,JAWA BARAT,1024,11,1245,-232,83570,70704,1165,11701
01/01/2021,JAWA BARAT,1504,3,1205,296,85074,71909,1168,11997
02/01/2021,JAWA BARAT,1167,1,914,252,86241,72823,1169,12249
03/01/2021,JAWA BARAT,1232,2,1114,116,87473,73937,1171,12365
04/01/2021,JAWA BARAT,1079,2,1041,36,88552,74978,1173,12401
05/01/2021,JAWA BARAT,1100,8,1081,11,89652,76059,1181,12412
06/01/2021,JAWA BARAT,1470,11,1362,97,91122,77421,1192,12509
07/01/2021,JAWA BARAT,1416,2,1203,211,92538,78624,1194,12720
08/01/2021,JAWA BARAT,1824,4,911,909,94362,79535,1198,13629
09/01/2021,JAWA BARAT,1731,6,1176,549,96093,80711,1204,14178
10/01/2021,JAWA BARAT,1467,8,949,510,97560,81660,1212,14688
11/01/2021,JAWA BARAT,1475,11,1059,405,99035,82719,1223,15093
12/01/2021,JAWA BARAT,1540,15,965,560,100575,83684,1238,15653
13/01/2021,JAWA BARAT,1755,11,1059,685,102330,84743,1249,16338
14/01/2021,JAWA BARAT,2202,11,1348,843,104532,86091,1260,17181
15/01/2021,JAWA BARAT,3095,27,1091,1977,107627,87182,1287,19158
16/01/2021,JAWA BARAT,3460,42,2142,1276,111087,89324,1329,20434
17/01/2021,JAWA BARAT,1491,11,1581,-101,112578,90905,1340,20333
18/01/2021,JAWA BARAT,1486,28,1624,-166,114064,92529,1368,20167
19/01/2021,JAWA BARAT,1684,24,1362,298,115748,93891,1392,20465
20/01/2021,JAWA BARAT,1814,13,1489,312,117562,95380,1405,20777
21/01/2021,JAWA BARAT,1228,73,1593,-438,118790,96973,1478,20339
22/01/2021,JAWA BARAT,2441,8,1360,1073,121231,98333,1486,21412
23/01/2021,JAWA BARAT,1809,16,2116,-323,123040,100449,1502,21089
24/01/2021,JAWA BARAT,2328,8,1766,554,125368,102215,1510,21643
25/01/2021,JAWA BARAT,2022,2,1232,788,127390,103447,1512,22431
26/01/2021,JAWA BARAT,3925,13,2247,1665,131315,105694,1525,24096
27/01/2021,JAWA BARAT,3198,105,1796,1297,134513,107490,1630,25393
28/01/2021,JAWA BARAT,4534,163,2288,2083,139047,109778,1793,27476
29/01/2021,JAWA BARAT,3834,5,2235,1594,142881,112013,1798,29070
30/01/2021,JAWA BARAT,4601,28,2661,1912,147482,114674,1826,30982
31/01/2021,JAWA BARAT,2848,62,2459,327,150330,117133,1888,31309
01/02/2021,JAWA BARAT,2969,5,2544,420,153299,119677,1893,31729
02/02/2021,JAWA BARAT,2068,78,2308,-318,155367,121985,1971,31411
03/02/2021,JAWA BARAT,2241,10,1892,339,157608,123877,1981,31750
04/02/2021,JAWA BARAT,2020,17,2361,-358,159628,126238,1998,31392
05/02/2021,JAWA BARAT,2117,28,2674,-585,161745,128912,2026,30807
06/02/2021,JAWA BARAT,3971,4,3114,853,165716,132026,2030,31660
07/02/2021,JAWA BARAT,1987,2,2085,-100,167703,134111,2032,31560
08/02/2021,JAWA BARAT,1498,12,3219,-1733,169201,137330,2044,29827
09/02/2021,JAWA BARAT,776,17,2127,-1368,169977,139457,2061,28459
10/02/2021,JAWA BARAT,661,16,1059,-414,170638,140516,2077,28045
11/02/2021,JAWA BARAT,1060,18,1127,-85,171698,141643,2095,27960
12/02/2021,JAWA BARAT,683,5,1582,-904,172381,143225,2100,27056
13/02/2021,JAWA BARAT,1736,2,2483,-749,174117,145708,2102,26307
14/02/2021,JAWA BARAT,881,6,1687,-812,174998,147395,2108,25495
15/02/2021,JAWA BARAT,947,5,1266,-324,175945,148661,2113,25171
16/02/2021,JAWA BARAT,4032,14,2100,1918,179977,150761,2127,27089
17/02/2021,JAWA BARAT,4333,3,2703,1627,184310,153464,2130,28716
18/02/2021,JAWA BARAT,4210,9,3344,857,188520,156808,2139,29573
19/02/2021,JAWA BARAT,3846,25,2553,1268,192366,159361,2164,30841
20/02/2021,JAWA BARAT,974,5,1528,-559,193340,160889,2169,30282
21/02/2021,JAWA BARAT,1021,4,1623,-606,194361,162512,2173,29676
22/02/2021,JAWA BARAT,3812,16,2831,965,198173,165343,2189,30641
23/02/2021,JAWA BARAT,4334,23,2048,2263,202507,167391,2212,32904
24/02/2021,JAWA BARAT,2192,7,1376,809,204699,168767,2219,33713
25/02/2021,JAWA BARAT,2544,73,1086,1385,207243,169853,2292,35098
26/02/2021,JAWA BARAT,2314,7,867,1440,209557,170720,2299,36538
27/02/2021,JAWA BARAT,876,5,651,220,210433,171371,2304,36758
28/02/2021,JAWA BARAT,771,51,535,185,211204,171906,2355,36943
01/03/2021,JAWA BARAT,1662,4,1692,-34,212866,173598,2359,36909
02/03/2021,JAWA BARAT,1654,49,2236,-631,214520,175834,2408,36278
03/03/2021,JAWA BARAT,1895,49,2257,-411,216415,178091,2457,35867
04/03/2021,JAWA BARAT,1731,45,1191,495,218146,179282,2502,36362
05/03/2021,JAWA BARAT,1785,7,1686,92,219931,180968,2509,36454
06/03/2021,JAWA BARAT,1094,1,1325,-232,221025,182293,2510,36222
07/03/2021,JAWA BARAT,1366,2,538,826,222391,182831,2512,37048
08/03/2021,JAWA BARAT,1739,72,1942,-275,224130,184773,2584,36773
09/03/2021,JAWA BARAT,1787,50,1005,732,225917,185778,2634,37505
10/03/2021,JAWA BARAT,1570,24,1245,301,227487,187023,2658,37806
11/03/2021,JAWA BARAT,781,6,4212,-3437,228268,191235,2664,34369
12/03/2021,JAWA BARAT,1357,43,2499,-1185,229625,193734,2707,33184
13/03/2021,JAWA BARAT,925,2,1587,-664,230550,195321,2709,32520
14/03/2021,JAWA BARAT,1133,6,944,183,231683,196265,2715,32703
15/03/2021,JAWA BARAT,1334,20,1572,-258,233017,197837,2735,32445
16/03/2021,JAWA BARAT,1617,35,2142,-560,234634,199979,2770,31885
17/03/2021,JAWA BARAT,1347,36,4157,-2846,235981,204136,2806,29039
18/03/2021,JAWA BARAT,1261,44,1189,28,237242,205325,2850,29067
19/03/2021,JAWA BARAT,1361,34,957,370,238603,206282,2884,29437
20/03/2021,JAWA BARAT,822,7,1712,-897,239425,207994,2891,28540
21/03/2021,JAWA BARAT,517,21,1325,-829,239942,209319,2912,27711
22/03/2021,JAWA BARAT,1253,48,1062,143,241195,210381,2960,27854
23/03/2021,JAWA BARAT,1216,41,1392,-217,242411,211773,3001,27637
24/03/2021,JAWA BARAT,1329,7,2469,-1147,243740,214242,3008,26490
25/03/2021,JAWA BARAT,1172,12,1147,13,244912,215389,3020,26503
26/03/2021,JAWA BARAT,855,1,1495,-641,245767,216884,3021,25862
27/03/2021,JAWA BARAT,476,102,1183,-809,246243,218067,3123,25053
28/03/2021,JAWA BARAT,534,7,839,-312,246777,218906,3130,24741
29/03/2021,JAWA BARAT,1610,6,1370,234,248387,220276,3136,24975
30/03/2021,JAWA BARAT,911,8,1042,-139,249298,221318,3144,24836
31/03/2021,JAWA BARAT,975,6,723,246,250273,222041,3150,25082
01/04/2021,JAWA BARAT,904,75,1157,-328,251177,223198,3225,24754
02/04/2021,JAWA BARAT,661,5,482,174,251838,223680,3230,24928
03/04/2021,JAWA BARAT,360,5,389,-34,252198,224069,3235,24894
04/04/2021,JAWA BARAT,338,4,294,40,252536,224363,3239,24934
05/04/2021,JAWA BARAT,910,5,692,213,253446,225055,3244,25147
06/04/2021,JAWA BARAT,964,69,653,242,254410,225708,3313,25389
07/04/2021,JAWA BARAT,811,2,726,83,255221,226434,3315,25472
08/04/2021,JAWA BARAT,673,13,1182,-522,255894,227616,3328,24950
09/04/2021,JAWA BARAT,931,22,452,457,256825,228068,3350,25407
10/04/2021,JAWA BARAT,997,7,477,513,257822,228545,3357,25920
11/04/2021,JAWA BARAT,747,5,665,77,258569,229210,3362,25997
12/04/2021,JAWA BARAT,1470,25,362,1083,260039,229572,3387,27080
13/04/2021,JAWA BARAT,1456,23,1116,317,261495,230688,3410,27397
14/04/2021,JAWA BARAT,1568,17,637,914,263063,231325,3427,28311
15/04/2021,JAWA BARAT,1216,42,1351,-177,264279,232676,3469,28134
16/04/2021,JAWA BARAT,998,5,612,381,265277,233288,3474,28515
17/04/2021,JAWA BARAT,832,9,696,127,266109,233984,3483,28642
18/04/2021,JAWA BARAT,769,9,407,353,266878,234391,3492,28995
08/01/2020,JAWA TIMUR,9,3,1,5,9,1,3,5
09/01/2020,JAWA TIMUR,0,1,23,-24,9,24,4,-19
10/01/2020,JAWA TIMUR,0,1,14,-15,9,38,5,-34
11/01/2020,JAWA TIMUR,0,3,8,-11,9,46,8,-45
12/01/2020,JAWA TIMUR,0,3,1,-4,9,47,11,-49
13/01/2020,JAWA TIMUR,0,0,0,0,9,47,11,-49
14/01/2020,JAWA TIMUR,0,0,0,0,9,47,11,-49
15/01/2020,JAWA TIMUR,0,0,0,0,9,47,11,-49
16/01/2020,JAWA TIMUR,0,0,0,0,9,47,11,-49
17/01/2020,JAWA TIMUR,0,0,4,-4,9,51,11,-53
18/01/2020,JAWA TIMUR,0,0,8,-8,9,59,11,-61
19/01/2020,JAWA TIMUR,0,0,0,0,9,59,11,-61
20/01/2020,JAWA TIMUR,0,0,0,0,9,59,11,-61
21/01/2020,JAWA TIMUR,0,0,0,0,9,59,11,-61
22/01/2020,JAWA TIMUR,0,0,0,0,9,59,11,-61
23/01/2020,JAWA TIMUR,0,0,0,0,9,59,11,-61
24/01/2020,JAWA TIMUR,0,0,0,0,9,59,11,-61
25/01/2020,JAWA TIMUR,0,0,0,0,9,59,11,-61
26/01/2020,JAWA TIMUR,0,0,0,0,9,59,11,-61
27/01/2020,JAWA TIMUR,0,0,0,0,9,59,11,-61
28/01/2020,JAWA TIMUR,0,0,0,0,9,59,11,-61
29/01/2020,JAWA TIMUR,0,0,0,0,9,59,11,-61
30/01/2020,JAWA TIMUR,0,0,0,0,9,59,11,-61
31/01/2020,JAWA TIMUR,0,0,0,0,9,59,11,-61
01/02/2020,JAWA TIMUR,0,0,0,0,9,59,11,-61
02/02/2020,JAWA TIMUR,0,0,0,0,9,59,11,-61
03/02/2020,JAWA TIMUR,0,0,2,-2,9,61,11,-63
04/02/2020,JAWA TIMUR,0,0,0,0,9,61,11,-63
05/02/2020,JAWA TIMUR,0,0,0,0,9,61,11,-63
06/02/2020,JAWA TIMUR,0,0,4,-4,9,65,11,-67
07/02/2020,JAWA TIMUR,0,0,0,0,9,65,11,-67
08/02/2020,JAWA TIMUR,0,0,13,-13,9,78,11,-80
09/02/2020,JAWA TIMUR,0,4,27,-31,9,105,15,-111
10/02/2020,JAWA TIMUR,0,0,20,-20,9,125,15,-131
11/02/2020,JAWA TIMUR,0,3,7,-10,9,132,18,-141
12/02/2020,JAWA TIMUR,0,5,0,-5,9,132,23,-146
13/02/2020,JAWA TIMUR,0,0,0,0,9,132,23,-146
14/02/2020,JAWA TIMUR,0,0,0,0,9,132,23,-146
15/02/2020,JAWA TIMUR,0,0,0,0,9,132,23,-146
16/02/2020,JAWA TIMUR,0,0,0,0,9,132,23,-146
17/02/2020,JAWA TIMUR,0,0,0,0,9,132,23,-146
18/02/2020,JAWA TIMUR,0,0,0,0,9,132,23,-146
19/02/2020,JAWA TIMUR,0,0,0,0,9,132,23,-146
20/02/2020,JAWA TIMUR,0,0,0,0,9,132,23,-146
21/02/2020,JAWA TIMUR,0,0,0,0,9,132,23,-146
22/02/2020,JAWA TIMUR,0,0,0,0,9,132,23,-146
23/02/2020,JAWA TIMUR,0,0,0,0,9,132,23,-146
24/02/2020,JAWA TIMUR,0,0,0,0,9,132,23,-146
25/02/2020,JAWA TIMUR,0,0,0,0,9,132,23,-146
26/02/2020,JAWA TIMUR,0,0,0,0,9,132,23,-146
27/02/2020,JAWA TIMUR,0,0,0,0,9,132,23,-146
28/02/2020,JAWA TIMUR,0,0,0,0,9,132,23,-146
29/02/2020,JAWA TIMUR,0,0,0,0,9,132,23,-146
01/03/2020,JAWA TIMUR,0,0,0,0,9,132,23,-146
02/03/2020,JAWA TIMUR,0,0,0,0,9,132,23,-146
03/03/2020,JAWA TIMUR,0,0,0,0,9,132,23,-146
04/03/2020,JAWA TIMUR,0,0,0,0,9,132,23,-146
05/03/2020,JAWA TIMUR,0,0,0,0,9,132,23,-146
06/03/2020,JAWA TIMUR,0,0,0,0,9,132,23,-146
07/03/2020,JAWA TIMUR,0,0,0,0,9,132,23,-146
08/03/2020,JAWA TIMUR,0,2,0,-2,9,132,25,-148
09/03/2020,JAWA TIMUR,0,2,27,-29,9,159,27,-177
10/03/2020,JAWA TIMUR,0,1,19,-20,9,178,28,-197
11/03/2020,JAWA TIMUR,0,0,9,-9,9,187,28,-206
12/03/2020,JAWA TIMUR,0,2,8,-10,9,195,30,-216
13/03/2020,JAWA TIMUR,0,0,0,0,9,195,30,-216
14/03/2020,JAWA TIMUR,0,0,0,0,9,195,30,-216
15/03/2020,JAWA TIMUR,0,0,0,0,9,195,30,-216
16/03/2020,JAWA TIMUR,0,0,0,0,9,195,30,-216
17/03/2020,JAWA TIMUR,0,0,0,0,9,195,30,-216
18/03/2020,JAWA TIMUR,7,1,0,6,16,195,31,-210
19/03/2020,JAWA TIMUR,3,0,0,3,19,195,31,-207
20/03/2020,JAWA TIMUR,9,0,0,9,28,195,31,-198
21/03/2020,JAWA TIMUR,8,0,0,8,36,195,31,-190
22/03/2020,JAWA TIMUR,14,0,0,14,50,195,31,-176
23/03/2020,JAWA TIMUR,2,1,0,1,52,195,32,-175
24/03/2020,JAWA TIMUR,3,1,0,2,55,195,33,-173
25/03/2020,JAWA TIMUR,9,0,1,8,64,196,33,-165
26/03/2020,JAWA TIMUR,13,1,0,12,77,196,34,-153
27/03/2020,JAWA TIMUR,3,1,0,2,80,196,35,-151
28/03/2020,JAWA TIMUR,14,2,2,10,94,198,37,-141
29/03/2020,JAWA TIMUR,12,1,28,-17,106,226,38,-158
30/03/2020,JAWA TIMUR,7,2,0,5,113,226,40,-153
31/03/2020,JAWA TIMUR,1,0,0,1,114,226,40,-152
01/04/2020,JAWA TIMUR,9,4,77,-72,123,303,44,-224
02/04/2020,JAWA TIMUR,0,12,91,-103,123,394,56,-327
03/04/2020,JAWA TIMUR,47,1,7,39,170,401,57,-288
04/04/2020,JAWA TIMUR,5,2,3,0,175,404,59,-288
05/04/2020,JAWA TIMUR,35,2,8,25,210,412,61,-263
06/04/2020,JAWA TIMUR,9,5,11,-7,219,423,66,-270
07/04/2020,JAWA TIMUR,5,5,2,-2,224,425,71,-272
08/04/2020,JAWA TIMUR,15,24,15,-24,239,440,95,-296
09/04/2020,JAWA TIMUR,36,12,43,-19,275,483,107,-315
10/04/2020,JAWA TIMUR,30,4,34,-8,305,517,111,-323
11/04/2020,JAWA TIMUR,15,9,27,-21,320,544,120,-344
12/04/2020,JAWA TIMUR,111,1,7,103,431,551,121,-241
13/04/2020,JAWA TIMUR,52,3,6,43,483,557,124,-198
14/04/2020,JAWA TIMUR,36,2,10,24,519,567,126,-174
15/04/2020,JAWA TIMUR,25,4,4,17,544,571,130,-157
16/04/2020,JAWA TIMUR,13,5,3,5,557,574,135,-152
17/04/2020,JAWA TIMUR,10,6,3,1,567,577,141,-151
18/04/2020,JAWA TIMUR,34,3,7,24,601,584,144,-127
19/04/2020,JAWA TIMUR,43,6,2,35,644,586,150,-92
20/04/2020,JAWA TIMUR,5,3,1,1,649,587,153,-91
21/04/2020,JAWA TIMUR,10,5,2,3,659,589,158,-88
22/04/2020,JAWA TIMUR,36,5,30,1,695,619,163,-87
23/04/2020,JAWA TIMUR,27,4,12,11,722,631,167,-76
24/04/2020,JAWA TIMUR,20,11,14,-5,742,645,178,-81
25/04/2020,JAWA TIMUR,75,7,19,49,817,664,185,-32
26/04/2020,JAWA TIMUR,19,8,4,7,836,668,193,-25
27/04/2020,JAWA TIMUR,12,5,9,-2,848,677,198,-27
28/04/2020,JAWA TIMUR,58,1,21,36,906,698,199,9
29/04/2020,JAWA TIMUR,20,3,10,7,926,708,202,16
30/04/2020,JAWA TIMUR,75,5,8,62,1001,716,207,78
01/05/2020,JAWA TIMUR,83,5,33,45,1084,749,212,123
02/05/2020,JAWA TIMUR,7,10,46,-49,1091,795,222,74
03/05/2020,JAWA TIMUR,77,6,9,62,1168,804,228,136
04/05/2020,JAWA TIMUR,13,8,7,-2,1181,811,236,134
05/05/2020,JAWA TIMUR,41,7,21,13,1222,832,243,147
06/05/2020,JAWA TIMUR,48,13,11,24,1270,843,256,171
07/05/2020,JAWA TIMUR,34,14,9,11,1304,852,270,182
08/05/2020,JAWA TIMUR,30,19,46,-35,1334,898,289,147
09/05/2020,JAWA TIMUR,158,12,63,83,1492,961,301,230
10/05/2020,JAWA TIMUR,78,7,48,23,1570,1009,308,253
11/05/2020,JAWA TIMUR,54,13,70,-29,1624,1079,321,224
12/05/2020,JAWA TIMUR,111,11,28,72,1735,1107,332,296
13/05/2020,JAWA TIMUR,141,7,47,87,1876,1154,339,383
14/05/2020,JAWA TIMUR,85,14,17,54,1961,1171,353,437
15/05/2020,JAWA TIMUR,57,13,12,32,2018,1183,366,469
16/05/2020,JAWA TIMUR,168,11,24,133,2186,1207,377,602
17/05/2020,JAWA TIMUR,57,11,30,16,2243,1237,388,618
18/05/2020,JAWA TIMUR,124,13,15,96,2367,1252,401,714
19/05/2020,JAWA TIMUR,84,13,48,23,2451,1300,414,737
20/05/2020,JAWA TIMUR,124,19,43,62,2575,1343,433,799
21/05/2020,JAWA TIMUR,431,14,13,404,3006,1356,447,1203
22/05/2020,JAWA TIMUR,155,9,51,95,3161,1407,456,1298
23/05/2020,JAWA TIMUR,465,21,90,354,3626,1497,477,1652
24/05/2020,JAWA TIMUR,72,11,55,6,3698,1552,488,1658
25/05/2020,JAWA TIMUR,200,15,34,151,3898,1586,503,1809
26/05/2020,JAWA TIMUR,86,14,67,5,3984,1653,517,1814
27/05/2020,JAWA TIMUR,166,15,44,107,4150,1697,532,1921
28/05/2020,JAWA TIMUR,168,13,55,100,4318,1752,545,2021
29/05/2020,JAWA TIMUR,132,8,52,72,4450,1804,553,2093
30/05/2020,JAWA TIMUR,180,12,54,114,4630,1858,565,2207
31/05/2020,JAWA TIMUR,232,16,203,13,4862,2061,581,2220
01/06/2020,JAWA TIMUR,95,16,96,-17,4957,2157,597,2203
02/06/2020,JAWA TIMUR,171,19,298,-146,5128,2455,616,2057
03/06/2020,JAWA TIMUR,173,14,304,-145,5301,2759,630,1912
04/06/2020,JAWA TIMUR,108,15,179,-86,5409,2938,645,1826
05/06/2020,JAWA TIMUR,144,22,172,-50,5553,3110,667,1776
06/06/2020,JAWA TIMUR,84,19,117,-52,5637,3227,686,1724
07/06/2020,JAWA TIMUR,271,18,147,106,5908,3374,704,1830
08/06/2020,JAWA TIMUR,319,21,160,138,6227,3534,725,1968
09/06/2020,JAWA TIMUR,189,25,127,37,6416,3661,750,2005
10/06/2020,JAWA TIMUR,275,29,203,43,6691,3864,779,2048
11/06/2020,JAWA TIMUR,251,33,88,130,6942,3952,812,2178
12/06/2020,JAWA TIMUR,245,29,185,31,7187,4137,841,2209
13/06/2020,JAWA TIMUR,219,23,93,103,7406,4230,864,2312
14/06/2020,JAWA TIMUR,194,22,63,109,7600,4293,886,2421
15/06/2020,JAWA TIMUR,312,30,95,187,7912,4388,916,2608
16/06/2020,JAWA TIMUR,205,22,59,124,8117,4447,938,2732
17/06/2020,JAWA TIMUR,210,27,239,-56,8327,4686,965,2676
18/06/2020,JAWA TIMUR,319,23,269,27,8646,4955,988,2703
19/06/2020,JAWA TIMUR,196,22,115,59,8842,5070,1010,2762
20/06/2020,JAWA TIMUR,300,18,257,25,9142,5327,1028,2787
21/06/2020,JAWA TIMUR,131,16,126,-11,9273,5453,1044,2776
22/06/2020,JAWA TIMUR,329,11,116,202,9602,5569,1055,2978
23/06/2020,JAWA TIMUR,241,17,130,94,9843,5699,1072,3072
24/06/2020,JAWA TIMUR,183,19,161,3,10026,5860,1091,3075
25/06/2020,JAWA TIMUR,304,23,135,146,10330,5995,1114,3221
26/06/2020,JAWA TIMUR,360,32,186,142,10690,6181,1146,3363
27/06/2020,JAWA TIMUR,287,24,107,156,10977,6288,1170,3519
28/06/2020,JAWA TIMUR,236,21,182,33,11213,6470,1191,3552
29/06/2020,JAWA TIMUR,226,21,102,103,11439,6572,1212,3655
30/06/2020,JAWA TIMUR,394,23,199,172,11833,6771,1235,3827
01/07/2020,JAWA TIMUR,305,25,116,164,12138,6887,1260,3991
02/07/2020,JAWA TIMUR,342,28,222,92,12480,7109,1288,4083
03/07/2020,JAWA TIMUR,372,20,160,192,12852,7269,1308,4275
04/07/2020,JAWA TIMUR,384,31,155,198,13236,7424,1339,4473
05/07/2020,JAWA TIMUR,411,14,262,135,13647,7686,1353,4608
06/07/2020,JAWA TIMUR,280,18,219,43,13927,7905,1371,4651
07/07/2020,JAWA TIMUR,321,21,153,147,14248,8058,1392,4798
08/07/2020,JAWA TIMUR,393,16,164,213,14641,8222,1408,5011
09/07/2020,JAWA TIMUR,416,26,181,209,15057,8403,1434,5220
10/07/2020,JAWA TIMUR,295,17,311,-33,15352,8714,1451,5187
11/07/2020,JAWA TIMUR,392,19,310,63,15744,9024,1470,5250
12/07/2020,JAWA TIMUR,388,21,261,106,16132,9285,1491,5356
13/07/2020,JAWA TIMUR,197,22,165,10,16329,9450,1513,5366
14/07/2020,JAWA TIMUR,278,26,272,-20,16607,9722,1539,5346
15/07/2020,JAWA TIMUR,261,39,315,-93,16868,10037,1578,5253
16/07/2020,JAWA TIMUR,191,17,254,-80,17059,10291,1595,5173
17/07/2020,JAWA TIMUR,249,21,306,-78,17308,10597,1616,5095
18/07/2020,JAWA TIMUR,257,26,224,7,17565,10821,1642,5102
19/07/2020,JAWA TIMUR,302,44,285,-27,17867,11106,1686,5075
20/07/2020,JAWA TIMUR,287,26,257,4,18154,11363,1712,5079
21/07/2020,JAWA TIMUR,305,25,370,-90,18459,11733,1737,4989
22/07/2020,JAWA TIMUR,359,32,311,16,18818,12044,1769,5005
23/07/2020,JAWA TIMUR,323,37,363,-77,19141,12407,1806,4928
24/07/2020,JAWA TIMUR,563,30,350,183,19704,12757,1836,5111
25/07/2020,JAWA TIMUR,270,22,353,-105,19974,13110,1858,5006
26/07/2020,JAWA TIMUR,302,33,260,9,20276,13370,1891,5015
27/07/2020,JAWA TIMUR,286,18,309,-41,20562,13679,1909,4974
28/07/2020,JAWA TIMUR,273,31,311,-69,20835,13990,1940,4905
29/07/2020,JAWA TIMUR,286,19,366,-99,21121,14356,1959,4806
30/07/2020,JAWA TIMUR,315,20,283,12,21436,14639,1979,4818
31/07/2020,JAWA TIMUR,294,22,261,11,21730,14900,2001,4829
01/08/2020,JAWA TIMUR,581,19,238,324,22311,15138,2020,5153
02/08/2020,JAWA TIMUR,330,23,220,87,22641,15358,2043,5240
03/08/2020,JAWA TIMUR,321,17,258,46,22962,15616,2060,5286
04/08/2020,JAWA TIMUR,391,19,246,126,23353,15862,2079,5412
05/08/2020,JAWA TIMUR,414,11,347,56,23767,16209,2090,5468
06/08/2020,JAWA TIMUR,265,19,490,-244,24032,16699,2109,5224
07/08/2020,JAWA TIMUR,365,21,576,-232,24397,17275,2130,4992
08/08/2020,JAWA TIMUR,402,24,345,33,24799,17620,2154,5025
09/08/2020,JAWA TIMUR,367,29,317,21,25166,17937,2183,5046
10/08/2020,JAWA TIMUR,298,18,382,-102,25464,18319,2201,4944
11/08/2020,JAWA TIMUR,288,23,277,-12,25752,18596,2224,4932
12/08/2020,JAWA TIMUR,298,34,450,-186,26050,19046,2258,4746
13/08/2020,JAWA TIMUR,327,36,569,-278,26377,19615,2294,4468
14/08/2020,JAWA TIMUR,402,41,359,2,26779,19974,2335,4470
15/08/2020,JAWA TIMUR,416,27,366,23,27195,20340,2362,4493
16/08/2020,JAWA TIMUR,471,23,390,58,27666,20730,2385,4551
17/08/2020,JAWA TIMUR,313,27,389,-103,27979,21119,2412,4448
18/08/2020,JAWA TIMUR,318,24,363,-69,28297,21482,2436,4379
19/08/2020,JAWA TIMUR,338,27,485,-174,28635,21967,2463,4205
20/08/2020,JAWA TIMUR,366,25,368,-27,29001,22335,2488,4178
21/08/2020,JAWA TIMUR,451,39,367,45,29452,22702,2527,4223
22/08/2020,JAWA TIMUR,343,30,382,-69,29795,23084,2557,4154
23/08/2020,JAWA TIMUR,282,28,369,-115,30077,23453,2585,4039
24/08/2020,JAWA TIMUR,340,22,491,-173,30417,23944,2607,3866
25/08/2020,JAWA TIMUR,364,20,460,-116,30781,24404,2627,3750
26/08/2020,JAWA TIMUR,322,31,398,-107,31103,24802,2658,3643
27/08/2020,JAWA TIMUR,362,31,353,-22,31465,25155,2689,3621
28/08/2020,JAWA TIMUR,424,32,337,55,31889,25492,2721,3676
29/08/2020,JAWA TIMUR,616,25,264,327,32505,25756,2746,4003
30/08/2020,JAWA TIMUR,458,34,398,26,32963,26154,2780,4029
31/08/2020,JAWA TIMUR,315,38,493,-216,33278,26647,2818,3813
01/09/2020,JAWA TIMUR,351,19,405,-73,33629,27052,2837,3740
02/09/2020,JAWA TIMUR,359,17,361,-19,33988,27413,2854,3721
03/09/2020,JAWA TIMUR,371,34,331,6,34359,27744,2888,3727
04/09/2020,JAWA TIMUR,330,43,347,-60,34689,28091,2931,3667
05/09/2020,JAWA TIMUR,322,26,336,-40,35011,28427,2957,3627
06/09/2020,JAWA TIMUR,306,32,391,-117,35317,28818,2989,3510
07/09/2020,JAWA TIMUR,290,26,375,-111,35607,29193,3015,3399
08/09/2020,JAWA TIMUR,425,28,348,49,36032,29541,3043,3448
09/09/2020,JAWA TIMUR,356,40,391,-75,36388,29932,3083,3373
10/09/2020,JAWA TIMUR,370,27,316,27,36758,30248,3110,3400
11/09/2020,JAWA TIMUR,370,34,359,-23,37128,30607,3144,3377
12/09/2020,JAWA TIMUR,364,24,442,-102,37492,31049,3168,3275
13/09/2020,JAWA TIMUR,236,30,711,-505,37728,31760,3198,2770
14/09/2020,JAWA TIMUR,358,31,346,-19,38086,32106,3229,2751
15/09/2020,JAWA TIMUR,371,24,346,1,38457,32452,3253,2752
16/09/2020,JAWA TIMUR,357,24,340,-7,38814,32792,3277,2745
17/09/2020,JAWA TIMUR,323,29,333,-39,39137,33125,3306,2706
18/09/2020,JAWA TIMUR,488,23,538,-73,39625,33663,3329,2633
19/09/2020,JAWA TIMUR,351,31,353,-33,39976,34016,3360,2600
20/09/2020,JAWA TIMUR,350,21,321,8,40326,34337,3381,2608
21/09/2020,JAWA TIMUR,336,16,286,34,40662,34623,3397,2642
22/09/2020,JAWA TIMUR,336,22,379,-65,40998,35002,3419,2577
23/09/2020,JAWA TIMUR,342,23,335,-16,41340,35337,3442,2561
24/09/2020,JAWA TIMUR,359,24,364,-29,41699,35701,3466,2532
25/09/2020,JAWA TIMUR,285,22,374,-111,41984,36075,3488,2421
26/09/2020,JAWA TIMUR,269,17,344,-92,42253,36419,3505,2329
27/09/2020,JAWA TIMUR,197,19,460,-282,42450,36879,3524,2047
28/09/2020,JAWA TIMUR,280,22,451,-193,42730,37330,3546,1854
29/09/2020,JAWA TIMUR,275,24,322,-71,43005,37652,3570,1783
30/09/2020,JAWA TIMUR,531,51,565,-85,43536,38217,3621,1698
01/10/2020,JAWA TIMUR,601,22,372,207,44137,38589,3643,1905
02/10/2020,JAWA TIMUR,269,22,363,-116,44406,38952,3665,1789
03/10/2020,JAWA TIMUR,319,15,343,-39,44725,39295,3680,1750
04/10/2020,JAWA TIMUR,238,18,331,-111,44963,39626,3698,1639
05/10/2020,JAWA TIMUR,245,8,290,-53,45208,39916,3706,1586
06/10/2020,JAWA TIMUR,275,9,247,19,45483,40163,3715,1605
07/10/2020,JAWA TIMUR,326,23,299,4,45809,40462,3738,1609
08/10/2020,JAWA TIMUR,343,20,328,-5,46152,40790,3758,1604
09/10/2020,JAWA TIMUR,303,25,378,-100,46455,41168,3783,1504
10/10/2020,JAWA TIMUR,310,20,371,-81,46765,41539,3803,1423
11/10/2020,JAWA TIMUR,260,15,317,-72,47025,41856,3818,1351
12/10/2020,JAWA TIMUR,297,19,317,-39,47322,42173,3837,1312
13/10/2020,JAWA TIMUR,330,22,365,-57,47652,42538,3859,1255
14/10/2020,JAWA TIMUR,300,21,346,-67,47952,42884,3880,1188
15/10/2020,JAWA TIMUR,294,20,372,-98,48246,43256,3900,1090
16/10/2020,JAWA TIMUR,286,21,402,-137,48532,43658,3921,953
17/10/2020,JAWA TIMUR,250,22,382,-154,48782,44040,3943,799
18/10/2020,JAWA TIMUR,236,21,318,-103,49018,44358,3964,696
19/10/2020,JAWA TIMUR,232,21,351,-140,49250,44709,3985,556
20/10/2020,JAWA TIMUR,295,12,339,-56,49545,45048,3997,500
21/10/2020,JAWA TIMUR,332,17,342,-27,49877,45390,4014,473
22/10/2020,JAWA TIMUR,272,22,380,-130,50149,45770,4036,343
23/10/2020,JAWA TIMUR,282,22,376,-116,50431,46146,4058,227
24/10/2020,JAWA TIMUR,292,18,349,-75,50723,46495,4076,152
25/10/2020,JAWA TIMUR,246,18,269,-41,50969,46764,4094,111
26/10/2020,JAWA TIMUR,288,13,285,-10,51257,47049,4107,101
27/10/2020,JAWA TIMUR,286,11,270,5,51543,47319,4118,106
28/10/2020,JAWA TIMUR,232,15,260,-43,51775,47579,4133,63
29/10/2020,JAWA TIMUR,242,15,282,-55,52017,47861,4148,8
30/10/2020,JAWA TIMUR,218,46,542,-370,52235,48403,4194,-362
31/10/2020,JAWA TIMUR,225,22,277,-74,52460,48680,4216,-436
01/11/2020,JAWA TIMUR,627,23,345,259,53087,49025,4239,-177
02/11/2020,JAWA TIMUR,284,12,291,-19,53371,49316,4251,-196
03/11/2020,JAWA TIMUR,261,24,280,-43,53632,49596,4275,-239
04/11/2020,JAWA TIMUR,231,15,280,-64,53863,49876,4290,-303
05/11/2020,JAWA TIMUR,270,9,274,-13,54133,50150,4299,-316
06/11/2020,JAWA TIMUR,261,13,308,-60,54394,50458,4312,-376
07/11/2020,JAWA TIMUR,269,24,284,-39,54663,50742,4336,-415
08/11/2020,JAWA TIMUR,279,21,275,-17,54942,51017,4357,-432
09/11/2020,JAWA TIMUR,243,29,277,-63,55185,51294,4386,-495
10/11/2020,JAWA TIMUR,303,25,311,-33,55488,51605,4411,-528
11/11/2020,JAWA TIMUR,185,21,272,-108,55673,51877,4432,-636
12/11/2020,JAWA TIMUR,233,24,238,-29,55906,52115,4456,-665
13/11/2020,JAWA TIMUR,224,21,291,-88,56130,52406,4477,-753
14/11/2020,JAWA TIMUR,240,21,303,-84,56370,52709,4498,-837
15/11/2020,JAWA TIMUR,189,10,278,-99,56559,52987,4508,-936
16/11/2020,JAWA TIMUR,263,30,259,-26,56822,53246,4538,-962
17/11/2020,JAWA TIMUR,317,29,248,40,57139,53494,4567,-922
18/11/2020,JAWA TIMUR,372,18,283,71,57511,53777,4585,-851
19/11/2020,JAWA TIMUR,408,33,248,127,57919,54025,4618,-724
20/11/2020,JAWA TIMUR,361,26,305,30,58280,54330,4644,-694
21/11/2020,JAWA TIMUR,354,22,265,67,58634,54595,4666,-627
22/11/2020,JAWA TIMUR,274,27,276,-29,58908,54871,4693,-656
23/11/2020,JAWA TIMUR,341,29,268,44,59249,55139,4722,-612
24/11/2020,JAWA TIMUR,331,29,259,43,59580,55398,4751,-569
25/11/2020,JAWA TIMUR,378,35,284,59,59958,55682,4786,-510
26/11/2020,JAWA TIMUR,361,34,283,44,60319,55965,4820,-466
27/11/2020,JAWA TIMUR,375,43,338,-6,60694,56303,4863,-472
28/11/2020,JAWA TIMUR,442,32,395,15,61136,56698,4895,-457
29/11/2020,JAWA TIMUR,393,32,267,94,61529,56965,4927,-363
30/11/2020,JAWA TIMUR,389,94,675,-380,61918,57640,5021,-743
01/12/2020,JAWA TIMUR,419,30,403,-14,62337,58043,5051,-757
02/12/2020,JAWA TIMUR,462,23,317,122,62799,58360,5074,-635
03/12/2020,JAWA TIMUR,532,36,372,124,63331,58732,5110,-511
04/12/2020,JAWA TIMUR,586,17,364,205,63917,59096,5127,-306
05/12/2020,JAWA TIMUR,541,27,395,119,64458,59491,5154,-187
06/12/2020,JAWA TIMUR,536,31,351,154,64994,59842,5185,-33
07/12/2020,JAWA TIMUR,572,30,397,145,65566,60239,5215,112
08/12/2020,JAWA TIMUR,572,45,541,-14,66138,60780,5260,98
09/12/2020,JAWA TIMUR,670,47,526,97,66808,61306,5307,195
10/12/2020,JAWA TIMUR,726,31,610,85,67534,61916,5338,280
11/12/2020,JAWA TIMUR,812,32,444,336,68346,62360,5370,616
12/12/2020,JAWA TIMUR,765,49,451,265,69111,62811,5419,881
13/12/2020,JAWA TIMUR,708,30,563,115,69819,63374,5449,996
14/12/2020,JAWA TIMUR,704,22,501,181,70523,63875,5471,1177
15/12/2020,JAWA TIMUR,705,47,747,-89,71228,64622,5518,1088
16/12/2020,JAWA TIMUR,724,45,463,216,71952,65085,5563,1304
17/12/2020,JAWA TIMUR,832,36,612,184,72784,65697,5599,1488
18/12/2020,JAWA TIMUR,831,45,599,187,73615,66296,5644,1675
19/12/2020,JAWA TIMUR,736,50,518,168,74351,66814,5694,1843
20/12/2020,JAWA TIMUR,643,45,725,-127,74994,67539,5739,1716
21/12/2020,JAWA TIMUR,803,34,600,169,75797,68139,5773,1885
22/12/2020,JAWA TIMUR,705,47,618,40,76502,68757,5820,1925
23/12/2020,JAWA TIMUR,812,44,648,120,77314,69405,5864,2045
24/12/2020,JAWA TIMUR,731,55,668,8,78045,70073,5919,2053
25/12/2020,JAWA TIMUR,734,55,514,165,78779,70587,5974,2218
26/12/2020,JAWA TIMUR,779,48,647,84,79558,71234,6022,2302
27/12/2020,JAWA TIMUR,675,39,543,93,80233,71777,6061,2395
28/12/2020,JAWA TIMUR,813,62,602,149,81046,72379,6123,2544
29/12/2020,JAWA TIMUR,765,57,661,47,81811,73040,6180,2591
30/12/2020,JAWA TIMUR,957,58,744,155,82768,73784,6238,2746
31/12/2020,JAWA TIMUR,1644,163,1258,223,84412,75042,6401,2969
01/01/2021,JAWA TIMUR,862,64,641,157,85274,75683,6465,3126
02/01/2021,JAWA TIMUR,763,71,677,15,86037,76360,6536,3141
03/01/2021,JAWA TIMUR,570,49,535,-14,86607,76895,6585,3127
04/01/2021,JAWA TIMUR,673,49,501,123,87280,77396,6634,3250
05/01/2021,JAWA TIMUR,675,61,501,113,87955,77897,6695,3363
06/01/2021,JAWA TIMUR,800,50,906,-156,88755,78803,6745,3207
07/01/2021,JAWA TIMUR,879,82,561,236,89634,79364,6827,3443
08/01/2021,JAWA TIMUR,977,69,625,283,90611,79989,6896,3726
09/01/2021,JAWA TIMUR,1015,49,591,375,91626,80580,6945,4101
10/01/2021,JAWA TIMUR,946,55,818,73,92572,81398,7000,4174
11/01/2021,JAWA TIMUR,844,46,485,313,93416,81883,7046,4487
12/01/2021,JAWA TIMUR,832,68,726,38,94248,82609,7114,4525
13/01/2021,JAWA TIMUR,885,75,883,-73,95133,83492,7189,4452
14/01/2021,JAWA TIMUR,1007,66,766,175,96140,84258,7255,4627
15/01/2021,JAWA TIMUR,1256,69,788,399,97396,85046,7324,5026
16/01/2021,JAWA TIMUR,1219,47,708,464,98615,85754,7371,5490
17/01/2021,JAWA TIMUR,906,50,766,90,99521,86520,7421,5580
18/01/2021,JAWA TIMUR,863,39,705,119,100384,87225,7460,5699
19/01/2021,JAWA TIMUR,946,52,675,219,101330,87900,7512,5918
20/01/2021,JAWA TIMUR,940,59,700,181,102270,88600,7571,6099
21/01/2021,JAWA TIMUR,1122,52,914,156,103392,89514,7623,6255
22/01/2021,JAWA TIMUR,1046,52,813,181,104438,90327,7675,6436
23/01/2021,JAWA TIMUR,935,33,887,15,105373,91214,7708,6451
24/01/2021,JAWA TIMUR,895,44,765,86,106268,91979,7752,6537
25/01/2021,JAWA TIMUR,890,35,726,129,107158,92705,7787,6666
26/01/2021,JAWA TIMUR,933,56,744,133,108091,93449,7843,6799
27/01/2021,JAWA TIMUR,1089,44,771,274,109180,94220,7887,7073
28/01/2021,JAWA TIMUR,1035,44,753,238,110215,94973,7931,7311
29/01/2021,JAWA TIMUR,997,33,933,31,111212,95906,7964,7342
30/01/2021,JAWA TIMUR,854,38,804,12,112066,96710,8002,7354
31/01/2021,JAWA TIMUR,851,33,710,108,112917,97420,8035,7462
01/02/2021,JAWA TIMUR,669,36,929,-296,113586,98349,8071,7166
02/02/2021,JAWA TIMUR,809,49,922,-162,114395,99271,8120,7004
03/02/2021,JAWA TIMUR,719,64,662,-7,115114,99933,8184,6997
04/02/2021,JAWA TIMUR,595,57,874,-336,115709,100807,8241,6661
05/02/2021,JAWA TIMUR,753,61,836,-144,116462,101643,8302,6517
06/02/2021,JAWA TIMUR,693,61,678,-46,117155,102321,8363,6471
07/02/2021,JAWA TIMUR,569,30,697,-158,117724,103018,8393,6313
08/02/2021,JAWA TIMUR,666,26,753,-113,118390,103771,8419,6200
09/02/2021,JAWA TIMUR,447,23,268,156,118837,104039,8442,6356
10/02/2021,JAWA TIMUR,605,17,308,280,119442,104347,8459,6636
11/02/2021,JAWA TIMUR,1052,44,461,547,120494,104808,8503,7183
12/02/2021,JAWA TIMUR,778,90,560,128,121272,105368,8593,7311
13/02/2021,JAWA TIMUR,559,29,392,138,121831,105760,8622,7449
14/02/2021,JAWA TIMUR,516,37,395,84,122347,106155,8659,7533
15/02/2021,JAWA TIMUR,432,35,474,-77,122779,106629,8694,7456
16/02/2021,JAWA TIMUR,473,14,287,172,123252,106916,8708,7628
17/02/2021,JAWA TIMUR,579,12,264,303,123831,107180,8720,7931
18/02/2021,JAWA TIMUR,559,19,385,155,124390,107565,8739,8086
19/02/2021,JAWA TIMUR,571,22,635,-86,124961,108200,8761,8000
20/02/2021,JAWA TIMUR,625,29,555,41,125586,108755,8790,8041
21/02/2021,JAWA TIMUR,446,25,525,-104,126032,109280,8815,7937
22/02/2021,JAWA TIMUR,434,41,631,-238,126466,109911,8856,7699
23/02/2021,JAWA TIMUR,546,34,492,20,127012,110403,8890,7719
24/02/2021,JAWA TIMUR,580,30,697,-147,127592,111100,8920,7572
25/02/2021,JAWA TIMUR,556,37,553,-34,128148,111653,8957,7538
26/02/2021,JAWA TIMUR,543,19,600,-76,128691,112253,8976,7462
27/02/2021,JAWA TIMUR,445,18,444,-17,129136,112697,8994,7445
28/02/2021,JAWA TIMUR,324,25,555,-256,129460,113252,9019,7189
01/03/2021,JAWA TIMUR,341,20,421,-100,129801,113673,9039,7089
02/03/2021,JAWA TIMUR,412,20,653,-261,130213,114326,9059,6828
03/03/2021,JAWA TIMUR,430,24,481,-75,130643,114807,9083,6753
04/03/2021,JAWA TIMUR,404,20,440,-56,131047,115247,9103,6697
05/03/2021,JAWA TIMUR,404,16,447,-59,131451,115694,9119,6638
06/03/2021,JAWA TIMUR,393,24,467,-98,131844,116161,9143,6540
07/03/2021,JAWA TIMUR,328,15,380,-67,132172,116541,9158,6473
08/03/2021,JAWA TIMUR,328,23,408,-103,132500,116949,9181,6370
09/03/2021,JAWA TIMUR,391,21,434,-64,132891,117383,9202,6306
10/03/2021,JAWA TIMUR,400,18,481,-99,133291,117864,9220,6207
11/03/2021,JAWA TIMUR,341,16,385,-60,133632,118249,9236,6147
12/03/2021,JAWA TIMUR,339,15,348,-24,133971,118597,9251,6123
13/03/2021,JAWA TIMUR,346,18,362,-34,134317,118959,9269,6089
14/03/2021,JAWA TIMUR,278,14,214,50,134595,119173,9283,6139
15/03/2021,JAWA TIMUR,257,20,293,-56,134852,119466,9303,6083
16/03/2021,JAWA TIMUR,291,24,248,19,135143,119714,9327,6102
17/03/2021,JAWA TIMUR,321,88,1005,-772,135464,120719,9415,5330
18/03/2021,JAWA TIMUR,339,39,819,-519,135803,121538,9454,4811
19/03/2021,JAWA TIMUR,305,46,357,-98,136108,121895,9500,4713
20/03/2021,JAWA TIMUR,289,74,332,-117,136397,122227,9574,4596
21/03/2021,JAWA TIMUR,292,20,462,-190,136689,122689,9594,4406
22/03/2021,JAWA TIMUR,270,28,322,-80,136959,123011,9622,4326
23/03/2021,JAWA TIMUR,238,27,374,-163,137197,123385,9649,4163
24/03/2021,JAWA TIMUR,289,23,564,-298,137486,123949,9672,3865
25/03/2021,JAWA TIMUR,348,21,345,-18,137834,124294,9693,3847
26/03/2021,JAWA TIMUR,340,25,402,-87,138174,124696,9718,3760
27/03/2021,JAWA TIMUR,275,17,452,-194,138449,125148,9735,3566
28/03/2021,JAWA TIMUR,266,19,339,-92,138715,125487,9754,3474
29/03/2021,JAWA TIMUR,251,30,814,-593,138966,126301,9784,2881
30/03/2021,JAWA TIMUR,279,31,422,-174,139245,126723,9815,2707
31/03/2021,JAWA TIMUR,301,36,273,-8,139546,126996,9851,2699
01/04/2021,JAWA TIMUR,281,24,233,24,139827,127229,9875,2723
02/04/2021,JAWA TIMUR,274,25,228,21,140101,127457,9900,2744
03/04/2021,JAWA TIMUR,230,20,220,-10,140331,127677,9920,2734
04/04/2021,JAWA TIMUR,221,21,196,4,140552,127873,9941,2738
05/04/2021,JAWA TIMUR,230,30,233,-33,140782,128106,9971,2705
06/04/2021,JAWA TIMUR,295,24,215,56,141077,128321,9995,2761
07/04/2021,JAWA TIMUR,346,45,370,-69,141423,128691,10040,2692
08/04/2021,JAWA TIMUR,297,25,219,53,141720,128910,10065,2745
09/04/2021,JAWA TIMUR,308,19,249,40,142028,129159,10084,2785
10/04/2021,JAWA TIMUR,277,28,225,24,142305,129384,10112,2809
11/04/2021,JAWA TIMUR,249,23,359,-133,142554,129743,10135,2676
12/04/2021,JAWA TIMUR,251,34,251,-34,142805,129994,10169,2642
13/04/2021,JAWA TIMUR,249,32,223,-6,143054,130217,10201,2636
14/04/2021,JAWA TIMUR,262,23,265,-26,143316,130482,10224,2610
15/04/2021,JAWA TIMUR,294,26,228,40,143610,130710,10250,2650
16/04/2021,JAWA TIMUR,290,22,244,24,143900,130954,10272,2674
17/04/2021,JAWA TIMUR,285,26,250,9,144185,131204,10298,2683
18/04/2021,JAWA TIMUR,241,19,224,-2,144426,131428,10317,2681
18/03/2020,JAWA TENGAH,1,1,0,0,1,0,1,0
19/03/2020,JAWA TENGAH,1,0,0,1,2,0,1,1
20/03/2020,JAWA TENGAH,2,0,0,2,4,0,1,3
21/03/2020,JAWA TENGAH,1,1,0,0,5,0,2,3
22/03/2020,JAWA TENGAH,0,0,0,0,5,0,2,3
23/03/2020,JAWA TENGAH,3,0,0,3,8,0,2,6
24/03/2020,JAWA TENGAH,1,1,0,0,9,0,3,6
25/03/2020,JAWA TENGAH,18,1,0,17,27,0,4,23
26/03/2020,JAWA TENGAH,2,0,1,1,29,1,4,24
27/03/2020,JAWA TENGAH,4,0,0,4,33,1,4,28
28/03/2020,JAWA TENGAH,12,1,2,9,45,3,5,37
29/03/2020,JAWA TENGAH,7,2,0,5,52,3,7,42
30/03/2020,JAWA TENGAH,14,1,0,13,66,3,8,55
31/03/2020,JAWA TENGAH,12,2,0,10,78,3,10,65
01/04/2020,JAWA TENGAH,8,7,15,-14,86,18,17,51
02/04/2020,JAWA TENGAH,0,2,1,-3,86,19,19,48
03/04/2020,JAWA TENGAH,13,1,4,8,99,23,20,56
04/04/2020,JAWA TENGAH,8,1,3,4,107,26,21,60
05/04/2020,JAWA TENGAH,0,0,0,0,107,26,21,60
06/04/2020,JAWA TENGAH,12,4,1,7,119,27,25,67
07/04/2020,JAWA TENGAH,1,0,0,1,120,27,25,68
08/04/2020,JAWA TENGAH,7,2,2,3,127,29,27,71
09/04/2020,JAWA TENGAH,4,1,3,0,131,32,28,71
10/04/2020,JAWA TENGAH,0,0,0,0,131,32,28,71
11/04/2020,JAWA TENGAH,0,1,0,-1,131,32,29,70
12/04/2020,JAWA TENGAH,56,0,1,55,187,33,29,125
13/04/2020,JAWA TENGAH,3,1,0,2,190,33,30,127
14/04/2020,JAWA TENGAH,75,1,1,73,265,34,31,200
15/04/2020,JAWA TENGAH,13,2,1,10,278,35,33,210
16/04/2020,JAWA TENGAH,8,2,2,4,286,37,35,214
17/04/2020,JAWA TENGAH,5,4,14,-13,291,51,39,201
18/04/2020,JAWA TENGAH,24,0,5,19,315,56,39,220
19/04/2020,JAWA TENGAH,21,2,0,19,336,56,41,239
20/04/2020,JAWA TENGAH,3,1,2,0,339,58,42,239
21/04/2020,JAWA TENGAH,99,1,1,97,438,59,43,336
22/04/2020,JAWA TENGAH,30,1,7,22,468,66,44,358
23/04/2020,JAWA TENGAH,59,1,4,54,527,70,45,412
24/04/2020,JAWA TENGAH,37,3,1,33,564,71,48,445
25/04/2020,JAWA TENGAH,46,1,8,37,610,79,49,482
26/04/2020,JAWA TENGAH,28,0,0,28,638,79,49,510
27/04/2020,JAWA TENGAH,17,1,10,6,655,89,50,516
28/04/2020,JAWA TENGAH,16,0,13,3,671,102,50,519
29/04/2020,JAWA TENGAH,29,2,4,23,700,106,52,542
30/04/2020,JAWA TENGAH,15,1,5,9,715,111,53,551
01/05/2020,JAWA TENGAH,22,1,6,15,737,117,54,566
02/05/2020,JAWA TENGAH,19,0,8,11,756,125,54,577
03/05/2020,JAWA TENGAH,9,1,8,0,765,133,55,577
04/05/2020,JAWA TENGAH,22,0,6,16,787,139,55,593
05/05/2020,JAWA TENGAH,49,0,15,34,836,154,55,627
06/05/2020,JAWA TENGAH,44,1,25,18,880,179,56,645
07/05/2020,JAWA TENGAH,13,1,13,-1,893,192,57,644
08/05/2020,JAWA TENGAH,28,0,30,-2,921,222,57,642
09/05/2020,JAWA TENGAH,26,2,11,13,947,233,59,655
10/05/2020,JAWA TENGAH,19,1,0,18,966,233,60,673
11/05/2020,JAWA TENGAH,2,0,3,-1,968,236,60,672
12/05/2020,JAWA TENGAH,9,1,0,8,977,236,61,680
13/05/2020,JAWA TENGAH,32,0,1,31,1009,237,61,711
14/05/2020,JAWA TENGAH,46,0,1,45,1055,238,61,756
15/05/2020,JAWA TENGAH,43,0,5,38,1098,243,61,794
16/05/2020,JAWA TENGAH,31,0,0,31,1129,243,61,825
17/05/2020,JAWA TENGAH,17,0,0,17,1146,243,61,842
18/05/2020,JAWA TENGAH,8,0,5,3,1154,248,61,845
19/05/2020,JAWA TENGAH,10,0,0,10,1164,248,61,855
20/05/2020,JAWA TENGAH,17,0,1,16,1181,249,61,871
21/05/2020,JAWA TENGAH,25,0,3,22,1206,252,61,893
22/05/2020,JAWA TENGAH,17,0,0,17,1223,252,61,910
23/05/2020,JAWA TENGAH,54,0,0,54,1277,252,61,964
24/05/2020,JAWA TENGAH,21,0,4,17,1298,256,61,981
25/05/2020,JAWA TENGAH,2,0,1,1,1300,257,61,982
26/05/2020,JAWA TENGAH,4,0,16,-12,1304,273,61,970
27/05/2020,JAWA TENGAH,11,0,0,11,1315,273,61,981
28/05/2020,JAWA TENGAH,10,0,0,10,1325,273,61,991
29/05/2020,JAWA TENGAH,14,0,57,-43,1339,330,61,948
30/05/2020,JAWA TENGAH,16,0,20,-4,1355,350,61,944
31/05/2020,JAWA TENGAH,37,0,6,31,1392,356,61,975
01/06/2020,JAWA TENGAH,14,1,9,4,1406,365,62,979
02/06/2020,JAWA TENGAH,15,0,2,13,1421,367,62,992
03/06/2020,JAWA TENGAH,22,1,1,20,1443,368,63,1012
04/06/2020,JAWA TENGAH,24,0,4,20,1467,372,63,1032
05/06/2020,JAWA TENGAH,58,6,36,16,1525,408,69,1048
06/06/2020,JAWA TENGAH,27,0,5,22,1552,413,69,1070
07/06/2020,JAWA TENGAH,51,22,10,19,1603,423,91,1089
08/06/2020,JAWA TENGAH,27,0,33,-6,1630,456,91,1083
09/06/2020,JAWA TENGAH,32,5,81,-54,1662,537,96,1029
10/06/2020,JAWA TENGAH,139,0,116,23,1801,653,96,1052
11/06/2020,JAWA TENGAH,19,0,5,14,1820,658,96,1066
12/06/2020,JAWA TENGAH,44,0,45,-1,1864,703,96,1065
13/06/2020,JAWA TENGAH,71,0,26,45,1935,729,96,1110
14/06/2020,JAWA TENGAH,113,1,25,87,2048,754,97,1197
15/06/2020,JAWA TENGAH,116,18,38,60,2164,792,115,1257
16/06/2020,JAWA TENGAH,56,0,20,36,2220,812,115,1293
17/06/2020,JAWA TENGAH,115,0,63,52,2335,875,115,1345
18/06/2020,JAWA TENGAH,45,10,21,14,2380,896,125,1359
19/06/2020,JAWA TENGAH,80,13,20,47,2460,916,138,1406
20/06/2020,JAWA TENGAH,98,0,23,75,2558,939,138,1481
21/06/2020,JAWA TENGAH,99,0,26,73,2657,965,138,1554
22/06/2020,JAWA TENGAH,49,1,26,22,2706,991,139,1576
23/06/2020,JAWA TENGAH,49,4,44,1,2755,1035,143,1577
24/06/2020,JAWA TENGAH,76,2,12,62,2831,1047,145,1639
25/06/2020,JAWA TENGAH,78,0,0,78,2909,1047,145,1717
26/06/2020,JAWA TENGAH,178,0,0,178,3087,1047,145,1895
27/06/2020,JAWA TENGAH,198,0,18,180,3285,1065,145,2075
28/06/2020,JAWA TENGAH,188,0,11,177,3473,1076,145,2252
29/06/2020,JAWA TENGAH,198,0,56,142,3671,1132,145,2394
30/06/2020,JAWA TENGAH,152,21,146,-15,3823,1278,166,2379
01/07/2020,JAWA TENGAH,173,1,92,80,3996,1370,167,2459
02/07/2020,JAWA TENGAH,153,0,4,149,4149,1374,167,2608
03/07/2020,JAWA TENGAH,134,12,86,36,4283,1460,179,2644
04/07/2020,JAWA TENGAH,110,19,105,-14,4393,1565,198,2630
05/07/2020,JAWA TENGAH,209,15,20,174,4602,1585,213,2804
06/07/2020,JAWA TENGAH,127,17,58,52,4729,1643,230,2856
07/07/2020,JAWA TENGAH,139,2,69,68,4868,1712,232,2924
08/07/2020,JAWA TENGAH,205,14,89,102,5073,1801,246,3026
09/07/2020,JAWA TENGAH,120,1,13,106,5193,1814,247,3132
10/07/2020,JAWA TENGAH,101,20,173,-92,5294,1987,267,3040
11/07/2020,JAWA TENGAH,100,3,2,95,5394,1989,270,3135
12/07/2020,JAWA TENGAH,71,9,9,53,5465,1998,279,3188
13/07/2020,JAWA TENGAH,100,5,15,80,5565,2013,284,3268
14/07/2020,JAWA TENGAH,80,3,6,71,5645,2019,287,3339
15/07/2020,JAWA TENGAH,262,6,79,177,5907,2098,293,3516
16/07/2020,JAWA TENGAH,213,5,215,-7,6120,2313,298,3509
17/07/2020,JAWA TENGAH,238,0,182,56,6358,2495,298,3565
18/07/2020,JAWA TENGAH,260,0,260,0,6618,2755,298,3565
19/07/2020,JAWA TENGAH,299,27,401,-129,6917,3156,325,3436
20/07/2020,JAWA TENGAH,350,36,287,27,7267,3443,361,3463
21/07/2020,JAWA TENGAH,119,15,138,-34,7386,3581,376,3429
22/07/2020,JAWA TENGAH,317,67,131,119,7703,3712,443,3548
23/07/2020,JAWA TENGAH,294,58,103,133,7997,3815,501,3681
24/07/2020,JAWA TENGAH,124,40,98,-14,8121,3913,541,3667
25/07/2020,JAWA TENGAH,191,8,110,73,8312,4023,549,3740
26/07/2020,JAWA TENGAH,94,14,141,-61,8406,4164,563,3679
27/07/2020,JAWA TENGAH,210,1,154,55,8616,4318,564,3734
28/07/2020,JAWA TENGAH,185,12,306,-133,8801,4624,576,3601
29/07/2020,JAWA TENGAH,313,18,278,17,9114,4902,594,3618
30/07/2020,JAWA TENGAH,163,18,337,-192,9277,5239,612,3426
31/07/2020,JAWA TENGAH,235,8,74,153,9512,5313,620,3579
01/08/2020,JAWA TENGAH,142,16,297,-171,9654,5610,636,3408
02/08/2020,JAWA TENGAH,73,24,134,-85,9727,5744,660,3323
03/08/2020,JAWA TENGAH,96,2,120,-26,9823,5864,662,3297
04/08/2020,JAWA TENGAH,60,1,93,-34,9883,5957,663,3263
05/08/2020,JAWA TENGAH,148,15,154,-21,10031,6111,678,3242
06/08/2020,JAWA TENGAH,116,20,176,-80,10147,6287,698,3162
07/08/2020,JAWA TENGAH,232,8,191,33,10379,6478,706,3195
08/08/2020,JAWA TENGAH,88,12,67,9,10467,6545,718,3204
09/08/2020,JAWA TENGAH,140,3,62,75,10607,6607,721,3279
10/08/2020,JAWA TENGAH,67,5,158,-96,10674,6765,726,3183
11/08/2020,JAWA TENGAH,86,3,90,-7,10760,6855,729,3176
12/08/2020,JAWA TENGAH,179,20,131,28,10939,6986,749,3204
13/08/2020,JAWA TENGAH,204,14,106,84,11143,7092,763,3288
14/08/2020,JAWA TENGAH,192,10,52,130,11335,7144,773,3418
15/08/2020,JAWA TENGAH,131,5,58,68,11466,7202,778,3486
16/08/2020,JAWA TENGAH,168,7,61,100,11634,7263,785,3586
17/08/2020,JAWA TENGAH,36,5,42,-11,11670,7305,790,3575
18/08/2020,JAWA TENGAH,118,12,96,10,11788,7401,802,3585
19/08/2020,JAWA TENGAH,131,8,129,-6,11919,7530,810,3579
20/08/2020,JAWA TENGAH,169,4,132,33,12088,7662,814,3612
21/08/2020,JAWA TENGAH,94,5,99,-10,12182,7761,819,3602
22/08/2020,JAWA TENGAH,104,16,150,-62,12286,7911,835,3540
23/08/2020,JAWA TENGAH,188,12,64,112,12474,7975,847,3652
24/08/2020,JAWA TENGAH,152,3,100,49,12626,8075,850,3701
25/08/2020,JAWA TENGAH,198,25,118,55,12824,8193,875,3756
26/08/2020,JAWA TENGAH,148,30,164,-46,12972,8357,905,3710
27/08/2020,JAWA TENGAH,251,33,217,1,13223,8574,938,3711
28/08/2020,JAWA TENGAH,241,28,119,94,13464,8693,966,3805
29/08/2020,JAWA TENGAH,178,10,90,78,13642,8783,976,3883
30/08/2020,JAWA TENGAH,138,15,93,30,13780,8876,991,3913
31/08/2020,JAWA TENGAH,179,9,99,71,13959,8975,1000,3984
01/09/2020,JAWA TENGAH,201,14,130,57,14160,9105,1014,4041
02/09/2020,JAWA TENGAH,264,31,202,31,14424,9307,1045,4072
03/09/2020,JAWA TENGAH,242,18,135,89,14666,9442,1063,4161
04/09/2020,JAWA TENGAH,190,5,121,64,14856,9563,1068,4225
05/09/2020,JAWA TENGAH,259,10,282,-33,15115,9845,1078,4192
06/09/2020,JAWA TENGAH,233,8,184,41,15348,10029,1086,4233
07/09/2020,JAWA TENGAH,264,6,161,97,15612,10190,1092,4330
08/09/2020,JAWA TENGAH,236,6,145,85,15848,10335,1098,4415
09/09/2020,JAWA TENGAH,281,11,165,105,16129,10500,1109,4520
10/09/2020,JAWA TENGAH,374,19,133,222,16503,10633,1128,4742
11/09/2020,JAWA TENGAH,566,5,193,368,17069,10826,1133,5110
12/09/2020,JAWA TENGAH,385,10,151,224,17454,10977,1143,5334
13/09/2020,JAWA TENGAH,281,6,107,168,17735,11084,1149,5502
14/09/2020,JAWA TENGAH,171,8,240,-77,17906,11324,1157,5425
15/09/2020,JAWA TENGAH,198,12,187,-1,18104,11511,1169,5424
16/09/2020,JAWA TENGAH,339,14,121,204,18443,11632,1183,5628
17/09/2020,JAWA TENGAH,292,17,228,47,18735,11860,1200,5675
18/09/2020,JAWA TENGAH,199,9,413,-223,18934,12273,1209,5452
19/09/2020,JAWA TENGAH,272,40,399,-167,19206,12672,1249,5285
20/09/2020,JAWA TENGAH,304,9,297,-2,19510,12969,1258,5283
21/09/2020,JAWA TENGAH,239,20,315,-96,19749,13284,1278,5187
22/09/2020,JAWA TENGAH,229,42,402,-215,19978,13686,1320,4972
23/09/2020,JAWA TENGAH,256,20,370,-134,20234,14056,1340,4838
24/09/2020,JAWA TENGAH,435,25,685,-275,20669,14741,1365,4563
25/09/2020,JAWA TENGAH,330,15,267,48,20999,15008,1380,4611
26/09/2020,JAWA TENGAH,364,14,210,140,21363,15218,1394,4751
27/09/2020,JAWA TENGAH,256,5,117,134,21619,15335,1399,4885
28/09/2020,JAWA TENGAH,305,9,200,96,21924,15535,1408,4981
29/09/2020,JAWA TENGAH,275,12,253,10,22199,15788,1420,4991
30/09/2020,JAWA TENGAH,230,4,199,27,22429,15987,1424,5018
01/10/2020,JAWA TENGAH,302,5,188,109,22731,16175,1429,5127
02/10/2020,JAWA TENGAH,343,18,201,124,23074,16376,1447,5251
03/10/2020,JAWA TENGAH,370,5,201,164,23444,16577,1452,5415
04/10/2020,JAWA TENGAH,312,3,183,126,23756,16760,1455,5541
05/10/2020,JAWA TENGAH,366,7,192,167,24122,16952,1462,5708
06/10/2020,JAWA TENGAH,403,6,331,66,24525,17283,1468,5774
07/10/2020,JAWA TENGAH,384,4,270,110,24909,17553,1472,5884
08/10/2020,JAWA TENGAH,348,9,260,79,25257,17813,1481,5963
09/10/2020,JAWA TENGAH,411,10,199,202,25668,18012,1491,6165
10/10/2020,JAWA TENGAH,410,16,267,127,26078,18279,1507,6292
11/10/2020,JAWA TENGAH,314,8,205,101,26392,18484,1515,6393
12/10/2020,JAWA TENGAH,241,8,271,-38,26633,18755,1523,6355
13/10/2020,JAWA TENGAH,465,10,288,167,27098,19043,1533,6522
14/10/2020,JAWA TENGAH,287,10,895,-618,27385,19938,1543,5904
15/10/2020,JAWA TENGAH,470,27,2180,-1737,27855,22118,1570,4167
16/10/2020,JAWA TENGAH,445,9,393,43,28300,22511,1579,4210
17/10/2020,JAWA TENGAH,414,11,359,44,28714,22870,1590,4254
18/10/2020,JAWA TENGAH,355,3,383,-31,29069,23253,1593,4223
19/10/2020,JAWA TENGAH,316,7,334,-25,29385,23587,1600,4198
20/10/2020,JAWA TENGAH,450,20,594,-164,29835,24181,1620,4034
21/10/2020,JAWA TENGAH,374,13,382,-21,30209,24563,1633,4013
22/10/2020,JAWA TENGAH,512,11,366,135,30721,24929,1644,4148
23/10/2020,JAWA TENGAH,570,14,465,91,31291,25394,1658,4239
24/10/2020,JAWA TENGAH,285,20,424,-159,31576,25818,1678,4080
25/10/2020,JAWA TENGAH,355,8,367,-20,31931,26185,1686,4060
26/10/2020,JAWA TENGAH,159,17,297,-155,32090,26482,1703,3905
27/10/2020,JAWA TENGAH,314,12,317,-15,32404,26799,1715,3890
28/10/2020,JAWA TENGAH,318,10,329,-21,32722,27128,1725,3869
29/10/2020,JAWA TENGAH,368,9,234,125,33090,27362,1734,3994
30/10/2020,JAWA TENGAH,196,14,289,-107,33286,27651,1748,3887
31/10/2020,JAWA TENGAH,616,11,279,326,33902,27930,1759,4213
01/11/2020,JAWA TENGAH,460,10,329,121,34362,28259,1769,4334
02/11/2020,JAWA TENGAH,249,13,358,-122,34611,28617,1782,4212
03/11/2020,JAWA TENGAH,452,25,430,-3,35063,29047,1807,4209
04/11/2020,JAWA TENGAH,547,16,357,174,35610,29404,1823,4383
05/11/2020,JAWA TENGAH,360,14,329,17,35970,29733,1837,4400
06/11/2020,JAWA TENGAH,612,12,282,318,36582,30015,1849,4718
07/11/2020,JAWA TENGAH,488,27,290,171,37070,30305,1876,4889
08/11/2020,JAWA TENGAH,639,8,279,352,37709,30584,1884,5241
09/11/2020,JAWA TENGAH,619,13,291,315,38328,30875,1897,5556
10/11/2020,JAWA TENGAH,680,15,324,341,39008,31199,1912,5897
11/11/2020,JAWA TENGAH,161,15,304,-158,39169,31503,1927,5739
12/11/2020,JAWA TENGAH,608,13,341,254,39777,31844,1940,5993
13/11/2020,JAWA TENGAH,1362,31,311,1020,41139,32155,1971,7013
14/11/2020,JAWA TENGAH,1222,23,242,957,42361,32397,1994,7970
15/11/2020,JAWA TENGAH,1071,18,268,785,43432,32665,2012,8755
16/11/2020,JAWA TENGAH,706,11,345,350,44138,33010,2023,9105
17/11/2020,JAWA TENGAH,652,42,538,72,44790,33548,2065,9177
18/11/2020,JAWA TENGAH,495,18,388,89,45285,33936,2083,9266
19/11/2020,JAWA TENGAH,442,8,332,102,45727,34268,2091,9368
20/11/2020,JAWA TENGAH,509,7,401,101,46236,34669,2098,9469
21/11/2020,JAWA TENGAH,655,16,229,410,46891,34898,2114,9879
22/11/2020,JAWA TENGAH,477,20,576,-119,47368,35474,2134,9760
23/11/2020,JAWA TENGAH,1005,11,304,690,48373,35778,2145,10450
24/11/2020,JAWA TENGAH,928,13,285,630,49301,36063,2158,11080
25/11/2020,JAWA TENGAH,1008,9,352,647,50309,36415,2167,11727
26/11/2020,JAWA TENGAH,559,35,272,252,50868,36687,2202,11979
27/11/2020,JAWA TENGAH,963,51,373,539,51831,37060,2253,12518
28/11/2020,JAWA TENGAH,1118,20,461,637,52949,37521,2273,13155
29/11/2020,JAWA TENGAH,2036,75,772,1189,54985,38293,2348,14344
30/11/2020,JAWA TENGAH,898,13,1314,-429,55883,39607,2361,13915
01/12/2020,JAWA TENGAH,730,7,474,249,56613,40081,2368,14164
02/12/2020,JAWA TENGAH,945,23,293,629,57558,40374,2391,14793
03/12/2020,JAWA TENGAH,767,16,323,428,58325,40697,2407,15221
04/12/2020,JAWA TENGAH,891,9,332,550,59216,41029,2416,15771
05/12/2020,JAWA TENGAH,758,6,336,416,59974,41365,2422,16187
06/12/2020,JAWA TENGAH,528,38,174,316,60502,41539,2460,16503
07/12/2020,JAWA TENGAH,595,8,296,291,61097,41835,2468,16794
08/12/2020,JAWA TENGAH,769,9,407,353,61866,42242,2477,17147
09/12/2020,JAWA TENGAH,735,37,204,494,62601,42446,2514,17641
10/12/2020,JAWA TENGAH,998,31,625,342,63599,43071,2545,17983
11/12/2020,JAWA TENGAH,998,18,294,686,64597,43365,2563,18669
12/12/2020,JAWA TENGAH,992,26,463,503,65589,43828,2589,19172
13/12/2020,JAWA TENGAH,917,47,208,662,66506,44036,2636,19834
14/12/2020,JAWA TENGAH,979,16,944,19,67485,44980,2652,19853
15/12/2020,JAWA TENGAH,764,23,870,-129,68249,45850,2675,19724
16/12/2020,JAWA TENGAH,421,25,853,-457,68670,46703,2700,19267
17/12/2020,JAWA TENGAH,620,31,286,303,69290,46989,2731,19570
18/12/2020,JAWA TENGAH,354,18,374,-38,69644,47363,2749,19532
19/12/2020,JAWA TENGAH,998,25,230,743,70642,47593,2774,20275
20/12/2020,JAWA TENGAH,878,72,170,636,71520,47763,2846,20911
21/12/2020,JAWA TENGAH,997,86,450,461,72517,48213,2932,21372
22/12/2020,JAWA TENGAH,895,46,569,280,73412,48782,2978,21652
23/12/2020,JAWA TENGAH,912,1,510,401,74324,49292,2979,22053
24/12/2020,JAWA TENGAH,891,53,430,408,75215,49722,3032,22461
25/12/2020,JAWA TENGAH,911,92,973,-154,76126,50695,3124,22307
26/12/2020,JAWA TENGAH,871,21,473,377,76997,51168,3145,22684
27/12/2020,JAWA TENGAH,785,80,596,109,77782,51764,3225,22793
28/12/2020,JAWA TENGAH,977,85,666,226,78759,52430,3310,23019
29/12/2020,JAWA TENGAH,1056,9,1074,-27,79815,53504,3319,22992
30/12/2020,JAWA TENGAH,951,31,541,379,80766,54045,3350,23371
31/12/2020,JAWA TENGAH,939,18,849,72,81705,54894,3368,23443
01/01/2021,JAWA TENGAH,897,4,578,315,82602,55472,3372,23758
02/01/2021,JAWA TENGAH,971,92,920,-41,83573,56392,3464,23717
03/01/2021,JAWA TENGAH,928,64,472,392,84501,56864,3528,24109
04/01/2021,JAWA TENGAH,1037,12,733,292,85538,57597,3540,24401
05/01/2021,JAWA TENGAH,996,22,1390,-416,86534,58987,3562,23985
06/01/2021,JAWA TENGAH,1023,48,1044,-69,87557,60031,3610,23916
07/01/2021,JAWA TENGAH,998,47,705,246,88555,60736,3657,24162
08/01/2021,JAWA TENGAH,1071,58,859,154,89626,61595,3715,24316
09/01/2021,JAWA TENGAH,1033,23,277,733,90659,61872,3738,25049
10/01/2021,JAWA TENGAH,1045,17,142,886,91704,62014,3755,25935
11/01/2021,JAWA TENGAH,1049,33,790,226,92753,62804,3788,26161
12/01/2021,JAWA TENGAH,1323,103,1310,-90,94076,64114,3891,26071
13/01/2021,JAWA TENGAH,1475,95,741,639,95551,64855,3986,26710
14/01/2021,JAWA TENGAH,1497,88,1140,269,97048,65995,4074,26979
15/01/2021,JAWA TENGAH,1993,33,861,1099,99041,66856,4107,28078
16/01/2021,JAWA TENGAH,1997,44,817,1136,101038,67673,4151,29214
17/01/2021,JAWA TENGAH,1855,42,204,1609,102893,67877,4193,30823
18/01/2021,JAWA TENGAH,1559,87,1175,297,104452,69052,4280,31120
19/01/2021,JAWA TENGAH,1613,106,715,792,106065,69767,4386,31912
20/01/2021,JAWA TENGAH,1775,30,530,1215,107840,70297,4416,33127
21/01/2021,JAWA TENGAH,1976,102,1121,753,109816,71418,4518,33880
22/01/2021,JAWA TENGAH,1796,35,629,1132,111612,72047,4553,35012
23/01/2021,JAWA TENGAH,1875,8,573,1294,113487,72620,4561,36306
24/01/2021,JAWA TENGAH,1515,5,290,1220,115002,72910,4566,37526
25/01/2021,JAWA TENGAH,1513,127,2167,-781,116515,75077,4693,36745
26/01/2021,JAWA TENGAH,1678,120,1693,-135,118193,76770,4813,36610
27/01/2021,JAWA TENGAH,1797,112,1680,5,119990,78450,4925,36615
28/01/2021,JAWA TENGAH,1506,87,904,515,121496,79354,5012,37130
29/01/2021,JAWA TENGAH,1496,26,375,1095,122992,79729,5038,38225
30/01/2021,JAWA TENGAH,1238,24,310,904,124230,80039,5062,39129
31/01/2021,JAWA TENGAH,1115,27,182,906,125345,80221,5089,40035
01/02/2021,JAWA TENGAH,973,137,1994,-1158,126318,82215,5226,38877
02/02/2021,JAWA TENGAH,1116,63,1386,-333,127434,83601,5289,38544
03/02/2021,JAWA TENGAH,1783,23,1017,743,129217,84618,5312,39287
04/02/2021,JAWA TENGAH,1775,89,786,900,130992,85404,5401,40187
05/02/2021,JAWA TENGAH,1884,20,515,1349,132876,85919,5421,41536
06/02/2021,JAWA TENGAH,1601,16,117,1468,134477,86036,5437,43004
07/02/2021,JAWA TENGAH,1063,15,84,964,135540,86120,5452,43968
08/02/2021,JAWA TENGAH,826,9,1049,-232,136366,87169,5461,43736
09/02/2021,JAWA TENGAH,948,50,665,233,137314,87834,5511,43969
10/02/2021,JAWA TENGAH,1220,9,1316,-105,138534,89150,5520,43864
11/02/2021,JAWA TENGAH,986,24,749,213,139520,89899,5544,44077
12/02/2021,JAWA TENGAH,664,24,152,488,140184,90051,5568,44565
13/02/2021,JAWA TENGAH,763,116,543,104,140947,90594,5684,44669
14/02/2021,JAWA TENGAH,478,71,48,359,141425,90642,5755,45028
15/02/2021,JAWA TENGAH,881,39,226,616,142306,90868,5794,45644
16/02/2021,JAWA TENGAH,1101,38,13,1050,143407,90881,5832,46694
17/02/2021,JAWA TENGAH,869,6,59,804,144276,90940,5838,47498
18/02/2021,JAWA TENGAH,677,9,490,178,144953,91430,5847,47676
19/02/2021,JAWA TENGAH,1206,36,699,471,146159,92129,5883,48147
20/02/2021,JAWA TENGAH,805,22,491,292,146964,92620,5905,48439
21/02/2021,JAWA TENGAH,487,12,226,249,147451,92846,5917,48688
22/02/2021,JAWA TENGAH,1047,41,1152,-146,148498,93998,5958,48542
23/02/2021,JAWA TENGAH,827,144,650,33,149325,94648,6102,48575
24/02/2021,JAWA TENGAH,1262,79,572,611,150587,95220,6181,49186
25/02/2021,JAWA TENGAH,820,69,1236,-485,151407,96456,6250,48701
26/02/2021,JAWA TENGAH,653,133,1119,-599,152060,97575,6383,48102
27/02/2021,JAWA TENGAH,631,70,2499,-1938,152691,100074,6453,46164
28/02/2021,JAWA TENGAH,327,16,2728,-2417,153018,102802,6469,43747
01/03/2021,JAWA TENGAH,656,24,893,-261,153674,103695,6493,43486
02/03/2021,JAWA TENGAH,984,36,820,128,154658,104515,6529,43614
03/03/2021,JAWA TENGAH,548,28,1323,-803,155206,105838,6557,42811
04/03/2021,JAWA TENGAH,591,19,700,-128,155797,106538,6576,42683
05/03/2021,JAWA TENGAH,948,17,291,640,156745,106829,6593,43323
06/03/2021,JAWA TENGAH,586,8,47,531,157331,106876,6601,43854
07/03/2021,JAWA TENGAH,395,2,575,-182,157726,107451,6603,43672
08/03/2021,JAWA TENGAH,871,85,2372,-1586,158597,109823,6688,42086
09/03/2021,JAWA TENGAH,899,53,1867,-1021,159496,111690,6741,41065
10/03/2021,JAWA TENGAH,304,33,645,-374,159800,112335,6774,40691
11/03/2021,JAWA TENGAH,251,12,328,-89,160051,112663,6786,40602
12/03/2021,JAWA TENGAH,497,32,755,-290,160548,113418,6818,40312
13/03/2021,JAWA TENGAH,192,11,257,-76,160740,113675,6829,40236
14/03/2021,JAWA TENGAH,144,3,107,34,160884,113782,6832,40270
15/03/2021,JAWA TENGAH,700,21,576,103,161584,114358,6853,40373
16/03/2021,JAWA TENGAH,560,41,1412,-893,162144,115770,6894,39480
17/03/2021,JAWA TENGAH,645,43,747,-145,162789,116517,6937,39335
18/03/2021,JAWA TENGAH,658,68,940,-350,163447,117457,7005,38985
19/03/2021,JAWA TENGAH,611,53,877,-319,164058,118334,7058,38666
20/03/2021,JAWA TENGAH,219,9,307,-97,164277,118641,7067,38569
21/03/2021,JAWA TENGAH,102,4,103,-5,164379,118744,7071,38564
22/03/2021,JAWA TENGAH,741,22,1734,-1015,165120,120478,7093,37549
23/03/2021,JAWA TENGAH,732,23,1113,-404,165852,121591,7116,37145
24/03/2021,JAWA TENGAH,403,27,1166,-790,166255,122757,7143,36355
25/03/2021,JAWA TENGAH,505,18,577,-90,166760,123334,7161,36265
26/03/2021,JAWA TENGAH,265,8,560,-303,167025,123894,7169,35962
27/03/2021,JAWA TENGAH,141,10,81,50,167166,123975,7179,36012
28/03/2021,JAWA TENGAH,100,1,0,99,167266,123975,7180,36111
29/03/2021,JAWA TENGAH,388,37,888,-537,167654,124863,7217,35574
30/03/2021,JAWA TENGAH,649,19,1114,-484,168303,125977,7236,35090
31/03/2021,JAWA TENGAH,497,11,664,-178,168800,126641,7247,34912
01/04/2021,JAWA TENGAH,670,14,827,-171,169470,127468,7261,34741
02/04/2021,JAWA TENGAH,239,10,138,91,169709,127606,7271,34832
03/04/2021,JAWA TENGAH,274,3,85,186,169983,127691,7274,35018
04/04/2021,JAWA TENGAH,195,46,14,135,170178,127705,7320,35153
05/04/2021,JAWA TENGAH,496,51,2131,-1686,170674,129836,7371,33467
06/04/2021,JAWA TENGAH,651,3,830,-182,171325,130666,7374,33285
07/04/2021,JAWA TENGAH,535,7,2286,-1758,171860,132952,7381,31527
08/04/2021,JAWA TENGAH,796,39,2714,-1957,172656,135666,7420,29570
09/04/2021,JAWA TENGAH,569,26,2779,-2236,173225,138445,7446,27334
10/04/2021,JAWA TENGAH,280,0,292,-12,173505,138737,7446,27322
11/04/2021,JAWA TENGAH,205,23,359,-177,173710,139096,7469,27145
12/04/2021,JAWA TENGAH,737,15,1262,-540,174447,140358,7484,26605
13/04/2021,JAWA TENGAH,859,15,1950,-1106,175306,142308,7499,25499
14/04/2021,JAWA TENGAH,716,21,1780,-1085,176022,144088,7520,24414
15/04/2021,JAWA TENGAH,841,36,2118,-1313,176863,146206,7556,23101
16/04/2021,JAWA TENGAH,668,28,1863,-1223,177531,148069,7584,21878
17/04/2021,JAWA TENGAH,518,2,1818,-1302,178049,149887,7586,20576
18/04/2021,JAWA TENGAH,396,8,1357,-969,178445,151244,7594,19607
19/03/2020,SULAWESI SELATAN,2,0,0,2,2,0,0,2
20/03/2020,SULAWESI SELATAN,0,0,0,0,2,0,0,2
21/03/2020,SULAWESI SELATAN,0,0,0,0,2,0,0,2
22/03/2020,SULAWESI SELATAN,0,0,0,0,2,0,0,2
23/03/2020,SULAWESI SELATAN,0,1,0,-1,2,0,1,1
24/03/2020,SULAWESI SELATAN,2,0,0,2,4,0,1,3
25/03/2020,SULAWESI SELATAN,9,0,0,9,13,0,1,12
26/03/2020,SULAWESI SELATAN,14,0,0,14,27,0,1,26
27/03/2020,SULAWESI SELATAN,2,0,0,2,29,0,1,28
28/03/2020,SULAWESI SELATAN,3,0,0,3,32,0,1,31
29/03/2020,SULAWESI SELATAN,15,0,0,15,47,0,1,46
30/03/2020,SULAWESI SELATAN,4,2,0,2,51,0,3,48
31/03/2020,SULAWESI SELATAN,0,1,0,-1,51,0,4,47
01/04/2020,SULAWESI SELATAN,14,0,0,14,65,0,4,61
02/04/2020,SULAWESI SELATAN,0,2,4,-6,65,4,6,55
03/04/2020,SULAWESI SELATAN,15,0,0,15,80,4,6,70
04/04/2020,SULAWESI SELATAN,0,2,5,-7,80,9,8,63
05/04/2020,SULAWESI SELATAN,2,2,11,-11,82,20,10,52
06/04/2020,SULAWESI SELATAN,29,0,0,29,111,20,10,81
07/04/2020,SULAWESI SELATAN,10,0,2,8,121,22,10,89
08/04/2020,SULAWESI SELATAN,5,1,2,2,126,24,11,91
09/04/2020,SULAWESI SELATAN,6,0,0,6,132,24,11,97
10/04/2020,SULAWESI SELATAN,33,1,0,32,165,24,12,129
11/04/2020,SULAWESI SELATAN,11,6,0,5,176,24,18,134
12/04/2020,SULAWESI SELATAN,45,0,0,45,221,24,18,179
13/04/2020,SULAWESI SELATAN,0,1,6,-7,221,30,19,172
14/04/2020,SULAWESI SELATAN,8,3,4,1,229,34,22,173
15/04/2020,SULAWESI SELATAN,10,1,9,0,239,43,23,173
16/04/2020,SULAWESI SELATAN,27,2,0,25,266,43,25,198
17/04/2020,SULAWESI SELATAN,65,2,2,61,331,45,27,259
18/04/2020,SULAWESI SELATAN,10,2,5,3,341,50,29,262
19/04/2020,SULAWESI SELATAN,27,1,10,16,368,60,30,278
20/04/2020,SULAWESI SELATAN,0,1,9,-10,368,69,31,268
21/04/2020,SULAWESI SELATAN,6,2,0,4,374,69,33,272
22/04/2020,SULAWESI SELATAN,13,0,5,8,387,74,33,280
23/04/2020,SULAWESI SELATAN,10,0,5,5,397,79,33,285
24/04/2020,SULAWESI SELATAN,22,0,1,21,419,80,33,306
25/04/2020,SULAWESI SELATAN,13,1,1,11,432,81,34,317
26/04/2020,SULAWESI SELATAN,8,1,18,-11,440,99,35,306
27/04/2020,SULAWESI SELATAN,0,0,7,-7,440,106,35,299
28/04/2020,SULAWESI SELATAN,13,0,2,11,453,108,35,310
29/04/2020,SULAWESI SELATAN,12,0,10,2,465,118,35,312
30/04/2020,SULAWESI SELATAN,26,0,4,22,491,122,35,334
01/05/2020,SULAWESI SELATAN,56,0,13,43,547,135,35,377
02/05/2020,SULAWESI SELATAN,30,3,10,17,577,145,38,394
03/05/2020,SULAWESI SELATAN,24,0,6,18,601,151,38,412
04/05/2020,SULAWESI SELATAN,6,0,48,-42,607,199,38,370
05/05/2020,SULAWESI SELATAN,33,2,27,4,640,226,40,374
06/05/2020,SULAWESI SELATAN,25,3,7,15,665,233,43,389
07/05/2020,SULAWESI SELATAN,19,1,3,15,684,236,44,404
08/05/2020,SULAWESI SELATAN,24,2,13,9,708,249,46,413
09/05/2020,SULAWESI SELATAN,2,0,9,-7,710,258,46,406
10/05/2020,SULAWESI SELATAN,12,2,6,4,722,264,48,410
11/05/2020,SULAWESI SELATAN,0,1,11,-12,722,275,49,398
12/05/2020,SULAWESI SELATAN,26,0,7,19,748,282,49,417
13/05/2020,SULAWESI SELATAN,54,0,5,49,802,287,49,466
14/05/2020,SULAWESI SELATAN,36,0,5,31,838,292,49,497
15/05/2020,SULAWESI SELATAN,33,0,0,33,871,292,49,530
16/05/2020,SULAWESI SELATAN,46,1,19,26,917,311,50,556
17/05/2020,SULAWESI SELATAN,34,0,7,27,951,318,50,583
18/05/2020,SULAWESI SELATAN,66,2,18,46,1017,336,52,629
19/05/2020,SULAWESI SELATAN,47,0,22,25,1064,358,52,654
20/05/2020,SULAWESI SELATAN,36,1,9,26,1100,367,53,680
21/05/2020,SULAWESI SELATAN,33,3,31,-1,1133,398,56,679
22/05/2020,SULAWESI SELATAN,71,2,19,50,1204,417,58,729
23/05/2020,SULAWESI SELATAN,57,0,6,51,1261,423,58,780
24/05/2020,SULAWESI SELATAN,32,2,33,-3,1293,456,60,777
25/05/2020,SULAWESI SELATAN,22,3,6,13,1315,462,63,790
26/05/2020,SULAWESI SELATAN,34,2,37,-5,1349,499,65,785
27/05/2020,SULAWESI SELATAN,28,0,19,9,1377,518,65,794
28/05/2020,SULAWESI SELATAN,45,0,2,43,1422,520,65,837
29/05/2020,SULAWESI SELATAN,41,3,12,26,1463,532,68,863
30/05/2020,SULAWESI SELATAN,40,1,31,8,1503,563,69,871
31/05/2020,SULAWESI SELATAN,32,2,32,-2,1535,595,71,869
01/06/2020,SULAWESI SELATAN,45,1,30,14,1580,625,72,883
02/06/2020,SULAWESI SELATAN,42,0,0,42,1622,625,72,925
03/06/2020,SULAWESI SELATAN,37,0,11,26,1659,636,72,951
04/06/2020,SULAWESI SELATAN,54,4,3,47,1713,639,76,998
05/06/2020,SULAWESI SELATAN,53,14,34,5,1766,673,90,1003
06/06/2020,SULAWESI SELATAN,65,0,0,65,1831,673,90,1068
07/06/2020,SULAWESI SELATAN,64,0,0,64,1895,673,90,1132
08/06/2020,SULAWESI SELATAN,109,0,0,109,2004,673,90,1241
09/06/2020,SULAWESI SELATAN,175,3,30,142,2179,703,93,1383
10/06/2020,SULAWESI SELATAN,182,1,53,128,2361,756,94,1511
11/06/2020,SULAWESI SELATAN,130,0,0,130,2491,756,94,1641
12/06/2020,SULAWESI SELATAN,61,12,73,-24,2552,829,106,1617
13/06/2020,SULAWESI SELATAN,126,0,36,90,2678,865,106,1707
14/06/2020,SULAWESI SELATAN,137,3,36,98,2815,901,109,1805
15/06/2020,SULAWESI SELATAN,103,8,142,-47,2918,1043,117,1758
16/06/2020,SULAWESI SELATAN,167,0,43,124,3085,1086,117,1882
17/06/2020,SULAWESI SELATAN,89,0,16,73,3174,1102,117,1955
18/06/2020,SULAWESI SELATAN,165,0,23,142,3339,1125,117,2097
19/06/2020,SULAWESI SELATAN,207,0,44,163,3546,1169,117,2260
20/06/2020,SULAWESI SELATAN,111,15,75,21,3657,1244,132,2281
21/06/2020,SULAWESI SELATAN,110,0,38,72,3767,1282,132,2353
22/06/2020,SULAWESI SELATAN,111,7,37,67,3878,1319,139,2420
23/06/2020,SULAWESI SELATAN,132,1,42,89,4010,1361,140,2509
24/06/2020,SULAWESI SELATAN,136,6,40,90,4146,1401,146,2599
25/06/2020,SULAWESI SELATAN,119,1,55,63,4265,1456,147,2662
26/06/2020,SULAWESI SELATAN,166,2,154,10,4431,1610,149,2672
27/06/2020,SULAWESI SELATAN,147,3,40,104,4578,1650,152,2776
28/06/2020,SULAWESI SELATAN,193,3,62,128,4771,1712,155,2904
29/06/2020,SULAWESI SELATAN,194,1,50,143,4965,1762,156,3047
30/06/2020,SULAWESI SELATAN,89,4,69,16,5054,1831,160,3063
01/07/2020,SULAWESI SELATAN,129,0,52,77,5183,1883,160,3140
02/07/2020,SULAWESI SELATAN,165,0,50,115,5348,1933,160,3255
03/07/2020,SULAWESI SELATAN,177,6,40,131,5525,1973,166,3386
04/07/2020,SULAWESI SELATAN,190,0,39,151,5715,2012,166,3537
05/07/2020,SULAWESI SELATAN,135,23,93,19,5850,2105,189,3556
06/07/2020,SULAWESI SELATAN,85,1,82,2,5935,2187,190,3558
07/07/2020,SULAWESI SELATAN,213,2,45,166,6148,2232,192,3724
08/07/2020,SULAWESI SELATAN,167,3,15,149,6315,2247,195,3873
09/07/2020,SULAWESI SELATAN,127,6,184,-63,6442,2431,201,3810
10/07/2020,SULAWESI SELATAN,130,0,33,97,6572,2464,201,3907
11/07/2020,SULAWESI SELATAN,181,7,174,0,6753,2638,208,3907
12/07/2020,SULAWESI SELATAN,168,7,107,54,6921,2745,215,3961
13/07/2020,SULAWESI SELATAN,125,3,254,-132,7046,2999,218,3829
14/07/2020,SULAWESI SELATAN,197,13,140,44,7243,3139,231,3873
15/07/2020,SULAWESI SELATAN,151,12,115,24,7394,3254,243,3897
16/07/2020,SULAWESI SELATAN,179,15,212,-48,7573,3466,258,3849
17/07/2020,SULAWESI SELATAN,99,3,115,-19,7672,3581,261,3830
18/07/2020,SULAWESI SELATAN,167,2,78,87,7839,3659,263,3917
19/07/2020,SULAWESI SELATAN,156,8,517,-369,7995,4176,271,3548
20/07/2020,SULAWESI SELATAN,126,3,277,-154,8121,4453,274,3394
21/07/2020,SULAWESI SELATAN,93,4,206,-117,8214,4659,278,3277
22/07/2020,SULAWESI SELATAN,150,3,356,-209,8364,5015,281,3068
23/07/2020,SULAWESI SELATAN,119,0,254,-135,8483,5269,281,2933
24/07/2020,SULAWESI SELATAN,83,3,560,-480,8566,5829,284,2453
25/07/2020,SULAWESI SELATAN,136,3,239,-106,8702,6068,287,2347
26/07/2020,SULAWESI SELATAN,137,9,0,128,8839,6068,296,2475
27/07/2020,SULAWESI SELATAN,114,4,8,102,8953,6076,300,2577
28/07/2020,SULAWESI SELATAN,130,4,255,-129,9083,6331,304,2448
29/07/2020,SULAWESI SELATAN,126,3,24,99,9209,6355,307,2547
30/07/2020,SULAWESI SELATAN,92,3,103,-14,9301,6458,310,2533
31/07/2020,SULAWESI SELATAN,76,0,5,71,9377,6463,310,2604
01/08/2020,SULAWESI SELATAN,128,8,156,-36,9505,6619,318,2568
02/08/2020,SULAWESI SELATAN,95,0,0,95,9600,6619,318,2663
03/08/2020,SULAWESI SELATAN,97,0,1,96,9697,6620,318,2759
04/08/2020,SULAWESI SELATAN,115,7,139,-31,9812,6759,325,2728
05/08/2020,SULAWESI SELATAN,127,1,155,-29,9939,6914,326,2699
06/08/2020,SULAWESI SELATAN,179,1,75,103,10118,6989,327,2802
07/08/2020,SULAWESI SELATAN,88,4,74,10,10206,7063,331,2812
08/08/2020,SULAWESI SELATAN,104,0,69,35,10310,7132,331,2847
09/08/2020,SULAWESI SELATAN,90,0,58,32,10400,7190,331,2879
10/08/2020,SULAWESI SELATAN,60,0,54,6,10460,7244,331,2885
11/08/2020,SULAWESI SELATAN,54,2,118,-66,10514,7362,333,2819
12/08/2020,SULAWESI SELATAN,90,1,62,27,10604,7424,334,2846
13/08/2020,SULAWESI SELATAN,71,1,59,11,10675,7483,335,2857
14/08/2020,SULAWESI SELATAN,35,4,120,-89,10710,7603,339,2768
15/08/2020,SULAWESI SELATAN,78,0,61,17,10788,7664,339,2785
16/08/2020,SULAWESI SELATAN,101,0,62,39,10889,7726,339,2824
17/08/2020,SULAWESI SELATAN,85,3,86,-4,10974,7812,342,2820
18/08/2020,SULAWESI SELATAN,25,0,222,-197,10999,8034,342,2623
19/08/2020,SULAWESI SELATAN,25,1,68,-44,11024,8102,343,2579
20/08/2020,SULAWESI SELATAN,74,2,80,-8,11098,8182,345,2571
21/08/2020,SULAWESI SELATAN,112,2,89,21,11210,8271,347,2592
22/08/2020,SULAWESI SELATAN,49,1,68,-20,11259,8339,348,2572
23/08/2020,SULAWESI SELATAN,30,1,91,-62,11289,8430,349,2510
24/08/2020,SULAWESI SELATAN,48,1,92,-45,11337,8522,350,2465
25/08/2020,SULAWESI SELATAN,60,0,136,-76,11397,8658,350,2389
26/08/2020,SULAWESI SELATAN,62,0,108,-46,11459,8766,350,2343
27/08/2020,SULAWESI SELATAN,34,5,91,-62,11493,8857,355,2281
28/08/2020,SULAWESI SELATAN,89,2,106,-19,11582,8963,357,2262
29/08/2020,SULAWESI SELATAN,99,2,78,19,11681,9041,359,2281
30/08/2020,SULAWESI SELATAN,60,0,80,-20,11741,9121,359,2261
31/08/2020,SULAWESI SELATAN,105,0,74,31,11846,9195,359,2292
01/09/2020,SULAWESI SELATAN,79,0,74,5,11925,9269,359,2297
02/09/2020,SULAWESI SELATAN,130,4,91,35,12055,9360,363,2332
03/09/2020,SULAWESI SELATAN,57,3,88,-34,12112,9448,366,2298
04/09/2020,SULAWESI SELATAN,85,1,63,21,12197,9511,367,2319
05/09/2020,SULAWESI SELATAN,151,2,62,87,12348,9573,369,2406
06/09/2020,SULAWESI SELATAN,211,1,49,161,12559,9622,370,2567
07/09/2020,SULAWESI SELATAN,11,1,82,-72,12570,9704,371,2495
08/09/2020,SULAWESI SELATAN,50,1,104,-55,12620,9808,372,2440
09/09/2020,SULAWESI SELATAN,146,1,40,105,12766,9848,373,2545
10/09/2020,SULAWESI SELATAN,133,0,1,132,12899,9849,373,2677
11/09/2020,SULAWESI SELATAN,162,1,139,22,13061,9988,374,2699
12/09/2020,SULAWESI SELATAN,52,1,76,-25,13113,10064,375,2674
13/09/2020,SULAWESI SELATAN,80,4,46,30,13193,10110,379,2704
14/09/2020,SULAWESI SELATAN,180,3,63,114,13373,10173,382,2818
15/09/2020,SULAWESI SELATAN,105,0,0,105,13478,10173,382,2923
16/09/2020,SULAWESI SELATAN,148,3,130,15,13626,10303,385,2938
17/09/2020,SULAWESI SELATAN,120,0,13,107,13746,10316,385,3045
18/09/2020,SULAWESI SELATAN,176,1,72,103,13922,10388,386,3148
19/09/2020,SULAWESI SELATAN,177,2,55,120,14099,10443,388,3268
20/09/2020,SULAWESI SELATAN,172,8,77,87,14271,10520,396,3355
21/09/2020,SULAWESI SELATAN,44,3,96,-55,14315,10616,399,3300
22/09/2020,SULAWESI SELATAN,129,1,89,39,14444,10705,400,3339
23/09/2020,SULAWESI SELATAN,123,1,78,44,14567,10783,401,3383
24/09/2020,SULAWESI SELATAN,162,3,72,87,14729,10855,404,3470
25/09/2020,SULAWESI SELATAN,170,1,84,85,14899,10939,405,3555
26/09/2020,SULAWESI SELATAN,162,4,149,9,15061,11088,409,3564
27/09/2020,SULAWESI SELATAN,154,3,221,-70,15215,11309,412,3494
28/09/2020,SULAWESI SELATAN,78,0,170,-92,15293,11479,412,3402
29/09/2020,SULAWESI SELATAN,142,3,454,-315,15435,11933,415,3087
30/09/2020,SULAWESI SELATAN,75,4,374,-303,15510,12307,419,2784
01/10/2020,SULAWESI SELATAN,110,0,233,-123,15620,12540,419,2661
02/10/2020,SULAWESI SELATAN,67,0,196,-129,15687,12736,419,2532
03/10/2020,SULAWESI SELATAN,57,4,120,-67,15744,12856,423,2465
04/10/2020,SULAWESI SELATAN,72,3,118,-49,15816,12974,426,2416
05/10/2020,SULAWESI SELATAN,15,0,152,-137,15831,13126,426,2279
06/10/2020,SULAWESI SELATAN,58,0,197,-139,15889,13323,426,2140
07/10/2020,SULAWESI SELATAN,130,0,83,47,16019,13406,426,2187
08/10/2020,SULAWESI SELATAN,199,2,122,75,16218,13528,428,2262
09/10/2020,SULAWESI SELATAN,107,2,124,-19,16325,13652,430,2243
10/10/2020,SULAWESI SELATAN,147,2,107,38,16472,13759,432,2281
11/10/2020,SULAWESI SELATAN,136,1,89,46,16608,13848,433,2327
12/10/2020,SULAWESI SELATAN,89,2,157,-70,16697,14005,435,2257
13/10/2020,SULAWESI SELATAN,136,4,222,-90,16833,14227,439,2167
14/10/2020,SULAWESI SELATAN,136,2,86,48,16969,14313,441,2215
15/10/2020,SULAWESI SELATAN,114,0,118,-4,17083,14431,441,2211
16/10/2020,SULAWESI SELATAN,119,0,166,-47,17202,14597,441,2164
17/10/2020,SULAWESI SELATAN,64,2,182,-120,17266,14779,443,2044
18/10/2020,SULAWESI SELATAN,136,1,117,18,17402,14896,444,2062
19/10/2020,SULAWESI SELATAN,42,0,88,-46,17444,14984,444,2016
20/10/2020,SULAWESI SELATAN,88,0,99,-11,17532,15083,444,2005
21/10/2020,SULAWESI SELATAN,114,0,187,-73,17646,15270,444,1932
22/10/2020,SULAWESI SELATAN,73,0,101,-28,17719,15371,444,1904
23/10/2020,SULAWESI SELATAN,60,2,87,-29,17779,15458,446,1875
24/10/2020,SULAWESI SELATAN,73,0,57,16,17852,15515,446,1891
25/10/2020,SULAWESI SELATAN,46,4,96,-54,17898,15611,450,1837
26/10/2020,SULAWESI SELATAN,14,0,80,-66,17912,15691,450,1771
27/10/2020,SULAWESI SELATAN,188,0,365,-177,18100,16056,450,1594
28/10/2020,SULAWESI SELATAN,115,2,108,5,18215,16164,452,1599
29/10/2020,SULAWESI SELATAN,33,10,74,-51,18248,16238,462,1548
30/10/2020,SULAWESI SELATAN,43,1,99,-57,18291,16337,463,1491
31/10/2020,SULAWESI SELATAN,9,3,62,-56,18300,16399,466,1435
01/11/2020,SULAWESI SELATAN,29,0,101,-72,18329,16500,466,1363
02/11/2020,SULAWESI SELATAN,2,1,57,-56,18331,16557,467,1307
03/11/2020,SULAWESI SELATAN,26,0,42,-16,18357,16599,467,1291
04/11/2020,SULAWESI SELATAN,75,2,69,4,18432,16668,469,1295
05/11/2020,SULAWESI SELATAN,75,0,45,30,18507,16713,469,1325
06/11/2020,SULAWESI SELATAN,28,0,33,-5,18535,16746,469,1320
07/11/2020,SULAWESI SELATAN,138,0,48,90,18673,16794,469,1410
08/11/2020,SULAWESI SELATAN,77,0,42,35,18750,16836,469,1445
09/11/2020,SULAWESI SELATAN,58,1,15,42,18808,16851,470,1487
10/11/2020,SULAWESI SELATAN,48,1,83,-36,18856,16934,471,1451
11/11/2020,SULAWESI SELATAN,168,0,86,82,19024,17020,471,1533
12/11/2020,SULAWESI SELATAN,26,0,31,-5,19050,17051,471,1528
13/11/2020,SULAWESI SELATAN,131,0,45,86,19181,17096,471,1614
14/11/2020,SULAWESI SELATAN,69,2,35,32,19250,17131,473,1646
15/11/2020,SULAWESI SELATAN,75,0,10,65,19325,17141,473,1711
16/11/2020,SULAWESI SELATAN,47,0,107,-60,19372,17248,473,1651
17/11/2020,SULAWESI SELATAN,63,1,35,27,19435,17283,474,1678
18/11/2020,SULAWESI SELATAN,46,0,10,36,19481,17293,474,1714
19/11/2020,SULAWESI SELATAN,117,2,109,6,19598,17402,476,1720
20/11/2020,SULAWESI SELATAN,105,0,89,16,19703,17491,476,1736
21/11/2020,SULAWESI SELATAN,88,5,265,-182,19791,17756,481,1554
22/11/2020,SULAWESI SELATAN,99,3,172,-76,19890,17928,484,1478
23/11/2020,SULAWESI SELATAN,100,2,41,57,19990,17969,486,1535
24/11/2020,SULAWESI SELATAN,95,0,87,8,20085,18056,486,1543
25/11/2020,SULAWESI SELATAN,37,2,34,1,20122,18090,488,1544
26/11/2020,SULAWESI SELATAN,77,0,45,32,20199,18135,488,1576
27/11/2020,SULAWESI SELATAN,141,1,67,73,20340,18202,489,1649
28/11/2020,SULAWESI SELATAN,92,0,68,24,20432,18270,489,1673
29/11/2020,SULAWESI SELATAN,113,1,59,53,20545,18329,490,1726
30/11/2020,SULAWESI SELATAN,105,2,108,-5,20650,18437,492,1721
01/12/2020,SULAWESI SELATAN,147,3,77,67,20797,18514,495,1788
02/12/2020,SULAWESI SELATAN,117,2,72,43,20914,18586,497,1831
03/12/2020,SULAWESI SELATAN,136,1,47,88,21050,18633,498,1919
04/12/2020,SULAWESI SELATAN,180,2,71,107,21230,18704,500,2026
05/12/2020,SULAWESI SELATAN,164,2,57,105,21394,18761,502,2131
06/12/2020,SULAWESI SELATAN,172,0,30,142,21566,18791,502,2273
07/12/2020,SULAWESI SELATAN,346,4,97,245,21912,18888,506,2518
08/12/2020,SULAWESI SELATAN,112,3,105,4,22024,18993,509,2522
09/12/2020,SULAWESI SELATAN,157,0,115,42,22181,19108,509,2564
10/12/2020,SULAWESI SELATAN,219,2,94,123,22400,19202,511,2687
11/12/2020,SULAWESI SELATAN,259,9,14,236,22659,19216,520,2923
12/12/2020,SULAWESI SELATAN,226,6,79,141,22885,19295,526,3064
13/12/2020,SULAWESI SELATAN,312,4,96,212,23197,19391,530,3276
14/12/2020,SULAWESI SELATAN,295,3,97,195,23492,19488,533,3471
15/12/2020,SULAWESI SELATAN,78,1,108,-31,23570,19596,534,3440
16/12/2020,SULAWESI SELATAN,448,2,118,328,24018,19714,536,3768
17/12/2020,SULAWESI SELATAN,334,4,114,216,24352,19828,540,3984
18/12/2020,SULAWESI SELATAN,530,2,114,414,24882,19942,542,4398
19/12/2020,SULAWESI SELATAN,391,4,245,142,25273,20187,546,4540
20/12/2020,SULAWESI SELATAN,489,5,2,482,25762,20189,551,5022
21/12/2020,SULAWESI SELATAN,559,7,234,318,26321,20423,558,5340
22/12/2020,SULAWESI SELATAN,539,5,855,-321,26860,21278,563,5019
23/12/2020,SULAWESI SELATAN,524,1,598,-75,27384,21876,564,4944
24/12/2020,SULAWESI SELATAN,520,4,500,16,27904,22376,568,4960
25/12/2020,SULAWESI SELATAN,411,2,349,60,28315,22725,570,5020
26/12/2020,SULAWESI SELATAN,547,4,494,49,28862,23219,574,5069
27/12/2020,SULAWESI SELATAN,262,3,928,-669,29124,24147,577,4400
28/12/2020,SULAWESI SELATAN,338,4,407,-73,29462,24554,581,4327
29/12/2020,SULAWESI SELATAN,567,3,251,313,30029,24805,584,4640
30/12/2020,SULAWESI SELATAN,537,8,948,-419,30566,25753,592,4221
31/12/2020,SULAWESI SELATAN,479,1,0,478,31045,25753,593,4699
01/01/2021,SULAWESI SELATAN,550,5,605,-60,31595,26358,598,4639
02/01/2021,SULAWESI SELATAN,590,5,36,549,32185,26394,603,5188
03/01/2021,SULAWESI SELATAN,595,3,56,536,32780,26450,606,5724
04/01/2021,SULAWESI SELATAN,510,2,313,195,33290,26763,608,5919
05/01/2021,SULAWESI SELATAN,639,6,774,-141,33929,27537,614,5778
06/01/2021,SULAWESI SELATAN,463,4,1407,-948,34392,28944,618,4830
07/01/2021,SULAWESI SELATAN,366,8,1122,-764,34758,30066,626,4066
08/01/2021,SULAWESI SELATAN,588,7,509,72,35346,30575,633,4138
09/01/2021,SULAWESI SELATAN,580,7,246,327,35926,30821,640,4465
10/01/2021,SULAWESI SELATAN,585,7,543,35,36511,31364,647,4500
11/01/2021,SULAWESI SELATAN,615,2,359,254,37126,31723,649,4754
12/01/2021,SULAWESI SELATAN,638,2,625,11,37764,32348,651,4765
13/01/2021,SULAWESI SELATAN,648,6,523,119,38412,32871,657,4884
14/01/2021,SULAWESI SELATAN,640,7,492,141,39052,33363,664,5025
15/01/2021,SULAWESI SELATAN,649,8,568,73,39701,33931,672,5098
16/01/2021,SULAWESI SELATAN,659,12,589,58,40360,34520,684,5156
17/01/2021,SULAWESI SELATAN,674,2,506,166,41034,35026,686,5322
18/01/2021,SULAWESI SELATAN,661,5,548,108,41695,35574,691,5430
19/01/2021,SULAWESI SELATAN,658,1,518,139,42353,36092,692,5569
20/01/2021,SULAWESI SELATAN,661,4,625,32,43014,36717,696,5601
21/01/2021,SULAWESI SELATAN,645,2,642,1,43659,37359,698,5602
22/01/2021,SULAWESI SELATAN,629,4,536,89,44288,37895,702,5691
23/01/2021,SULAWESI SELATAN,188,1,612,-425,44476,38507,703,5266
24/01/2021,SULAWESI SELATAN,205,6,556,-357,44681,39063,709,4909
25/01/2021,SULAWESI SELATAN,606,1,739,-134,45287,39802,710,4775
26/01/2021,SULAWESI SELATAN,348,9,536,-197,45635,40338,719,4578
27/01/2021,SULAWESI SELATAN,282,4,536,-258,45917,40874,723,4320
28/01/2021,SULAWESI SELATAN,679,4,558,117,46596,41432,727,4437
29/01/2021,SULAWESI SELATAN,334,4,538,-208,46930,41970,731,4229
30/01/2021,SULAWESI SELATAN,663,6,204,453,47593,42174,737,4682
31/01/2021,SULAWESI SELATAN,666,1,239,426,48259,42413,738,5108
01/02/2021,SULAWESI SELATAN,650,4,474,172,48909,42887,742,5280
02/02/2021,SULAWESI SELATAN,95,0,401,-306,49004,43288,742,4974
03/02/2021,SULAWESI SELATAN,161,5,304,-148,49165,43592,747,4826
04/02/2021,SULAWESI SELATAN,300,3,433,-136,49465,44025,750,4690
05/02/2021,SULAWESI SELATAN,226,3,263,-40,49691,44288,753,4650
06/02/2021,SULAWESI SELATAN,495,3,544,-52,50186,44832,756,4598
07/02/2021,SULAWESI SELATAN,274,10,532,-268,50460,45364,766,4330
08/02/2021,SULAWESI SELATAN,136,6,435,-305,50596,45799,772,4025
09/02/2021,SULAWESI SELATAN,166,1,70,95,50762,45869,773,4120
10/02/2021,SULAWESI SELATAN,180,0,143,37,50942,46012,773,4157
11/02/2021,SULAWESI SELATAN,129,1,214,-86,51071,46226,774,4071
12/02/2021,SULAWESI SELATAN,677,5,214,458,51748,46440,779,4529
13/02/2021,SULAWESI SELATAN,376,11,467,-102,52124,46907,790,4427
14/02/2021,SULAWESI SELATAN,355,13,261,81,52479,47168,803,4508
15/02/2021,SULAWESI SELATAN,160,0,278,-118,52639,47446,803,4390
16/02/2021,SULAWESI SELATAN,319,4,339,-24,52958,47785,807,4366
17/02/2021,SULAWESI SELATAN,116,5,467,-356,53074,48252,812,4010
18/02/2021,SULAWESI SELATAN,274,0,222,52,53348,48474,812,4062
19/02/2021,SULAWESI SELATAN,221,4,527,-310,53569,49001,816,3752
20/02/2021,SULAWESI SELATAN,201,6,396,-201,53770,49397,822,3551
21/02/2021,SULAWESI SELATAN,180,0,334,-154,53950,49731,822,3397
22/02/2021,SULAWESI SELATAN,258,2,208,48,54208,49939,824,3445
23/02/2021,SULAWESI SELATAN,506,0,270,236,54714,50209,824,3681
24/02/2021,SULAWESI SELATAN,388,3,293,92,55102,50502,827,3773
25/02/2021,SULAWESI SELATAN,423,3,327,93,55525,50829,830,3866
26/02/2021,SULAWESI SELATAN,339,4,206,129,55864,51035,834,3995
27/02/2021,SULAWESI SELATAN,249,3,238,8,56113,51273,837,4003
28/02/2021,SULAWESI SELATAN,84,0,266,-182,56197,51539,837,3821
01/03/2021,SULAWESI SELATAN,141,4,237,-100,56338,51776,841,3721
02/03/2021,SULAWESI SELATAN,178,10,305,-137,56516,52081,851,3584
03/03/2021,SULAWESI SELATAN,263,7,270,-14,56779,52351,858,3570
04/03/2021,SULAWESI SELATAN,196,2,314,-120,56975,52665,860,3450
05/03/2021,SULAWESI SELATAN,196,8,263,-75,57171,52928,868,3375
06/03/2021,SULAWESI SELATAN,166,4,310,-148,57337,53238,872,3227
07/03/2021,SULAWESI SELATAN,190,1,152,37,57527,53390,873,3264
08/03/2021,SULAWESI SELATAN,79,3,190,-114,57606,53580,876,3150
09/03/2021,SULAWESI SELATAN,92,1,138,-47,57698,53718,877,3103
10/03/2021,SULAWESI SELATAN,220,2,137,81,57918,53855,879,3184
11/03/2021,SULAWESI SELATAN,108,2,213,-107,58026,54068,881,3077
12/03/2021,SULAWESI SELATAN,133,5,165,-37,58159,54233,886,3040
13/03/2021,SULAWESI SELATAN,89,3,136,-50,58248,54369,889,2990
14/03/2021,SULAWESI SELATAN,67,0,160,-93,58315,54529,889,2897
15/03/2021,SULAWESI SELATAN,54,3,120,-69,58369,54649,892,2828
16/03/2021,SULAWESI SELATAN,117,1,179,-63,58486,54828,893,2765
17/03/2021,SULAWESI SELATAN,139,2,195,-58,58625,55023,895,2707
18/03/2021,SULAWESI SELATAN,146,5,226,-85,58771,55249,900,2622
19/03/2021,SULAWESI SELATAN,142,1,203,-62,58913,55452,901,2560
20/03/2021,SULAWESI SELATAN,60,2,244,-186,58973,55696,903,2374
21/03/2021,SULAWESI SELATAN,49,0,303,-254,59022,55999,903,2120
22/03/2021,SULAWESI SELATAN,53,1,197,-145,59075,56196,904,1975
23/03/2021,SULAWESI SELATAN,65,2,131,-68,59140,56327,906,1907
24/03/2021,SULAWESI SELATAN,77,0,161,-84,59217,56488,906,1823
25/03/2021,SULAWESI SELATAN,68,2,160,-94,59285,56648,908,1729
26/03/2021,SULAWESI SELATAN,32,0,187,-155,59317,56835,908,1574
27/03/2021,SULAWESI SELATAN,34,0,161,-127,59351,56996,908,1447
28/03/2021,SULAWESI SELATAN,35,1,139,-105,59386,57135,909,1342
29/03/2021,SULAWESI SELATAN,46,0,109,-63,59432,57244,909,1279
30/03/2021,SULAWESI SELATAN,104,0,115,-11,59536,57359,909,1268
31/03/2021,SULAWESI SELATAN,94,0,136,-42,59630,57495,909,1226
01/04/2021,SULAWESI SELATAN,83,0,159,-76,59713,57654,909,1150
02/04/2021,SULAWESI SELATAN,19,0,169,-150,59732,57823,909,1000
03/04/2021,SULAWESI SELATAN,54,0,117,-63,59786,57940,909,937
04/04/2021,SULAWESI SELATAN,58,0,157,-99,59844,58097,909,838
05/04/2021,SULAWESI SELATAN,31,3,113,-85,59875,58210,912,753
06/04/2021,SULAWESI SELATAN,209,0,128,81,60084,58338,912,834
07/04/2021,SULAWESI SELATAN,227,0,245,-18,60311,58583,912,816
08/04/2021,SULAWESI SELATAN,153,0,262,-109,60464,58845,912,707
09/04/2021,SULAWESI SELATAN,80,2,206,-128,60544,59051,914,579
10/04/2021,SULAWESI SELATAN,96,1,85,10,60640,59136,915,589
11/04/2021,SULAWESI SELATAN,30,0,130,-100,60670,59266,915,489
12/04/2021,SULAWESI SELATAN,43,0,47,-4,60713,59313,915,485
13/04/2021,SULAWESI SELATAN,94,0,80,14,60807,59393,915,499
14/04/2021,SULAWESI SELATAN,118,0,36,82,60925,59429,915,581
15/04/2021,SULAWESI SELATAN,93,0,68,25,61018,59497,915,606
16/04/2021,SULAWESI SELATAN,45,2,61,-18,61063,59558,917,588
17/04/2021,SULAWESI SELATAN,35,0,15,20,61098,59573,917,608
18/04/2021,SULAWESI SELATAN,22,0,10,12,61120,59583,917,620
06/03/2020,BANTEN,1,0,1,0,1,1,0,0
07/03/2020,BANTEN,0,0,0,0,1,1,0,0
08/03/2020,BANTEN,1,0,3,-2,2,4,0,-2
09/03/2020,BANTEN,0,0,0,0,2,4,0,-2
10/03/2020,BANTEN,0,0,8,-8,2,12,0,-10
11/03/2020,BANTEN,0,0,8,-8,2,20,0,-18
12/03/2020,BANTEN,0,1,2,-3,2,22,1,-21
13/03/2020,BANTEN,1,1,0,0,3,22,2,-21
14/03/2020,BANTEN,1,0,2,-1,4,24,2,-22
15/03/2020,BANTEN,1,0,5,-4,5,29,2,-26
16/03/2020,BANTEN,1,0,4,-3,6,33,2,-29
17/03/2020,BANTEN,0,1,3,-4,6,36,3,-33
18/03/2020,BANTEN,0,1,1,-2,6,37,4,-35
19/03/2020,BANTEN,0,1,3,-4,6,40,5,-39
20/03/2020,BANTEN,0,3,3,-6,6,43,8,-45
21/03/2020,BANTEN,0,0,2,-2,6,45,8,-47
22/03/2020,BANTEN,0,2,0,-2,6,45,10,-49
23/03/2020,BANTEN,0,2,3,-5,6,48,12,-54
24/03/2020,BANTEN,0,1,3,-4,6,51,13,-58
25/03/2020,BANTEN,0,1,3,-4,6,54,14,-62
26/03/2020,BANTEN,0,0,4,-4,6,58,14,-66
27/03/2020,BANTEN,25,2,3,20,31,61,16,-46
28/03/2020,BANTEN,10,2,7,1,41,68,18,-45
29/03/2020,BANTEN,2,2,2,-2,43,70,20,-47
30/03/2020,BANTEN,22,0,3,19,65,73,20,-28
31/03/2020,BANTEN,14,2,1,11,79,74,22,-17
01/04/2020,BANTEN,12,1,6,5,91,80,23,-12
02/04/2020,BANTEN,6,2,1,3,97,81,25,-9
03/04/2020,BANTEN,4,0,4,0,101,85,25,-9
04/04/2020,BANTEN,3,2,2,-1,104,87,27,-10
05/04/2020,BANTEN,4,2,4,-2,108,91,29,-12
06/04/2020,BANTEN,10,2,8,0,118,99,31,-12
07/04/2020,BANTEN,6,0,4,2,124,103,31,-10
08/04/2020,BANTEN,19,0,6,13,143,109,31,3
09/04/2020,BANTEN,3,3,10,-10,146,119,34,-7
10/04/2020,BANTEN,21,1,4,16,167,123,35,9
11/04/2020,BANTEN,31,2,19,10,198,142,37,19
12/04/2020,BANTEN,2,1,7,-6,200,149,38,13
13/04/2020,BANTEN,3,2,9,-8,203,158,40,5
14/04/2020,BANTEN,5,2,3,0,208,161,42,5
15/04/2020,BANTEN,0,1,8,-9,208,169,43,-4
16/04/2020,BANTEN,15,0,4,11,223,173,43,7
17/04/2020,BANTEN,9,1,8,0,232,181,44,7
18/04/2020,BANTEN,11,1,4,6,243,185,45,13
19/04/2020,BANTEN,3,0,4,-1,246,189,45,12
20/04/2020,BANTEN,29,0,8,21,275,197,45,33
21/04/2020,BANTEN,0,4,6,-10,275,203,49,23
22/04/2020,BANTEN,1,0,7,-6,276,210,49,17
23/04/2020,BANTEN,3,0,1,2,279,211,49,19
24/04/2020,BANTEN,23,0,2,21,302,213,49,40
25/04/2020,BANTEN,11,2,2,7,313,215,51,47
26/04/2020,BANTEN,0,4,1,-5,313,216,55,42
27/04/2020,BANTEN,12,1,5,6,325,221,56,48
28/04/2020,BANTEN,6,0,3,3,331,224,56,51
29/04/2020,BANTEN,0,0,11,-11,331,235,56,40
30/04/2020,BANTEN,16,0,9,7,347,244,56,47
01/05/2020,BANTEN,14,0,3,11,361,247,56,58
02/05/2020,BANTEN,9,1,9,-1,370,256,57,57
03/05/2020,BANTEN,5,0,1,4,375,257,57,61
04/05/2020,BANTEN,14,0,9,5,389,266,57,66
05/05/2020,BANTEN,10,2,19,-11,399,285,59,55
06/05/2020,BANTEN,29,0,4,25,428,289,59,80
07/05/2020,BANTEN,0,0,3,-3,428,292,59,77
08/05/2020,BANTEN,20,1,7,12,448,299,60,89
09/05/2020,BANTEN,20,1,5,14,468,304,61,103
10/05/2020,BANTEN,10,0,7,3,478,311,61,106
11/05/2020,BANTEN,8,0,5,3,486,316,61,109
12/05/2020,BANTEN,18,0,5,13,504,321,61,122
13/05/2020,BANTEN,20,0,6,14,524,327,61,136
14/05/2020,BANTEN,14,2,16,-4,538,343,63,132
15/05/2020,BANTEN,28,0,18,10,566,361,63,142
16/05/2020,BANTEN,0,0,9,-9,566,370,63,133
17/05/2020,BANTEN,24,0,9,15,590,379,63,148
18/05/2020,BANTEN,31,0,18,13,621,397,63,161
19/05/2020,BANTEN,21,0,15,6,642,412,63,167
20/05/2020,BANTEN,1,0,30,-29,643,442,63,138
21/05/2020,BANTEN,53,1,8,44,696,450,64,182
22/05/2020,BANTEN,15,1,7,7,711,457,65,189
23/05/2020,BANTEN,0,0,6,-6,711,463,65,183
24/05/2020,BANTEN,21,0,4,17,732,467,65,200
25/05/2020,BANTEN,0,0,6,-6,732,473,65,194
26/05/2020,BANTEN,18,0,10,8,750,483,65,202
27/05/2020,BANTEN,10,0,10,0,760,493,65,202
28/05/2020,BANTEN,14,3,19,-8,774,512,68,194
29/05/2020,BANTEN,13,0,12,1,787,524,68,195
30/05/2020,BANTEN,14,0,25,-11,801,549,68,184
31/05/2020,BANTEN,3,0,0,3,804,549,68,187
01/06/2020,BANTEN,7,1,11,-5,811,560,69,182
02/06/2020,BANTEN,14,0,21,-7,825,581,69,175
03/06/2020,BANTEN,71,0,25,46,896,606,69,221
04/06/2020,BANTEN,10,0,11,-1,906,617,69,220
05/06/2020,BANTEN,24,1,25,-2,930,642,70,218
06/06/2020,BANTEN,36,1,6,29,966,648,71,247
07/06/2020,BANTEN,10,1,2,7,976,650,72,254
08/06/2020,BANTEN,11,1,5,5,987,655,73,259
09/06/2020,BANTEN,16,1,8,7,1003,663,74,266
10/06/2020,BANTEN,33,0,46,-13,1036,709,74,253
11/06/2020,BANTEN,25,0,25,0,1061,734,74,253
12/06/2020,BANTEN,35,0,12,23,1096,746,74,276
13/06/2020,BANTEN,74,1,2,71,1170,748,75,347
14/06/2020,BANTEN,9,0,8,1,1179,756,75,348
15/06/2020,BANTEN,4,0,25,-21,1183,781,75,327
16/06/2020,BANTEN,37,0,9,28,1220,790,75,355
17/06/2020,BANTEN,31,0,25,6,1251,815,75,361
18/06/2020,BANTEN,17,0,16,1,1268,831,75,362
19/06/2020,BANTEN,5,0,24,-19,1273,855,75,343
20/06/2020,BANTEN,16,0,14,2,1289,869,75,345
21/06/2020,BANTEN,9,0,6,3,1298,875,75,348
22/06/2020,BANTEN,8,1,21,-14,1306,896,76,334
23/06/2020,BANTEN,11,0,15,-4,1317,911,76,330
24/06/2020,BANTEN,20,1,36,-17,1337,947,77,313
25/06/2020,BANTEN,17,0,6,11,1354,953,77,324
26/06/2020,BANTEN,13,0,6,7,1367,959,77,331
27/06/2020,BANTEN,20,0,3,17,1387,962,77,348
28/06/2020,BANTEN,4,1,12,-9,1391,974,78,339
29/06/2020,BANTEN,3,0,6,-3,1394,980,78,336
30/06/2020,BANTEN,11,0,7,4,1405,987,78,340
01/07/2020,BANTEN,11,0,12,-1,1416,999,78,339
02/07/2020,BANTEN,10,0,10,0,1426,1009,78,339
03/07/2020,BANTEN,21,0,21,0,1447,1030,78,339
04/07/2020,BANTEN,14,1,12,1,1461,1042,79,340
05/07/2020,BANTEN,7,1,6,0,1468,1048,80,340
06/07/2020,BANTEN,12,1,5,6,1480,1053,81,346
07/07/2020,BANTEN,6,0,10,-4,1486,1063,81,342
08/07/2020,BANTEN,16,0,15,1,1502,1078,81,343
09/07/2020,BANTEN,13,1,24,-12,1515,1102,82,331
10/07/2020,BANTEN,10,0,27,-17,1525,1129,82,314
11/07/2020,BANTEN,7,1,16,-10,1532,1145,83,304
12/07/2020,BANTEN,13,0,9,4,1545,1154,83,308
13/07/2020,BANTEN,11,3,4,4,1556,1158,86,312
14/07/2020,BANTEN,9,0,7,2,1565,1165,86,314
15/07/2020,BANTEN,4,0,7,-3,1569,1172,86,311
16/07/2020,BANTEN,17,0,13,4,1586,1185,86,315
17/07/2020,BANTEN,11,0,5,6,1597,1190,86,321
18/07/2020,BANTEN,8,1,11,-4,1605,1201,87,317
19/07/2020,BANTEN,17,3,4,10,1622,1205,90,327
20/07/2020,BANTEN,8,0,23,-15,1630,1228,90,312
21/07/2020,BANTEN,8,0,21,-13,1638,1249,90,299
22/07/2020,BANTEN,3,0,15,-12,1641,1264,90,287
23/07/2020,BANTEN,10,1,4,5,1651,1268,91,292
24/07/2020,BANTEN,12,0,10,2,1663,1278,91,294
25/07/2020,BANTEN,5,1,12,-8,1668,1290,92,286
26/07/2020,BANTEN,14,0,3,11,1682,1293,92,297
27/07/2020,BANTEN,10,0,23,-13,1692,1316,92,284
28/07/2020,BANTEN,9,1,15,-7,1701,1331,93,277
29/07/2020,BANTEN,15,1,28,-14,1716,1359,94,263
30/07/2020,BANTEN,29,3,17,9,1745,1376,97,272
31/07/2020,BANTEN,34,1,11,22,1779,1387,98,294
01/08/2020,BANTEN,23,0,39,-16,1802,1426,98,278
02/08/2020,BANTEN,12,1,10,1,1814,1436,99,279
03/08/2020,BANTEN,21,0,15,6,1835,1451,99,285
04/08/2020,BANTEN,33,0,14,19,1868,1465,99,304
05/08/2020,BANTEN,23,0,13,10,1891,1478,99,314
06/08/2020,BANTEN,32,2,13,17,1923,1491,101,331
07/08/2020,BANTEN,34,0,15,19,1957,1506,101,350
08/08/2020,BANTEN,22,0,23,-1,1979,1529,101,349
09/08/2020,BANTEN,24,0,9,15,2003,1538,101,364
10/08/2020,BANTEN,23,1,37,-15,2026,1575,102,349
11/08/2020,BANTEN,19,2,18,-1,2045,1593,104,348
12/08/2020,BANTEN,48,1,16,31,2093,1609,105,379
13/08/2020,BANTEN,37,2,16,19,2130,1625,107,398
14/08/2020,BANTEN,21,2,9,10,2151,1634,109,408
15/08/2020,BANTEN,33,1,35,-3,2184,1669,110,405
16/08/2020,BANTEN,43,1,18,24,2227,1687,111,429
17/08/2020,BANTEN,17,0,6,11,2244,1693,111,440
18/08/2020,BANTEN,64,0,29,35,2308,1722,111,475
19/08/2020,BANTEN,47,1,13,33,2355,1735,112,508
20/08/2020,BANTEN,23,2,35,-14,2378,1770,114,494
21/08/2020,BANTEN,36,1,42,-7,2414,1812,115,487
22/08/2020,BANTEN,42,2,21,19,2456,1833,117,506
23/08/2020,BANTEN,32,2,46,-16,2488,1879,119,490
24/08/2020,BANTEN,60,3,27,30,2548,1906,122,520
25/08/2020,BANTEN,33,0,52,-19,2581,1958,122,501
26/08/2020,BANTEN,29,0,28,1,2610,1986,122,502
27/08/2020,BANTEN,59,1,124,-66,2669,2110,123,436
28/08/2020,BANTEN,42,3,73,-34,2711,2183,126,402
29/08/2020,BANTEN,61,2,20,39,2772,2203,128,441
30/08/2020,BANTEN,45,0,20,25,2817,2223,128,466
31/08/2020,BANTEN,31,2,44,-15,2848,2267,130,451
01/09/2020,BANTEN,27,1,57,-31,2875,2324,131,420
02/09/2020,BANTEN,68,0,30,38,2943,2354,131,458
03/09/2020,BANTEN,33,3,100,-70,2976,2454,134,388
04/09/2020,BANTEN,22,0,49,-27,2998,2503,134,361
05/09/2020,BANTEN,49,1,39,9,3047,2542,135,370
06/09/2020,BANTEN,83,2,51,30,3130,2593,137,400
07/09/2020,BANTEN,75,1,51,23,3205,2644,138,423
08/09/2020,BANTEN,56,2,48,6,3261,2692,140,429
09/09/2020,BANTEN,37,5,53,-21,3298,2745,145,408
10/09/2020,BANTEN,42,5,66,-29,3340,2811,150,379
11/09/2020,BANTEN,47,4,84,-41,3387,2895,154,338
12/09/2020,BANTEN,22,3,43,-24,3409,2938,157,314
13/09/2020,BANTEN,50,0,25,25,3459,2963,157,339
14/09/2020,BANTEN,57,1,69,-13,3516,3032,158,326
15/09/2020,BANTEN,62,2,46,14,3578,3078,160,340
16/09/2020,BANTEN,137,2,72,63,3715,3150,162,403
17/09/2020,BANTEN,121,3,39,79,3836,3189,165,482
18/09/2020,BANTEN,141,0,66,75,3977,3255,165,557
19/09/2020,BANTEN,128,0,76,52,4105,3331,165,609
20/09/2020,BANTEN,179,0,146,33,4284,3477,165,642
21/09/2020,BANTEN,122,2,268,-148,4406,3745,167,494
22/09/2020,BANTEN,130,4,64,62,4536,3809,171,556
23/09/2020,BANTEN,217,2,149,66,4753,3958,173,622
24/09/2020,BANTEN,130,4,53,73,4883,4011,177,695
25/09/2020,BANTEN,109,2,177,-70,4992,4188,179,625
26/09/2020,BANTEN,135,0,198,-63,5127,4386,179,562
27/09/2020,BANTEN,105,1,73,31,5232,4459,180,593
28/09/2020,BANTEN,128,2,125,1,5360,4584,182,594
29/09/2020,BANTEN,84,8,259,-183,5444,4843,190,411
30/09/2020,BANTEN,144,1,125,18,5588,4968,191,429
01/10/2020,BANTEN,102,5,129,-32,5690,5097,196,397
02/10/2020,BANTEN,82,0,190,-108,5772,5287,196,289
03/10/2020,BANTEN,134,5,107,22,5906,5394,201,311
04/10/2020,BANTEN,168,2,102,64,6074,5496,203,375
05/10/2020,BANTEN,137,2,165,-30,6211,5661,205,345
06/10/2020,BANTEN,98,3,134,-39,6309,5795,208,306
07/10/2020,BANTEN,81,3,63,15,6390,5858,211,321
08/10/2020,BANTEN,122,1,108,13,6512,5966,212,334
09/10/2020,BANTEN,140,1,101,38,6652,6067,213,372
10/10/2020,BANTEN,170,4,110,56,6822,6177,217,428
11/10/2020,BANTEN,105,1,81,23,6927,6258,218,451
12/10/2020,BANTEN,81,4,134,-57,7008,6392,222,394
13/10/2020,BANTEN,79,3,80,-4,7087,6472,225,390
14/10/2020,BANTEN,94,2,72,20,7181,6544,227,410
15/10/2020,BANTEN,111,3,99,9,7292,6643,230,419
16/10/2020,BANTEN,114,2,75,37,7406,6718,232,456
17/10/2020,BANTEN,127,2,60,65,7533,6778,234,521
18/10/2020,BANTEN,130,3,62,65,7663,6840,237,586
19/10/2020,BANTEN,122,4,118,0,7785,6958,241,586
20/10/2020,BANTEN,88,1,166,-79,7873,7124,242,507
21/10/2020,BANTEN,171,5,54,112,8044,7178,247,619
22/10/2020,BANTEN,220,2,124,94,8264,7302,249,713
23/10/2020,BANTEN,145,3,74,68,8409,7376,252,781
24/10/2020,BANTEN,102,3,123,-24,8511,7499,255,757
25/10/2020,BANTEN,226,4,126,96,8737,7625,259,853
26/10/2020,BANTEN,120,0,86,34,8857,7711,259,887
27/10/2020,BANTEN,124,5,94,25,8981,7805,264,912
28/10/2020,BANTEN,170,4,100,66,9151,7905,268,978
29/10/2020,BANTEN,91,4,146,-59,9242,8051,272,919
30/10/2020,BANTEN,107,3,114,-10,9349,8165,275,909
31/10/2020,BANTEN,85,1,76,8,9434,8241,276,917
01/11/2020,BANTEN,90,2,59,29,9524,8300,278,946
02/11/2020,BANTEN,74,1,69,4,9598,8369,279,950
03/11/2020,BANTEN,71,3,109,-41,9669,8478,282,909
04/11/2020,BANTEN,90,2,66,22,9759,8544,284,931
05/11/2020,BANTEN,50,0,80,-30,9809,8624,284,901
06/11/2020,BANTEN,105,2,84,19,9914,8708,286,920
07/11/2020,BANTEN,125,8,80,37,10039,8788,294,957
08/11/2020,BANTEN,58,2,37,19,10097,8825,296,976
09/11/2020,BANTEN,120,1,78,41,10217,8903,297,1017
10/11/2020,BANTEN,55,2,83,-30,10272,8986,299,987
11/11/2020,BANTEN,124,3,55,66,10396,9041,302,1053
12/11/2020,BANTEN,100,3,75,22,10496,9116,305,1075
13/11/2020,BANTEN,111,1,41,69,10607,9157,306,1144
14/11/2020,BANTEN,166,3,67,96,10773,9224,309,1240
15/11/2020,BANTEN,159,3,71,85,10932,9295,312,1325
16/11/2020,BANTEN,0,3,92,-95,10932,9387,315,1230
17/11/2020,BANTEN,0,6,104,-110,10932,9491,321,1120
18/11/2020,BANTEN,54,4,106,-56,10986,9597,325,1064
19/11/2020,BANTEN,159,4,148,7,11145,9745,329,1071
20/11/2020,BANTEN,128,2,100,26,11273,9845,331,1097
21/11/2020,BANTEN,182,10,130,42,11455,9975,341,1139
22/11/2020,BANTEN,122,1,85,36,11577,10060,342,1175
23/11/2020,BANTEN,171,2,124,45,11748,10184,344,1220
24/11/2020,BANTEN,144,5,110,29,11892,10294,349,1249
25/11/2020,BANTEN,128,5,104,19,12020,10398,354,1268
26/11/2020,BANTEN,145,4,107,34,12165,10505,358,1302
27/11/2020,BANTEN,191,6,113,72,12356,10618,364,1374
28/11/2020,BANTEN,234,2,89,143,12590,10707,366,1517
29/11/2020,BANTEN,151,5,145,1,12741,10852,371,1518
30/11/2020,BANTEN,262,4,122,136,13003,10974,375,1654
01/12/2020,BANTEN,154,2,120,32,13157,11094,377,1686
02/12/2020,BANTEN,121,4,109,8,13278,11203,381,1694
03/12/2020,BANTEN,131,3,125,3,13409,11328,384,1697
04/12/2020,BANTEN,130,5,91,34,13539,11419,389,1731
05/12/2020,BANTEN,143,6,140,-3,13682,11559,395,1728
06/12/2020,BANTEN,134,3,158,-27,13816,11717,398,1701
07/12/2020,BANTEN,133,7,169,-43,13949,11886,405,1658
08/12/2020,BANTEN,98,5,154,-61,14047,12040,410,1597
09/12/2020,BANTEN,166,4,159,3,14213,12199,414,1600
10/12/2020,BANTEN,169,5,177,-13,14382,12376,419,1587
11/12/2020,BANTEN,192,5,142,45,14574,12518,424,1632
12/12/2020,BANTEN,204,4,168,32,14778,12686,428,1664
13/12/2020,BANTEN,136,3,109,24,14914,12795,431,1688
14/12/2020,BANTEN,138,4,146,-12,15052,12941,435,1676
15/12/2020,BANTEN,166,6,151,9,15218,13092,441,1685
16/12/2020,BANTEN,176,5,131,40,15394,13223,446,1725
17/12/2020,BANTEN,181,4,142,35,15575,13365,450,1760
18/12/2020,BANTEN,156,8,123,25,15731,13488,458,1785
19/12/2020,BANTEN,180,7,171,2,15911,13659,465,1787
20/12/2020,BANTEN,194,3,164,27,16105,13823,468,1814
21/12/2020,BANTEN,190,4,148,38,16295,13971,472,1852
22/12/2020,BANTEN,239,5,145,89,16534,14116,477,1941
23/12/2020,BANTEN,185,6,133,46,16719,14249,483,1987
24/12/2020,BANTEN,154,4,150,0,16873,14399,487,1987
25/12/2020,BANTEN,166,5,213,-52,17039,14612,492,1935
26/12/2020,BANTEN,241,6,165,70,17280,14777,498,2005
27/12/2020,BANTEN,150,4,155,-9,17430,14932,502,1996
28/12/2020,BANTEN,120,3,203,-86,17550,15135,505,1910
29/12/2020,BANTEN,121,7,123,-9,17671,15258,512,1901
30/12/2020,BANTEN,172,6,154,12,17843,15412,518,1913
31/12/2020,BANTEN,269,2,169,98,18112,15581,520,2011
01/01/2021,BANTEN,287,12,188,87,18399,15769,532,2098
02/01/2021,BANTEN,246,9,342,-105,18645,16111,541,1993
03/01/2021,BANTEN,136,2,127,7,18781,16238,543,2000
04/01/2021,BANTEN,158,4,251,-97,18939,16489,547,1903
05/01/2021,BANTEN,164,8,203,-47,19103,16692,555,1856
06/01/2021,BANTEN,188,5,131,52,19291,16823,560,1908
07/01/2021,BANTEN,364,7,211,146,19655,17034,567,2054
08/01/2021,BANTEN,253,6,213,34,19908,17247,573,2088
09/01/2021,BANTEN,275,7,166,102,20183,17413,580,2190
10/01/2021,BANTEN,272,7,209,56,20455,17622,587,2246
11/01/2021,BANTEN,177,5,196,-24,20632,17818,592,2222
12/01/2021,BANTEN,174,19,605,-450,20806,18423,611,1772
13/01/2021,BANTEN,185,7,250,-72,20991,18673,618,1700
14/01/2021,BANTEN,240,6,211,23,21231,18884,624,1723
15/01/2021,BANTEN,281,10,275,-4,21512,19159,634,1719
16/01/2021,BANTEN,257,5,176,76,21769,19335,639,1795
17/01/2021,BANTEN,283,7,224,52,22052,19559,646,1847
18/01/2021,BANTEN,245,3,422,-180,22297,19981,649,1667
19/01/2021,BANTEN,183,0,277,-94,22480,20258,649,1573
20/01/2021,BANTEN,286,8,229,49,22766,20487,657,1622
21/01/2021,BANTEN,236,3,165,68,23002,20652,660,1690
22/01/2021,BANTEN,320,3,234,83,23322,20886,663,1773
23/01/2021,BANTEN,357,10,206,141,23679,21092,673,1914
24/01/2021,BANTEN,410,3,175,232,24089,21267,676,2146
25/01/2021,BANTEN,289,4,165,120,24378,21432,680,2266
26/01/2021,BANTEN,525,7,309,209,24903,21741,687,2475
27/01/2021,BANTEN,302,6,146,150,25205,21887,693,2625
28/01/2021,BANTEN,44,8,618,-582,25249,22505,701,2043
29/01/2021,BANTEN,326,3,269,54,25575,22774,704,2097
30/01/2021,BANTEN,300,3,136,161,25875,22910,707,2258
31/01/2021,BANTEN,271,4,210,57,26146,23120,711,2315
01/02/2021,BANTEN,34,5,158,-129,26180,23278,716,2186
02/02/2021,BANTEN,37,18,542,-523,26217,23820,734,1663
03/02/2021,BANTEN,129,4,290,-165,26346,24110,738,1498
04/02/2021,BANTEN,26,5,196,-175,26372,24306,743,1323
05/02/2021,BANTEN,67,7,160,-100,26439,24466,750,1223
06/02/2021,BANTEN,47,5,245,-203,26486,24711,755,1020
07/02/2021,BANTEN,90,4,172,-86,26576,24883,759,934
08/02/2021,BANTEN,42,13,612,-583,26618,25495,772,351
09/02/2021,BANTEN,65,2,280,-217,26683,25775,774,134
10/02/2021,BANTEN,30,4,195,-169,26713,25970,778,-35
11/02/2021,BANTEN,40,4,190,-154,26753,26160,782,-189
12/02/2021,BANTEN,147,1,134,12,26900,26294,783,-177
13/02/2021,BANTEN,114,9,382,-277,27014,26676,792,-454
14/02/2021,BANTEN,74,7,179,-112,27088,26855,799,-566
15/02/2021,BANTEN,179,5,258,-84,27267,27113,804,-650
16/02/2021,BANTEN,351,11,245,95,27618,27358,815,-555
17/02/2021,BANTEN,334,4,223,107,27952,27581,819,-448
18/02/2021,BANTEN,86,9,325,-248,28038,27906,828,-696
19/02/2021,BANTEN,73,2,334,-263,28111,28240,830,-959
20/02/2021,BANTEN,73,7,129,-63,28184,28369,837,-1022
21/02/2021,BANTEN,249,6,107,136,28433,28476,843,-886
22/02/2021,BANTEN,113,3,246,-136,28546,28722,846,-1022
23/02/2021,BANTEN,251,6,318,-73,28797,29040,852,-1095
24/02/2021,BANTEN,41,7,185,-151,28838,29225,859,-1246
25/02/2021,BANTEN,263,4,214,45,29101,29439,863,-1201
26/02/2021,BANTEN,236,3,281,-48,29337,29720,866,-1249
27/02/2021,BANTEN,35,7,178,-150,29372,29898,873,-1399
28/02/2021,BANTEN,46,4,220,-178,29418,30118,877,-1577
01/03/2021,BANTEN,21,3,194,-176,29439,30312,880,-1753
02/03/2021,BANTEN,97,2,193,-98,29536,30505,882,-1851
03/03/2021,BANTEN,72,5,245,-178,29608,30750,887,-2029
04/03/2021,BANTEN,11,5,260,-254,29619,31010,892,-2283
05/03/2021,BANTEN,515,7,184,324,30134,31194,899,-1959
06/03/2021,BANTEN,13,2,97,-86,30147,31291,901,-2045
07/03/2021,BANTEN,12,3,156,-147,30159,31447,904,-2192
08/03/2021,BANTEN,591,4,185,402,30750,31632,908,-1790
09/03/2021,BANTEN,100,3,256,-159,30850,31888,911,-1949
10/03/2021,BANTEN,138,1,159,-22,30988,32047,912,-1971
11/03/2021,BANTEN,49,1,184,-136,31037,32231,913,-2107
12/03/2021,BANTEN,484,6,83,395,31521,32314,919,-1712
13/03/2021,BANTEN,247,0,85,162,31768,32399,919,-1550
14/03/2021,BANTEN,315,2,67,246,32083,32466,921,-1304
15/03/2021,BANTEN,290,2,125,163,32373,32591,923,-1141
16/03/2021,BANTEN,247,2,132,113,32620,32723,925,-1028
17/03/2021,BANTEN,861,3,249,609,33481,32972,928,-419
18/03/2021,BANTEN,293,4,80,209,33774,33052,932,-210
19/03/2021,BANTEN,324,5,80,239,34098,33132,937,29
20/03/2021,BANTEN,233,2,64,167,34331,33196,939,196
21/03/2021,BANTEN,211,0,47,164,34542,33243,939,360
22/03/2021,BANTEN,440,0,46,394,34982,33289,939,754
23/03/2021,BANTEN,298,2,76,220,35280,33365,941,974
24/03/2021,BANTEN,258,1,165,92,35538,33530,942,1066
25/03/2021,BANTEN,91,0,47,44,35629,33577,942,1110
26/03/2021,BANTEN,176,2,51,123,35805,33628,944,1233
27/03/2021,BANTEN,220,0,71,149,36025,33699,944,1382
28/03/2021,BANTEN,79,0,29,50,36104,33728,944,1432
29/03/2021,BANTEN,328,1,90,237,36432,33818,945,1669
30/03/2021,BANTEN,319,1,90,228,36751,33908,946,1897
31/03/2021,BANTEN,950,5,701,244,37701,34609,951,2141
01/04/2021,BANTEN,905,12,751,142,38606,35360,963,2283
02/04/2021,BANTEN,850,8,364,478,39456,35724,971,2761
03/04/2021,BANTEN,910,11,154,745,40366,35878,982,3506
04/04/2021,BANTEN,3501,177,5599,-2275,43867,41477,1159,1231
05/04/2021,BANTEN,259,0,88,171,44126,41565,1159,1402
06/04/2021,BANTEN,187,0,11,176,44313,41576,1159,1578
07/04/2021,BANTEN,163,1,128,34,44476,41704,1160,1612
08/04/2021,BANTEN,121,1,38,82,44597,41742,1161,1694
09/04/2021,BANTEN,143,4,61,78,44740,41803,1165,1772
10/04/2021,BANTEN,99,2,25,72,44839,41828,1167,1844
11/04/2021,BANTEN,105,1,65,39,44944,41893,1168,1883
12/04/2021,BANTEN,331,2,205,124,45275,42098,1170,2007
13/04/2021,BANTEN,183,1,152,30,45458,42250,1171,2037
14/04/2021,BANTEN,86,1,102,-17,45544,42352,1172,2020
15/04/2021,BANTEN,81,1,95,-15,45625,42447,1173,2005
16/04/2021,BANTEN,152,3,54,95,45777,42501,1176,2100
17/04/2021,BANTEN,102,9,77,16,45879,42578,1185,2116
18/04/2021,BANTEN,50,0,249,-199,45929,42827,1185,1917
31/03/2020,NUSA TENGGARA BARAT,2,0,0,2,2,0,0,2
01/04/2020,NUSA TENGGARA BARAT,2,0,0,2,4,0,0,4
02/04/2020,NUSA TENGGARA BARAT,0,0,0,0,4,0,0,4
03/04/2020,NUSA TENGGARA BARAT,0,0,0,0,4,0,0,4
04/04/2020,NUSA TENGGARA BARAT,0,0,0,0,4,0,0,4
05/04/2020,NUSA TENGGARA BARAT,0,0,0,0,4,0,0,4
06/04/2020,NUSA TENGGARA BARAT,3,0,0,3,7,0,0,7
07/04/2020,NUSA TENGGARA BARAT,0,0,0,0,7,0,0,7
08/04/2020,NUSA TENGGARA BARAT,0,0,0,0,7,0,0,7
09/04/2020,NUSA TENGGARA BARAT,5,0,2,3,12,2,0,10
10/04/2020,NUSA TENGGARA BARAT,9,0,0,9,21,2,0,19
11/04/2020,NUSA TENGGARA BARAT,2,2,0,0,23,2,2,19
12/04/2020,NUSA TENGGARA BARAT,9,0,0,9,32,2,2,28
13/04/2020,NUSA TENGGARA BARAT,3,0,0,3,35,2,2,31
14/04/2020,NUSA TENGGARA BARAT,0,0,0,0,35,2,2,31
15/04/2020,NUSA TENGGARA BARAT,0,0,0,0,35,2,2,31
16/04/2020,NUSA TENGGARA BARAT,8,0,0,8,43,2,2,39
17/04/2020,NUSA TENGGARA BARAT,6,0,0,6,49,2,2,45
18/04/2020,NUSA TENGGARA BARAT,4,0,0,4,53,2,2,49
19/04/2020,NUSA TENGGARA BARAT,6,1,9,-4,59,11,3,45
20/04/2020,NUSA TENGGARA BARAT,11,1,0,10,70,11,4,55
21/04/2020,NUSA TENGGARA BARAT,21,0,0,21,91,11,4,76
22/04/2020,NUSA TENGGARA BARAT,15,0,0,15,106,11,4,91
23/04/2020,NUSA TENGGARA BARAT,7,0,2,5,113,13,4,96
24/04/2020,NUSA TENGGARA BARAT,38,0,2,36,151,15,4,132
25/04/2020,NUSA TENGGARA BARAT,27,0,5,22,178,20,4,154
26/04/2020,NUSA TENGGARA BARAT,15,0,0,15,193,20,4,169
27/04/2020,NUSA TENGGARA BARAT,11,0,2,9,204,22,4,178
28/04/2020,NUSA TENGGARA BARAT,15,0,2,13,219,24,4,191
29/04/2020,NUSA TENGGARA BARAT,9,0,7,2,228,31,4,193
30/04/2020,NUSA TENGGARA BARAT,0,0,0,0,228,31,4,193
01/05/2020,NUSA TENGGARA BARAT,3,0,0,3,231,31,4,196
02/05/2020,NUSA TENGGARA BARAT,17,0,1,16,248,32,4,212
03/05/2020,NUSA TENGGARA BARAT,18,0,4,14,266,36,4,226
04/05/2020,NUSA TENGGARA BARAT,0,0,0,0,266,36,4,226
05/05/2020,NUSA TENGGARA BARAT,16,0,10,6,282,46,4,232
06/05/2020,NUSA TENGGARA BARAT,5,1,7,-3,287,53,5,229
07/05/2020,NUSA TENGGARA BARAT,11,0,4,7,298,57,5,236
08/05/2020,NUSA TENGGARA BARAT,12,0,23,-11,310,80,5,225
09/05/2020,NUSA TENGGARA BARAT,18,1,7,10,328,87,6,235
10/05/2020,NUSA TENGGARA BARAT,0,0,5,-5,328,92,6,230
11/05/2020,NUSA TENGGARA BARAT,1,0,13,-12,329,105,6,218
12/05/2020,NUSA TENGGARA BARAT,8,0,0,8,337,105,6,226
13/05/2020,NUSA TENGGARA BARAT,5,1,9,-5,342,114,7,221
14/05/2020,NUSA TENGGARA BARAT,6,0,24,-18,348,138,7,203
15/05/2020,NUSA TENGGARA BARAT,8,0,50,-42,356,188,7,161
16/05/2020,NUSA TENGGARA BARAT,7,0,0,7,363,188,7,168
17/05/2020,NUSA TENGGARA BARAT,6,0,12,-6,369,200,7,162
18/05/2020,NUSA TENGGARA BARAT,4,0,13,-9,373,213,7,153
19/05/2020,NUSA TENGGARA BARAT,0,0,0,0,373,213,7,153
20/05/2020,NUSA TENGGARA BARAT,18,0,0,18,391,213,7,171
21/05/2020,NUSA TENGGARA BARAT,17,0,4,13,408,217,7,184
22/05/2020,NUSA TENGGARA BARAT,54,0,3,51,462,220,7,235
23/05/2020,NUSA TENGGARA BARAT,10,1,7,2,472,227,8,237
24/05/2020,NUSA TENGGARA BARAT,4,0,0,4,476,227,8,241
25/05/2020,NUSA TENGGARA BARAT,0,0,31,-31,476,258,8,210
26/05/2020,NUSA TENGGARA BARAT,10,0,0,10,486,258,8,220
27/05/2020,NUSA TENGGARA BARAT,49,1,14,34,535,272,9,254
28/05/2020,NUSA TENGGARA BARAT,25,1,1,23,560,273,10,277
29/05/2020,NUSA TENGGARA BARAT,28,0,3,25,588,276,10,302
30/05/2020,NUSA TENGGARA BARAT,4,0,3,1,592,279,10,303
31/05/2020,NUSA TENGGARA BARAT,42,0,12,30,634,291,10,333
01/06/2020,NUSA TENGGARA BARAT,16,0,1,15,650,292,10,348
02/06/2020,NUSA TENGGARA BARAT,18,2,0,16,668,292,12,364
03/06/2020,NUSA TENGGARA BARAT,15,1,5,9,683,297,13,373
04/06/2020,NUSA TENGGARA BARAT,20,4,2,14,703,299,17,387
05/06/2020,NUSA TENGGARA BARAT,52,3,0,49,755,299,20,436
06/06/2020,NUSA TENGGARA BARAT,41,1,12,28,796,311,21,464
07/06/2020,NUSA TENGGARA BARAT,10,0,14,-4,806,325,21,460
08/06/2020,NUSA TENGGARA BARAT,14,1,0,13,820,325,22,473
09/06/2020,NUSA TENGGARA BARAT,8,3,0,5,828,325,25,478
10/06/2020,NUSA TENGGARA BARAT,27,3,79,-55,855,404,28,423
11/06/2020,NUSA TENGGARA BARAT,11,3,44,-36,866,448,31,387
12/06/2020,NUSA TENGGARA BARAT,23,0,72,-49,889,520,31,338
13/06/2020,NUSA TENGGARA BARAT,13,2,21,-10,902,541,33,328
14/06/2020,NUSA TENGGARA BARAT,11,0,36,-25,913,577,33,303
15/06/2020,NUSA TENGGARA BARAT,22,2,31,-11,935,608,35,292
16/06/2020,NUSA TENGGARA BARAT,20,0,15,5,955,623,35,297
17/06/2020,NUSA TENGGARA BARAT,21,6,31,-16,976,654,41,281
18/06/2020,NUSA TENGGARA BARAT,30,2,20,8,1006,674,43,289
19/06/2020,NUSA TENGGARA BARAT,14,0,19,-5,1020,693,43,284
20/06/2020,NUSA TENGGARA BARAT,29,1,33,-5,1049,726,44,279
21/06/2020,NUSA TENGGARA BARAT,5,0,7,-2,1054,733,44,277
22/06/2020,NUSA TENGGARA BARAT,11,1,13,-3,1065,746,45,274
23/06/2020,NUSA TENGGARA BARAT,14,0,8,6,1079,754,45,280
24/06/2020,NUSA TENGGARA BARAT,21,2,19,0,1100,773,47,280
25/06/2020,NUSA TENGGARA BARAT,17,2,6,9,1117,779,49,289
26/06/2020,NUSA TENGGARA BARAT,23,0,11,12,1140,790,49,301
27/06/2020,NUSA TENGGARA BARAT,21,1,5,15,1161,795,50,316
28/06/2020,NUSA TENGGARA BARAT,36,9,19,8,1197,814,59,324
29/06/2020,NUSA TENGGARA BARAT,14,0,6,8,1211,820,59,332
30/06/2020,NUSA TENGGARA BARAT,21,1,8,12,1232,828,60,344
01/07/2020,NUSA TENGGARA BARAT,11,3,7,1,1243,835,63,345
02/07/2020,NUSA TENGGARA BARAT,15,0,11,4,1258,846,63,349
03/07/2020,NUSA TENGGARA BARAT,23,0,25,-2,1281,871,63,347
04/07/2020,NUSA TENGGARA BARAT,28,1,6,21,1309,877,64,368
05/07/2020,NUSA TENGGARA BARAT,18,0,9,9,1327,886,64,377
06/07/2020,NUSA TENGGARA BARAT,32,0,7,25,1359,893,64,402
07/07/2020,NUSA TENGGARA BARAT,30,1,8,21,1389,901,65,423
08/07/2020,NUSA TENGGARA BARAT,23,6,23,-6,1412,924,71,417
09/07/2020,NUSA TENGGARA BARAT,29,1,12,16,1441,936,72,433
10/07/2020,NUSA TENGGARA BARAT,36,2,14,20,1477,950,74,453
11/07/2020,NUSA TENGGARA BARAT,39,0,14,25,1516,964,74,478
12/07/2020,NUSA TENGGARA BARAT,30,3,13,14,1546,977,77,492
13/07/2020,NUSA TENGGARA BARAT,23,4,22,-3,1569,999,81,489
14/07/2020,NUSA TENGGARA BARAT,21,1,24,-4,1590,1023,82,485
15/07/2020,NUSA TENGGARA BARAT,26,3,14,9,1616,1037,85,494
16/07/2020,NUSA TENGGARA BARAT,30,0,27,3,1646,1064,85,497
17/07/2020,NUSA TENGGARA BARAT,21,1,11,9,1667,1075,86,506
18/07/2020,NUSA TENGGARA BARAT,25,3,13,9,1692,1088,89,515
19/07/2020,NUSA TENGGARA BARAT,31,5,19,7,1723,1107,94,522
20/07/2020,NUSA TENGGARA BARAT,34,2,1,31,1757,1108,96,553
21/07/2020,NUSA TENGGARA BARAT,18,2,14,2,1775,1122,98,555
22/07/2020,NUSA TENGGARA BARAT,12,0,10,2,1787,1132,98,557
23/07/2020,NUSA TENGGARA BARAT,33,0,13,20,1820,1145,98,577
24/07/2020,NUSA TENGGARA BARAT,28,5,16,7,1848,1161,103,584
25/07/2020,NUSA TENGGARA BARAT,33,0,13,20,1881,1174,103,604
26/07/2020,NUSA TENGGARA BARAT,20,1,22,-3,1901,1196,104,601
27/07/2020,NUSA TENGGARA BARAT,23,3,21,-1,1924,1217,107,600
28/07/2020,NUSA TENGGARA BARAT,20,1,6,13,1944,1223,108,613
29/07/2020,NUSA TENGGARA BARAT,40,0,30,10,1984,1253,108,623
30/07/2020,NUSA TENGGARA BARAT,36,0,12,24,2020,1265,108,647
31/07/2020,NUSA TENGGARA BARAT,43,2,24,17,2063,1289,110,664
01/08/2020,NUSA TENGGARA BARAT,0,0,0,0,2063,1289,110,664
02/08/2020,NUSA TENGGARA BARAT,50,5,26,19,2113,1315,115,683
03/08/2020,NUSA TENGGARA BARAT,35,2,9,24,2148,1324,117,707
04/08/2020,NUSA TENGGARA BARAT,21,2,11,8,2169,1335,119,715
05/08/2020,NUSA TENGGARA BARAT,26,2,29,-5,2195,1364,121,710
06/08/2020,NUSA TENGGARA BARAT,27,1,15,11,2222,1379,122,721
07/08/2020,NUSA TENGGARA BARAT,15,0,27,-12,2237,1406,122,709
08/08/2020,NUSA TENGGARA BARAT,24,1,8,15,2261,1414,123,724
09/08/2020,NUSA TENGGARA BARAT,27,0,14,13,2288,1428,123,737
10/08/2020,NUSA TENGGARA BARAT,26,2,10,14,2314,1438,125,751
11/08/2020,NUSA TENGGARA BARAT,22,3,55,-36,2336,1493,128,715
12/08/2020,NUSA TENGGARA BARAT,24,1,54,-31,2360,1547,129,684
13/08/2020,NUSA TENGGARA BARAT,13,0,48,-35,2373,1595,129,649
14/08/2020,NUSA TENGGARA BARAT,24,0,18,6,2397,1613,129,655
15/08/2020,NUSA TENGGARA BARAT,22,2,15,5,2419,1628,131,660
16/08/2020,NUSA TENGGARA BARAT,15,0,20,-5,2434,1648,131,655
17/08/2020,NUSA TENGGARA BARAT,22,1,13,8,2456,1661,132,663
18/08/2020,NUSA TENGGARA BARAT,23,2,19,2,2479,1680,134,665
19/08/2020,NUSA TENGGARA BARAT,24,1,21,2,2503,1701,135,667
20/08/2020,NUSA TENGGARA BARAT,21,1,29,-9,2524,1730,136,658
21/08/2020,NUSA TENGGARA BARAT,24,2,110,-88,2548,1840,138,570
22/08/2020,NUSA TENGGARA BARAT,14,3,26,-15,2562,1866,141,555
23/08/2020,NUSA TENGGARA BARAT,18,2,15,1,2580,1881,143,556
24/08/2020,NUSA TENGGARA BARAT,14,5,8,1,2594,1889,148,557
25/08/2020,NUSA TENGGARA BARAT,17,2,18,-3,2611,1907,150,554
26/08/2020,NUSA TENGGARA BARAT,28,2,16,10,2639,1923,152,564
27/08/2020,NUSA TENGGARA BARAT,21,3,21,-3,2660,1944,155,561
28/08/2020,NUSA TENGGARA BARAT,23,1,27,-5,2683,1971,156,556
29/08/2020,NUSA TENGGARA BARAT,42,0,27,15,2725,1998,156,571
30/08/2020,NUSA TENGGARA BARAT,1,1,24,-24,2726,2022,157,547
31/08/2020,NUSA TENGGARA BARAT,14,2,28,-16,2740,2050,159,531
01/09/2020,NUSA TENGGARA BARAT,16,3,28,-15,2756,2078,162,516
02/09/2020,NUSA TENGGARA BARAT,14,0,29,-15,2770,2107,162,501
03/09/2020,NUSA TENGGARA BARAT,14,0,12,2,2784,2119,162,503
04/09/2020,NUSA TENGGARA BARAT,9,3,14,-8,2793,2133,165,495
05/09/2020,NUSA TENGGARA BARAT,33,2,25,6,2826,2158,167,501
06/09/2020,NUSA TENGGARA BARAT,19,1,21,-3,2845,2179,168,498
07/09/2020,NUSA TENGGARA BARAT,8,1,16,-9,2853,2195,169,489
08/09/2020,NUSA TENGGARA BARAT,20,2,19,-1,2873,2214,171,488
09/09/2020,NUSA TENGGARA BARAT,15,0,25,-10,2888,2239,171,478
10/09/2020,NUSA TENGGARA BARAT,11,0,31,-20,2899,2270,171,458
11/09/2020,NUSA TENGGARA BARAT,9,1,19,-11,2908,2289,172,447
12/09/2020,NUSA TENGGARA BARAT,13,0,26,-13,2921,2315,172,434
13/09/2020,NUSA TENGGARA BARAT,16,1,9,6,2937,2324,173,440
14/09/2020,NUSA TENGGARA BARAT,22,0,23,-1,2959,2347,173,439
15/09/2020,NUSA TENGGARA BARAT,20,1,9,10,2979,2356,174,449
16/09/2020,NUSA TENGGARA BARAT,9,0,13,-4,2988,2369,174,445
17/09/2020,NUSA TENGGARA BARAT,19,3,20,-4,3007,2389,177,441
18/09/2020,NUSA TENGGARA BARAT,20,2,11,7,3027,2400,179,448
19/09/2020,NUSA TENGGARA BARAT,53,3,22,28,3080,2422,182,476
20/09/2020,NUSA TENGGARA BARAT,19,0,12,7,3099,2434,182,483
21/09/2020,NUSA TENGGARA BARAT,25,3,12,10,3124,2446,185,493
22/09/2020,NUSA TENGGARA BARAT,11,2,15,-6,3135,2461,187,487
23/09/2020,NUSA TENGGARA BARAT,24,0,20,4,3159,2481,187,491
24/09/2020,NUSA TENGGARA BARAT,39,3,20,16,3198,2501,190,507
25/09/2020,NUSA TENGGARA BARAT,18,2,39,-23,3216,2540,192,484
26/09/2020,NUSA TENGGARA BARAT,28,0,11,17,3244,2551,192,501
27/09/2020,NUSA TENGGARA BARAT,19,2,8,9,3263,2559,194,510
28/09/2020,NUSA TENGGARA BARAT,17,1,4,12,3280,2563,195,522
29/09/2020,NUSA TENGGARA BARAT,7,0,39,-32,3287,2602,195,490
30/09/2020,NUSA TENGGARA BARAT,27,1,40,-14,3314,2642,196,476
01/10/2020,NUSA TENGGARA BARAT,30,2,14,14,3344,2656,198,490
02/10/2020,NUSA TENGGARA BARAT,26,2,7,17,3370,2663,200,507
03/10/2020,NUSA TENGGARA BARAT,22,2,17,3,3392,2680,202,510
04/10/2020,NUSA TENGGARA BARAT,26,1,10,15,3418,2690,203,525
05/10/2020,NUSA TENGGARA BARAT,21,0,20,1,3439,2710,203,526
06/10/2020,NUSA TENGGARA BARAT,23,0,33,-10,3462,2743,203,516
07/10/2020,NUSA TENGGARA BARAT,7,0,18,-11,3469,2761,203,505
08/10/2020,NUSA TENGGARA BARAT,14,0,13,1,3483,2774,203,506
09/10/2020,NUSA TENGGARA BARAT,28,2,22,4,3511,2796,205,510
10/10/2020,NUSA TENGGARA BARAT,7,1,7,-1,3518,2803,206,509
11/10/2020,NUSA TENGGARA BARAT,19,0,7,12,3537,2810,206,521
12/10/2020,NUSA TENGGARA BARAT,15,0,7,8,3552,2817,206,529
13/10/2020,NUSA TENGGARA BARAT,8,0,72,-64,3560,2889,206,465
14/10/2020,NUSA TENGGARA BARAT,26,2,51,-27,3586,2940,208,438
15/10/2020,NUSA TENGGARA BARAT,25,0,15,10,3611,2955,208,448
16/10/2020,NUSA TENGGARA BARAT,33,0,19,14,3644,2974,208,462
17/10/2020,NUSA TENGGARA BARAT,27,1,24,2,3671,2998,209,464
18/10/2020,NUSA TENGGARA BARAT,31,0,11,20,3702,3009,209,484
19/10/2020,NUSA TENGGARA BARAT,28,2,6,20,3730,3015,211,504
20/10/2020,NUSA TENGGARA BARAT,21,2,10,9,3751,3025,213,513
21/10/2020,NUSA TENGGARA BARAT,32,1,14,17,3783,3039,214,530
22/10/2020,NUSA TENGGARA BARAT,25,1,42,-18,3808,3081,215,512
23/10/2020,NUSA TENGGARA BARAT,20,1,27,-8,3828,3108,216,504
24/10/2020,NUSA TENGGARA BARAT,6,1,14,-9,3834,3122,217,495
25/10/2020,NUSA TENGGARA BARAT,22,2,16,4,3856,3138,219,499
26/10/2020,NUSA TENGGARA BARAT,26,0,22,4,3882,3160,219,503
27/10/2020,NUSA TENGGARA BARAT,29,0,32,-3,3911,3192,219,500
28/10/2020,NUSA TENGGARA BARAT,27,0,32,-5,3938,3224,219,495
29/10/2020,NUSA TENGGARA BARAT,10,0,31,-21,3948,3255,219,474
30/10/2020,NUSA TENGGARA BARAT,16,1,4,11,3964,3259,220,485
31/10/2020,NUSA TENGGARA BARAT,6,1,3,2,3970,3262,221,487
01/11/2020,NUSA TENGGARA BARAT,24,0,5,19,3994,3267,221,506
02/11/2020,NUSA TENGGARA BARAT,2,1,9,-8,3996,3276,222,498
03/11/2020,NUSA TENGGARA BARAT,18,0,23,-5,4014,3299,222,493
04/11/2020,NUSA TENGGARA BARAT,26,2,59,-35,4040,3358,224,458
05/11/2020,NUSA TENGGARA BARAT,54,1,78,-25,4094,3436,225,433
06/11/2020,NUSA TENGGARA BARAT,21,2,27,-8,4115,3463,227,425
07/11/2020,NUSA TENGGARA BARAT,32,0,17,15,4147,3480,227,440
08/11/2020,NUSA TENGGARA BARAT,46,2,61,-17,4193,3541,229,423
09/11/2020,NUSA TENGGARA BARAT,44,0,3,41,4237,3544,229,464
10/11/2020,NUSA TENGGARA BARAT,11,0,0,11,4248,3544,229,475
11/11/2020,NUSA TENGGARA BARAT,36,0,0,36,4284,3544,229,511
12/11/2020,NUSA TENGGARA BARAT,28,0,0,28,4312,3544,229,539
13/11/2020,NUSA TENGGARA BARAT,48,0,0,48,4360,3544,229,587
14/11/2020,NUSA TENGGARA BARAT,27,0,0,27,4387,3544,229,614
15/11/2020,NUSA TENGGARA BARAT,14,0,0,14,4401,3544,229,628
16/11/2020,NUSA TENGGARA BARAT,0,0,0,0,4401,3544,229,628
17/11/2020,NUSA TENGGARA BARAT,4,0,3,1,4405,3547,229,629
18/11/2020,NUSA TENGGARA BARAT,21,1,10,10,4426,3557,230,639
19/11/2020,NUSA TENGGARA BARAT,16,0,14,2,4442,3571,230,641
20/11/2020,NUSA TENGGARA BARAT,39,4,22,13,4481,3593,234,654
21/11/2020,NUSA TENGGARA BARAT,28,0,2,26,4509,3595,234,680
22/11/2020,NUSA TENGGARA BARAT,10,0,30,-20,4519,3625,234,660
23/11/2020,NUSA TENGGARA BARAT,15,1,3,11,4534,3628,235,671
24/11/2020,NUSA TENGGARA BARAT,14,0,9,5,4548,3637,235,676
25/11/2020,NUSA TENGGARA BARAT,10,2,32,-24,4558,3669,237,652
26/11/2020,NUSA TENGGARA BARAT,17,0,21,-4,4575,3690,237,648
27/11/2020,NUSA TENGGARA BARAT,38,1,13,24,4613,3703,238,672
28/11/2020,NUSA TENGGARA BARAT,32,1,17,14,4645,3720,239,686
29/11/2020,NUSA TENGGARA BARAT,24,1,8,15,4669,3728,240,701
30/11/2020,NUSA TENGGARA BARAT,8,2,4,2,4677,3732,242,703
01/12/2020,NUSA TENGGARA BARAT,18,1,36,-19,4695,3768,243,684
02/12/2020,NUSA TENGGARA BARAT,22,1,49,-28,4717,3817,244,656
03/12/2020,NUSA TENGGARA BARAT,12,1,51,-40,4729,3868,245,616
04/12/2020,NUSA TENGGARA BARAT,33,2,103,-72,4762,3971,247,544
05/12/2020,NUSA TENGGARA BARAT,27,0,66,-39,4789,4037,247,505
06/12/2020,NUSA TENGGARA BARAT,14,1,32,-19,4803,4069,248,486
07/12/2020,NUSA TENGGARA BARAT,25,2,14,9,4828,4083,250,495
08/12/2020,NUSA TENGGARA BARAT,9,1,18,-10,4837,4101,251,485
09/12/2020,NUSA TENGGARA BARAT,57,1,22,34,4894,4123,252,519
10/12/2020,NUSA TENGGARA BARAT,20,0,19,1,4914,4142,252,520
11/12/2020,NUSA TENGGARA BARAT,34,0,14,20,4948,4156,252,540
12/12/2020,NUSA TENGGARA BARAT,37,1,28,8,4985,4184,253,548
13/12/2020,NUSA TENGGARA BARAT,29,2,16,11,5014,4200,255,559
14/12/2020,NUSA TENGGARA BARAT,47,0,4,43,5061,4204,255,602
15/12/2020,NUSA TENGGARA BARAT,34,2,19,13,5095,4223,257,615
16/12/2020,NUSA TENGGARA BARAT,33,0,10,23,5128,4233,257,638
17/12/2020,NUSA TENGGARA BARAT,31,0,0,31,5159,4233,257,669
18/12/2020,NUSA TENGGARA BARAT,19,0,0,19,5178,4233,257,688
19/12/2020,NUSA TENGGARA BARAT,35,1,26,8,5213,4259,258,696
20/12/2020,NUSA TENGGARA BARAT,23,0,10,13,5236,4269,258,709
21/12/2020,NUSA TENGGARA BARAT,57,2,1,54,5293,4270,260,763
22/12/2020,NUSA TENGGARA BARAT,39,0,36,3,5332,4306,260,766
23/12/2020,NUSA TENGGARA BARAT,22,0,23,-1,5354,4329,260,765
24/12/2020,NUSA TENGGARA BARAT,42,0,35,7,5396,4364,260,772
25/12/2020,NUSA TENGGARA BARAT,24,0,5,19,5420,4369,260,791
26/12/2020,NUSA TENGGARA BARAT,32,0,18,14,5452,4387,260,805
27/12/2020,NUSA TENGGARA BARAT,16,0,25,-9,5468,4412,260,796
28/12/2020,NUSA TENGGARA BARAT,53,0,5,48,5521,4417,260,844
29/12/2020,NUSA TENGGARA BARAT,11,0,36,-25,5532,4453,260,819
30/12/2020,NUSA TENGGARA BARAT,65,0,60,5,5597,4513,260,824
31/12/2020,NUSA TENGGARA BARAT,65,0,48,17,5662,4561,260,841
01/01/2021,NUSA TENGGARA BARAT,60,0,20,40,5722,4581,260,881
02/01/2021,NUSA TENGGARA BARAT,59,2,39,18,5781,4620,262,899
03/01/2021,NUSA TENGGARA BARAT,21,0,14,7,5802,4634,262,906
04/01/2021,NUSA TENGGARA BARAT,43,0,13,30,5845,4647,262,936
05/01/2021,NUSA TENGGARA BARAT,13,0,0,13,5858,4647,262,949
06/01/2021,NUSA TENGGARA BARAT,42,1,12,29,5900,4659,263,978
07/01/2021,NUSA TENGGARA BARAT,59,0,46,13,5959,4705,263,991
08/01/2021,NUSA TENGGARA BARAT,37,0,103,-66,5996,4808,263,925
09/01/2021,NUSA TENGGARA BARAT,70,0,88,-18,6066,4896,263,907
10/01/2021,NUSA TENGGARA BARAT,68,0,98,-30,6134,4994,263,877
11/01/2021,NUSA TENGGARA BARAT,43,0,72,-29,6177,5066,263,848
12/01/2021,NUSA TENGGARA BARAT,58,0,1,57,6235,5067,263,905
13/01/2021,NUSA TENGGARA BARAT,33,0,29,4,6268,5096,263,909
14/01/2021,NUSA TENGGARA BARAT,83,0,28,55,6351,5124,263,964
15/01/2021,NUSA TENGGARA BARAT,58,0,17,41,6409,5141,263,1005
16/01/2021,NUSA TENGGARA BARAT,72,0,14,58,6481,5155,263,1063
17/01/2021,NUSA TENGGARA BARAT,60,0,33,27,6541,5188,263,1090
18/01/2021,NUSA TENGGARA BARAT,35,1,40,-6,6576,5228,264,1084
19/01/2021,NUSA TENGGARA BARAT,65,2,23,40,6641,5251,266,1124
20/01/2021,NUSA TENGGARA BARAT,64,0,45,19,6705,5296,266,1143
21/01/2021,NUSA TENGGARA BARAT,90,3,97,-10,6795,5393,269,1133
22/01/2021,NUSA TENGGARA BARAT,55,1,68,-14,6850,5461,270,1119
23/01/2021,NUSA TENGGARA BARAT,88,1,33,54,6938,5494,271,1173
24/01/2021,NUSA TENGGARA BARAT,83,0,28,55,7021,5522,271,1228
25/01/2021,NUSA TENGGARA BARAT,57,0,25,32,7078,5547,271,1260
26/01/2021,NUSA TENGGARA BARAT,50,0,33,17,7128,5580,271,1277
27/01/2021,NUSA TENGGARA BARAT,107,0,50,57,7235,5630,271,1334
28/01/2021,NUSA TENGGARA BARAT,100,0,22,78,7335,5652,271,1412
29/01/2021,NUSA TENGGARA BARAT,83,3,37,43,7418,5689,274,1455
30/01/2021,NUSA TENGGARA BARAT,58,1,46,11,7476,5735,275,1466
31/01/2021,NUSA TENGGARA BARAT,96,4,42,50,7572,5777,279,1516
01/02/2021,NUSA TENGGARA BARAT,48,1,57,-10,7620,5834,280,1506
02/02/2021,NUSA TENGGARA BARAT,0,0,118,-118,7620,5952,280,1388
03/02/2021,NUSA TENGGARA BARAT,6,4,11,-9,7626,5963,284,1379
04/02/2021,NUSA TENGGARA BARAT,0,0,36,-36,7626,5999,284,1343
05/02/2021,NUSA TENGGARA BARAT,1,2,1,-2,7627,6000,286,1341
06/02/2021,NUSA TENGGARA BARAT,22,23,45,-46,7649,6045,309,1295
07/02/2021,NUSA TENGGARA BARAT,0,0,12,-12,7649,6057,309,1283
08/02/2021,NUSA TENGGARA BARAT,141,2,110,29,7790,6167,311,1312
09/02/2021,NUSA TENGGARA BARAT,87,22,110,-45,7877,6277,333,1267
10/02/2021,NUSA TENGGARA BARAT,90,1,53,36,7967,6330,334,1303
11/02/2021,NUSA TENGGARA BARAT,63,0,12,51,8030,6342,334,1354
12/02/2021,NUSA TENGGARA BARAT,36,1,78,-43,8066,6420,335,1311
13/02/2021,NUSA TENGGARA BARAT,17,0,58,-41,8083,6478,335,1270
14/02/2021,NUSA TENGGARA BARAT,13,1,75,-63,8096,6553,336,1207
15/02/2021,NUSA TENGGARA BARAT,3,0,11,-8,8099,6564,336,1199
16/02/2021,NUSA TENGGARA BARAT,57,0,12,45,8156,6576,336,1244
17/02/2021,NUSA TENGGARA BARAT,61,0,18,43,8217,6594,336,1287
18/02/2021,NUSA TENGGARA BARAT,38,0,15,23,8255,6609,336,1310
19/02/2021,NUSA TENGGARA BARAT,58,0,11,47,8313,6620,336,1357
20/02/2021,NUSA TENGGARA BARAT,39,0,18,21,8352,6638,336,1378
21/02/2021,NUSA TENGGARA BARAT,50,0,6,44,8402,6644,336,1422
22/02/2021,NUSA TENGGARA BARAT,75,0,3,72,8477,6647,336,1494
23/02/2021,NUSA TENGGARA BARAT,33,1,60,-28,8510,6707,337,1466
24/02/2021,NUSA TENGGARA BARAT,20,0,25,-5,8530,6732,337,1461
25/02/2021,NUSA TENGGARA BARAT,44,1,107,-64,8574,6839,338,1397
26/02/2021,NUSA TENGGARA BARAT,65,0,121,-56,8639,6960,338,1341
27/02/2021,NUSA TENGGARA BARAT,32,0,28,4,8671,6988,338,1345
28/02/2021,NUSA TENGGARA BARAT,67,3,70,-6,8738,7058,341,1339
01/03/2021,NUSA TENGGARA BARAT,50,1,23,26,8788,7081,342,1365
02/03/2021,NUSA TENGGARA BARAT,5,0,14,-9,8793,7095,342,1356
03/03/2021,NUSA TENGGARA BARAT,9,0,18,-9,8802,7113,342,1347
04/03/2021,NUSA TENGGARA BARAT,6,1,3,2,8808,7116,343,1349
05/03/2021,NUSA TENGGARA BARAT,41,1,1,39,8849,7117,344,1388
06/03/2021,NUSA TENGGARA BARAT,3,1,26,-24,8852,7143,345,1364
07/03/2021,NUSA TENGGARA BARAT,16,0,1,15,8868,7144,345,1379
08/03/2021,NUSA TENGGARA BARAT,2,1,1,0,8870,7145,346,1379
09/03/2021,NUSA TENGGARA BARAT,11,0,5,6,8881,7150,346,1385
10/03/2021,NUSA TENGGARA BARAT,25,0,99,-74,8906,7249,346,1311
11/03/2021,NUSA TENGGARA BARAT,0,0,6,-6,8906,7255,346,1305
12/03/2021,NUSA TENGGARA BARAT,1,1,0,0,8907,7255,347,1305
13/03/2021,NUSA TENGGARA BARAT,20,0,12,8,8927,7267,347,1313
14/03/2021,NUSA TENGGARA BARAT,69,0,0,69,8996,7267,347,1382
15/03/2021,NUSA TENGGARA BARAT,42,1,10,31,9038,7277,348,1413
16/03/2021,NUSA TENGGARA BARAT,1,0,0,1,9039,7277,348,1414
17/03/2021,NUSA TENGGARA BARAT,34,0,1,33,9073,7278,348,1447
18/03/2021,NUSA TENGGARA BARAT,67,0,28,39,9140,7306,348,1486
19/03/2021,NUSA TENGGARA BARAT,28,0,16,12,9168,7322,348,1498
20/03/2021,NUSA TENGGARA BARAT,41,2,2,37,9209,7324,350,1535
21/03/2021,NUSA TENGGARA BARAT,33,0,8,25,9242,7332,350,1560
22/03/2021,NUSA TENGGARA BARAT,64,1,50,13,9306,7382,351,1573
23/03/2021,NUSA TENGGARA BARAT,15,0,2,13,9321,7384,351,1586
24/03/2021,NUSA TENGGARA BARAT,38,0,5,33,9359,7389,351,1619
25/03/2021,NUSA TENGGARA BARAT,41,0,13,28,9400,7402,351,1647
26/03/2021,NUSA TENGGARA BARAT,17,0,1,16,9417,7403,351,1663
27/03/2021,NUSA TENGGARA BARAT,35,3,6,26,9452,7409,354,1689
28/03/2021,NUSA TENGGARA BARAT,6,0,0,6,9458,7409,354,1695
29/03/2021,NUSA TENGGARA BARAT,32,2,12,18,9490,7421,356,1713
30/03/2021,NUSA TENGGARA BARAT,60,4,75,-19,9550,7496,360,1694
31/03/2021,NUSA TENGGARA BARAT,42,0,12,30,9592,7508,360,1724
01/04/2021,NUSA TENGGARA BARAT,15,2,3,10,9607,7511,362,1734
02/04/2021,NUSA TENGGARA BARAT,17,0,8,9,9624,7519,362,1743
03/04/2021,NUSA TENGGARA BARAT,21,0,0,21,9645,7519,362,1764
04/04/2021,NUSA TENGGARA BARAT,19,1,0,18,9664,7519,363,1782
05/04/2021,NUSA TENGGARA BARAT,32,2,0,30,9696,7519,365,1812
06/04/2021,NUSA TENGGARA BARAT,7,1,1,5,9703,7520,366,1817
07/04/2021,NUSA TENGGARA BARAT,26,0,10,16,9729,7530,366,1833
08/04/2021,NUSA TENGGARA BARAT,43,1,5,37,9772,7535,367,1870
09/04/2021,NUSA TENGGARA BARAT,25,0,0,25,9797,7535,367,1895
10/04/2021,NUSA TENGGARA BARAT,17,0,20,-3,9814,7555,367,1892
11/04/2021,NUSA TENGGARA BARAT,19,0,3,16,9833,7558,367,1908
12/04/2021,NUSA TENGGARA BARAT,32,0,0,32,9865,7558,367,1940
13/04/2021,NUSA TENGGARA BARAT,5,1,52,-48,9870,7610,368,1892
14/04/2021,NUSA TENGGARA BARAT,20,0,4,16,9890,7614,368,1908
15/04/2021,NUSA TENGGARA BARAT,31,0,0,31,9921,7614,368,1939
16/04/2021,NUSA TENGGARA BARAT,86,0,4,82,10007,7618,368,2021
17/04/2021,NUSA TENGGARA BARAT,33,4,27,2,10040,7645,372,2023
29/03/2020,BALI,1,0,0,1,1,0,0,1
30/03/2020,BALI,9,0,0,9,10,0,0,10
31/03/2020,BALI,0,0,3,-3,10,3,0,7
01/04/2020,BALI,6,0,2,4,16,5,0,11
02/04/2020,BALI,0,0,0,0,16,5,0,11
03/04/2020,BALI,3,0,0,3,19,5,0,14
04/04/2020,BALI,5,0,0,5,24,5,0,19
05/04/2020,BALI,3,0,8,-5,27,13,0,14
06/04/2020,BALI,7,0,0,7,34,13,0,21
07/04/2020,BALI,0,0,0,0,34,13,0,21
08/04/2020,BALI,6,0,0,6,40,13,0,27
09/04/2020,BALI,14,0,0,14,54,13,0,41
10/04/2020,BALI,12,0,1,11,66,14,0,52
11/04/2020,BALI,4,0,0,4,70,14,0,56
12/04/2020,BALI,2,0,0,2,72,14,0,58
13/04/2020,BALI,5,0,1,4,77,15,0,62
14/04/2020,BALI,6,0,1,5,83,16,0,67
15/04/2020,BALI,6,0,0,6,89,16,0,73
16/04/2020,BALI,15,0,9,6,104,25,0,79
17/04/2020,BALI,11,0,5,6,115,30,0,85
18/04/2020,BALI,7,0,0,7,122,30,0,92
19/04/2020,BALI,4,1,2,1,126,32,1,93
20/04/2020,BALI,5,0,4,1,131,36,1,94
21/04/2020,BALI,10,0,0,10,141,36,1,104
22/04/2020,BALI,2,2,5,-5,143,41,3,99
23/04/2020,BALI,15,0,8,7,158,49,3,106
24/04/2020,BALI,10,0,2,8,168,51,3,114
25/04/2020,BALI,6,0,13,-7,174,64,3,107
26/04/2020,BALI,3,0,5,-2,177,69,3,105
27/04/2020,BALI,7,0,6,1,184,75,3,106
28/04/2020,BALI,22,0,7,15,206,82,3,121
29/04/2020,BALI,0,0,8,-8,206,90,3,113
30/04/2020,BALI,7,0,17,-10,213,107,3,103
01/05/2020,BALI,13,0,8,5,226,115,3,108
02/05/2020,BALI,2,0,8,-6,228,123,3,102
03/05/2020,BALI,25,0,22,3,253,145,3,105
04/05/2020,BALI,9,0,8,1,262,153,3,106
05/05/2020,BALI,6,0,1,5,268,154,3,111
06/05/2020,BALI,0,0,6,-6,268,160,3,105
07/05/2020,BALI,10,0,17,-7,278,177,3,98
08/05/2020,BALI,13,0,12,1,291,189,3,99
09/05/2020,BALI,6,0,2,4,297,191,3,103
10/05/2020,BALI,5,0,7,-2,302,198,3,101
11/05/2020,BALI,3,0,6,-3,305,204,3,98
12/05/2020,BALI,14,0,5,9,319,209,3,107
13/05/2020,BALI,4,0,5,-1,323,214,3,106
14/05/2020,BALI,5,0,3,2,328,217,3,108
15/05/2020,BALI,6,0,9,-3,334,226,3,105
16/05/2020,BALI,3,0,11,-8,337,237,3,97
17/05/2020,BALI,2,0,6,-4,339,243,3,93
18/05/2020,BALI,11,0,7,4,350,250,3,97
19/05/2020,BALI,4,0,10,-6,354,260,3,91
20/05/2020,BALI,8,0,9,-1,362,269,3,90
21/05/2020,BALI,3,0,4,-1,365,273,3,89
22/05/2020,BALI,6,0,4,2,371,277,3,91
23/05/2020,BALI,8,0,3,5,379,280,3,96
24/05/2020,BALI,6,0,6,0,385,286,3,96
25/05/2020,BALI,2,0,2,0,387,288,3,96
26/05/2020,BALI,11,0,0,11,398,288,3,107
27/05/2020,BALI,8,0,7,1,406,295,3,108
28/05/2020,BALI,5,0,12,-7,411,307,3,101
29/05/2020,BALI,23,0,6,17,434,313,3,118
30/05/2020,BALI,12,0,8,4,446,321,3,122
31/05/2020,BALI,10,0,1,9,456,322,3,131
01/06/2020,BALI,17,1,5,11,473,327,4,142
02/06/2020,BALI,5,0,0,5,478,327,4,147
03/06/2020,BALI,3,0,15,-12,481,342,4,135
04/06/2020,BALI,20,0,15,5,501,357,4,140
05/06/2020,BALI,14,0,5,9,515,362,4,149
06/06/2020,BALI,33,0,2,31,548,364,4,180
07/06/2020,BALI,25,0,2,23,573,366,4,203
08/06/2020,BALI,12,0,4,8,585,370,4,211
09/06/2020,BALI,14,0,32,-18,599,402,4,193
10/06/2020,BALI,32,0,3,29,631,405,4,222
11/06/2020,BALI,19,0,12,7,650,417,4,229
12/06/2020,BALI,36,0,24,12,686,441,4,241
13/06/2020,BALI,28,1,14,13,714,455,5,254
14/06/2020,BALI,18,0,12,6,732,467,5,260
15/06/2020,BALI,19,0,28,-9,751,495,5,251
16/06/2020,BALI,22,0,8,14,773,503,5,265
17/06/2020,BALI,47,0,32,15,820,535,5,280
18/06/2020,BALI,65,0,11,54,885,546,5,334
19/06/2020,BALI,81,0,13,68,966,559,5,402
20/06/2020,BALI,35,1,23,11,1001,582,6,413
21/06/2020,BALI,35,2,17,16,1036,599,8,429
22/06/2020,BALI,31,0,12,19,1067,611,8,448
23/06/2020,BALI,35,0,24,11,1102,635,8,459
24/06/2020,BALI,43,0,7,36,1145,642,8,495
25/06/2020,BALI,56,2,11,43,1201,653,10,538
26/06/2020,BALI,49,0,73,-24,1250,726,10,514
27/06/2020,BALI,107,0,21,86,1357,747,10,600
28/06/2020,BALI,45,2,20,23,1402,767,12,623
29/06/2020,BALI,28,0,12,16,1430,779,12,639
30/06/2020,BALI,49,1,15,33,1479,794,13,672
01/07/2020,BALI,32,1,61,-30,1511,855,14,642
02/07/2020,BALI,114,1,15,98,1625,870,15,740
03/07/2020,BALI,66,0,38,28,1691,908,15,768
04/07/2020,BALI,92,2,24,66,1783,932,17,834
05/07/2020,BALI,52,2,30,20,1835,962,19,854
06/07/2020,BALI,50,3,7,40,1885,969,22,894
07/07/2020,BALI,39,2,60,-23,1924,1029,24,871
08/07/2020,BALI,30,0,45,-15,1954,1074,24,856
09/07/2020,BALI,53,1,92,-40,2007,1166,25,816
10/07/2020,BALI,86,0,31,55,2093,1197,25,871
11/07/2020,BALI,35,1,151,-117,2128,1348,26,754
12/07/2020,BALI,45,0,59,-14,2173,1407,26,740
13/07/2020,BALI,63,0,97,-34,2236,1504,26,706
14/07/2020,BALI,101,0,64,37,2337,1568,26,743
15/07/2020,BALI,64,2,41,21,2401,1609,28,764
16/07/2020,BALI,112,3,105,4,2513,1714,31,768
17/07/2020,BALI,85,3,88,-6,2598,1802,34,762
18/07/2020,BALI,71,1,66,4,2669,1868,35,766
19/07/2020,BALI,54,4,115,-65,2723,1983,39,701
20/07/2020,BALI,36,4,67,-35,2759,2050,43,666
21/07/2020,BALI,88,2,54,32,2847,2104,45,698
22/07/2020,BALI,77,0,68,9,2924,2172,45,707
23/07/2020,BALI,62,2,74,-14,2986,2246,47,693
24/07/2020,BALI,62,0,70,-8,3048,2316,47,685
25/07/2020,BALI,56,0,86,-30,3104,2402,47,655
26/07/2020,BALI,43,0,81,-38,3147,2483,47,617
27/07/2020,BALI,63,0,81,-18,3210,2564,47,599
28/07/2020,BALI,30,0,57,-27,3240,2621,47,572
29/07/2020,BALI,61,0,85,-24,3301,2706,47,548
30/07/2020,BALI,50,0,77,-27,3351,2783,47,521
31/07/2020,BALI,47,0,88,-41,3398,2871,47,480
01/08/2020,BALI,41,0,48,-7,3439,2919,47,473
02/08/2020,BALI,40,0,47,-7,3479,2966,47,466
03/08/2020,BALI,41,0,55,-14,3520,3021,47,452
04/08/2020,BALI,49,0,59,-10,3569,3080,47,442
05/08/2020,BALI,39,0,45,-6,3608,3125,47,436
06/08/2020,BALI,27,0,38,-11,3635,3163,47,425
07/08/2020,BALI,38,1,40,-3,3673,3203,48,422
08/08/2020,BALI,38,0,32,6,3711,3235,48,428
09/08/2020,BALI,59,0,29,30,3770,3264,48,458
10/08/2020,BALI,38,0,39,-1,3808,3303,48,457
11/08/2020,BALI,45,0,48,-3,3853,3351,48,454
12/08/2020,BALI,30,0,32,-2,3883,3383,48,452
13/08/2020,BALI,35,0,37,-2,3918,3420,48,450
14/08/2020,BALI,53,0,59,-6,3971,3479,48,444
15/08/2020,BALI,44,0,43,1,4015,3522,48,445
16/08/2020,BALI,41,1,52,-12,4056,3574,49,433
17/08/2020,BALI,45,0,46,-1,4101,3620,49,432
18/08/2020,BALI,48,1,24,23,4149,3644,50,455
19/08/2020,BALI,62,0,53,9,4211,3697,50,464
20/08/2020,BALI,72,0,50,22,4283,3747,50,486
21/08/2020,BALI,76,0,63,13,4359,3810,50,499
22/08/2020,BALI,78,1,67,10,4437,3877,51,509
23/08/2020,BALI,67,0,72,-5,4504,3949,51,504
24/08/2020,BALI,63,0,54,9,4567,4003,51,513
25/08/2020,BALI,74,2,51,21,4641,4054,53,534
26/08/2020,BALI,76,2,57,17,4717,4111,55,551
27/08/2020,BALI,82,2,74,6,4799,4185,57,557
28/08/2020,BALI,93,2,71,20,4892,4256,59,577
29/08/2020,BALI,88,2,67,19,4980,4323,61,596
30/08/2020,BALI,89,3,28,58,5069,4351,64,654
31/08/2020,BALI,129,3,79,47,5198,4430,67,701
01/09/2020,BALI,160,2,100,58,5358,4530,69,759
02/09/2020,BALI,169,5,101,63,5527,4631,74,822
03/09/2020,BALI,174,4,118,52,5701,4749,78,874
04/09/2020,BALI,196,9,81,106,5897,4830,87,980
05/09/2020,BALI,165,10,94,61,6062,4924,97,1041
06/09/2020,BALI,141,7,90,44,6203,5014,104,1085
07/09/2020,BALI,173,11,94,68,6376,5108,115,1153
08/09/2020,BALI,164,12,114,38,6540,5222,127,1191
09/09/2020,BALI,173,14,97,62,6713,5319,141,1253
10/09/2020,BALI,111,9,115,-13,6824,5434,150,1240
11/09/2020,BALI,143,10,92,41,6967,5526,160,1281
12/09/2020,BALI,135,7,64,64,7102,5590,167,1345
13/09/2020,BALI,113,6,98,9,7215,5688,173,1354
14/09/2020,BALI,86,5,91,-10,7301,5779,178,1344
15/09/2020,BALI,68,5,55,8,7369,5834,183,1352
16/09/2020,BALI,49,4,50,-5,7418,5884,187,1347
17/09/2020,BALI,63,6,92,-35,7481,5976,193,1312
18/09/2020,BALI,50,5,94,-49,7531,6070,198,1263
19/09/2020,BALI,85,7,140,-62,7616,6210,205,1201
20/09/2020,BALI,121,10,125,-14,7737,6335,215,1187
21/09/2020,BALI,139,6,80,53,7876,6415,221,1240
22/09/2020,BALI,108,7,119,-18,7984,6534,228,1222
23/09/2020,BALI,132,7,86,39,8116,6620,235,1261
24/09/2020,BALI,119,5,131,-17,8235,6751,240,1244
25/09/2020,BALI,144,4,74,66,8379,6825,244,1310
26/09/2020,BALI,63,2,87,-26,8442,6912,246,1284
27/09/2020,BALI,80,7,72,1,8522,6984,253,1285
28/09/2020,BALI,107,9,139,-41,8629,7123,262,1244
29/09/2020,BALI,106,8,123,-25,8735,7246,270,1219
30/09/2020,BALI,133,4,116,13,8868,7362,274,1232
01/10/2020,BALI,141,3,122,16,9009,7484,277,1248
02/10/2020,BALI,130,6,91,33,9139,7575,283,1281
03/10/2020,BALI,105,3,108,-6,9244,7683,286,1275
04/10/2020,BALI,111,4,131,-24,9355,7814,290,1251
05/10/2020,BALI,83,4,127,-48,9438,7941,294,1203
06/10/2020,BALI,99,6,130,-37,9537,8071,300,1166
07/10/2020,BALI,105,5,120,-20,9642,8191,305,1146
08/10/2020,BALI,107,7,125,-25,9749,8316,312,1121
09/10/2020,BALI,138,4,138,-4,9887,8454,316,1117
10/10/2020,BALI,131,3,143,-15,10018,8597,319,1102
11/10/2020,BALI,107,1,98,8,10125,8695,320,1110
12/10/2020,BALI,93,3,138,-48,10218,8833,323,1062
13/10/2020,BALI,76,8,141,-73,10294,8974,331,989
14/10/2020,BALI,109,7,141,-39,10403,9115,338,950
15/10/2020,BALI,100,1,158,-59,10503,9273,339,891
16/10/2020,BALI,92,1,132,-41,10595,9405,340,850
17/10/2020,BALI,92,2,100,-10,10687,9505,342,840
18/10/2020,BALI,74,3,78,-7,10761,9583,345,833
19/10/2020,BALI,110,3,100,7,10871,9683,348,840
20/10/2020,BALI,75,2,105,-32,10946,9788,350,808
21/10/2020,BALI,87,2,95,-10,11033,9883,352,798
22/10/2020,BALI,83,2,94,-13,11116,9977,354,785
23/10/2020,BALI,78,6,77,-5,11194,10054,360,780
24/10/2020,BALI,76,10,89,-23,11270,10143,370,757
25/10/2020,BALI,109,1,82,26,11379,10225,371,783
26/10/2020,BALI,67,2,58,7,11446,10283,373,790
27/10/2020,BALI,65,4,77,-16,11511,10360,377,774
28/10/2020,BALI,68,2,36,30,11579,10396,379,804
29/10/2020,BALI,59,2,55,2,11638,10451,381,806
30/10/2020,BALI,65,3,107,-45,11703,10558,384,761
31/10/2020,BALI,52,2,63,-13,11755,10621,386,748
01/11/2020,BALI,57,2,57,-2,11812,10678,388,746
02/11/2020,BALI,25,2,84,-61,11837,10762,390,685
03/11/2020,BALI,60,1,80,-21,11897,10842,391,664
04/11/2020,BALI,73,1,76,-4,11970,10918,392,660
05/11/2020,BALI,60,3,99,-42,12030,11017,395,618
06/11/2020,BALI,74,3,79,-8,12104,11096,398,610
07/11/2020,BALI,68,0,49,19,12172,11145,398,629
08/11/2020,BALI,44,0,46,-2,12216,11191,398,627
09/11/2020,BALI,68,1,70,-3,12284,11261,399,624
10/11/2020,BALI,44,2,2,40,12328,11263,401,664
11/11/2020,BALI,93,0,134,-41,12421,11397,401,623
12/11/2020,BALI,89,1,52,36,12510,11449,402,659
13/11/2020,BALI,64,1,56,7,12574,11505,403,666
14/11/2020,BALI,48,0,13,35,12622,11518,403,701
15/11/2020,BALI,60,0,95,-35,12682,11613,403,666
16/11/2020,BALI,7,2,10,-5,12689,11623,405,661
17/11/2020,BALI,2,0,9,-7,12691,11632,405,654
18/11/2020,BALI,69,1,85,-17,12760,11717,406,637
19/11/2020,BALI,88,0,66,22,12848,11783,406,659
20/11/2020,BALI,61,2,54,5,12909,11837,408,664
21/11/2020,BALI,94,0,73,21,13003,11910,408,685
22/11/2020,BALI,103,1,60,42,13106,11970,409,727
23/11/2020,BALI,68,3,63,2,13174,12033,412,729
24/11/2020,BALI,111,1,105,5,13285,12138,413,734
25/11/2020,BALI,95,4,64,27,13380,12202,417,761
26/11/2020,BALI,111,6,49,56,13491,12251,423,817
27/11/2020,BALI,82,3,53,26,13573,12304,426,843
28/11/2020,BALI,99,1,103,-5,13672,12407,427,838
29/11/2020,BALI,109,1,56,52,13781,12463,428,890
30/11/2020,BALI,89,4,2,83,13870,12465,432,973
01/12/2020,BALI,109,3,49,57,13979,12514,435,1030
02/12/2020,BALI,202,1,66,135,14181,12580,436,1165
03/12/2020,BALI,230,5,119,106,14411,12699,441,1271
04/12/2020,BALI,122,2,65,55,14533,12764,443,1326
05/12/2020,BALI,91,0,114,-23,14624,12878,443,1303
06/12/2020,BALI,110,2,73,35,14734,12951,445,1338
07/12/2020,BALI,102,2,150,-50,14836,13101,447,1288
08/12/2020,BALI,86,0,140,-54,14922,13241,447,1234
09/12/2020,BALI,139,5,110,24,15061,13351,452,1258
10/12/2020,BALI,112,4,85,23,15173,13436,456,1281
11/12/2020,BALI,110,4,116,-10,15283,13552,460,1271
12/12/2020,BALI,69,2,95,-28,15352,13647,462,1243
13/12/2020,BALI,72,1,64,7,15424,13711,463,1250
14/12/2020,BALI,77,0,77,0,15501,13788,463,1250
15/12/2020,BALI,73,5,73,-5,15574,13861,468,1245
16/12/2020,BALI,145,2,147,-4,15719,14008,470,1241
17/12/2020,BALI,132,2,102,28,15851,14110,472,1269
18/12/2020,BALI,121,4,77,40,15972,14187,476,1309
19/12/2020,BALI,96,1,89,6,16068,14276,477,1315
20/12/2020,BALI,99,4,91,4,16167,14367,481,1319
21/12/2020,BALI,135,1,121,13,16302,14488,482,1332
22/12/2020,BALI,117,1,171,-55,16419,14659,483,1277
23/12/2020,BALI,122,2,103,17,16541,14762,485,1294
24/12/2020,BALI,123,3,133,-13,16664,14895,488,1281
25/12/2020,BALI,112,5,113,-6,16776,15008,493,1275
26/12/2020,BALI,96,4,118,-26,16872,15126,497,1249
27/12/2020,BALI,66,3,68,-5,16938,15194,500,1244
28/12/2020,BALI,138,4,157,-23,17076,15351,504,1221
29/12/2020,BALI,172,2,173,-3,17248,15524,506,1218
30/12/2020,BALI,157,9,146,2,17405,15670,515,1220
31/12/2020,BALI,179,5,142,32,17584,15812,520,1252
01/01/2021,BALI,101,1,137,-37,17685,15949,521,1215
02/01/2021,BALI,165,5,205,-45,17850,16154,526,1170
03/01/2021,BALI,119,2,100,17,17969,16254,528,1187
04/01/2021,BALI,118,7,205,-94,18087,16459,535,1093
05/01/2021,BALI,167,2,189,-24,18254,16648,537,1069
06/01/2021,BALI,191,7,155,29,18445,16803,544,1098
07/01/2021,BALI,189,6,134,49,18634,16937,550,1147
08/01/2021,BALI,231,5,106,120,18865,17043,555,1267
09/01/2021,BALI,189,3,115,71,19054,17158,558,1338
10/01/2021,BALI,169,4,112,53,19223,17270,562,1391
11/01/2021,BALI,253,2,162,89,19476,17432,564,1480
12/01/2021,BALI,350,8,136,206,19826,17568,572,1686
13/01/2021,BALI,268,4,123,141,20094,17691,576,1827
14/01/2021,BALI,297,6,248,43,20391,17939,582,1870
15/01/2021,BALI,311,4,202,105,20702,18141,586,1975
16/01/2021,BALI,319,4,146,169,21021,18287,590,2144
17/01/2021,BALI,262,1,127,134,21283,18414,591,2278
18/01/2021,BALI,238,5,243,-10,21521,18657,596,2268
19/01/2021,BALI,247,3,242,2,21768,18899,599,2270
20/01/2021,BALI,494,6,236,252,22262,19135,605,2522
21/01/2021,BALI,483,4,217,262,22745,19352,609,2784
22/01/2021,BALI,313,9,240,64,23058,19592,618,2848
23/01/2021,BALI,253,6,271,-24,23311,19863,624,2824
24/01/2021,BALI,292,3,220,69,23603,20083,627,2893
25/01/2021,BALI,186,12,301,-127,23789,20384,639,2766
26/01/2021,BALI,542,13,240,289,24331,20624,652,3055
27/01/2021,BALI,540,2,197,341,24871,20821,654,3396
28/01/2021,BALI,366,9,296,61,25237,21117,663,3457
29/01/2021,BALI,415,6,314,95,25652,21431,669,3552
30/01/2021,BALI,253,5,298,-50,25905,21729,674,3502
31/01/2021,BALI,238,9,290,-61,26143,22019,683,3441
01/02/2021,BALI,253,7,281,-35,26396,22300,690,3406
02/02/2021,BALI,309,4,371,-66,26705,22671,694,3340
03/02/2021,BALI,261,5,249,7,26966,22920,699,3347
04/02/2021,BALI,216,6,398,-188,27182,23318,705,3159
05/02/2021,BALI,508,10,471,27,27690,23789,715,3186
06/02/2021,BALI,197,6,359,-168,27887,24148,721,3018
07/02/2021,BALI,381,8,344,29,28268,24492,729,3047
08/02/2021,BALI,260,9,449,-198,28528,24941,738,2849
09/02/2021,BALI,453,8,276,169,28981,25217,746,3018
10/02/2021,BALI,305,7,273,25,29286,25490,753,3043
11/02/2021,BALI,371,11,473,-113,29657,25963,764,2930
12/02/2021,BALI,312,11,316,-15,29969,26279,775,2915
13/02/2021,BALI,156,9,227,-80,30125,26506,784,2835
14/02/2021,BALI,139,5,229,-95,30264,26735,789,2740
15/02/2021,BALI,274,5,290,-21,30538,27025,794,2719
16/02/2021,BALI,274,6,273,-5,30812,27298,800,2714
17/02/2021,BALI,374,5,184,185,31186,27482,805,2899
18/02/2021,BALI,306,8,348,-50,31492,27830,813,2849
19/02/2021,BALI,330,11,444,-125,31822,28274,824,2724
20/02/2021,BALI,202,4,469,-271,32024,28743,828,2453
21/02/2021,BALI,326,3,275,48,32350,29018,831,2501
22/02/2021,BALI,278,7,328,-57,32628,29346,838,2444
23/02/2021,BALI,288,6,379,-97,32916,29725,844,2347
24/02/2021,BALI,307,7,310,-10,33223,30035,851,2337
25/02/2021,BALI,263,3,292,-32,33486,30327,854,2305
26/02/2021,BALI,330,9,266,55,33816,30593,863,2360
27/02/2021,BALI,151,4,345,-198,33967,30938,867,2162
28/02/2021,BALI,239,2,168,69,34206,31106,869,2231
01/03/2021,BALI,165,7,232,-74,34371,31338,876,2157
02/03/2021,BALI,167,4,225,-62,34538,31563,880,2095
03/03/2021,BALI,198,7,222,-31,34736,31785,887,2064
04/03/2021,BALI,268,17,256,-5,35004,32041,904,2059
05/03/2021,BALI,214,2,252,-40,35218,32293,906,2019
06/03/2021,BALI,153,1,219,-67,35371,32512,907,1952
07/03/2021,BALI,147,3,216,-72,35518,32728,910,1880
08/03/2021,BALI,200,2,235,-37,35718,32963,912,1843
09/03/2021,BALI,256,6,284,-34,35974,33247,918,1809
10/03/2021,BALI,254,1,227,26,36228,33474,919,1835
11/03/2021,BALI,156,3,144,9,36384,33618,922,1844
12/03/2021,BALI,197,5,228,-36,36581,33846,927,1808
13/03/2021,BALI,158,2,160,-4,36739,34006,929,1804
14/03/2021,BALI,0,3,23,-26,36739,34029,932,1778
15/03/2021,BALI,100,3,227,-130,36839,34256,935,1648
16/03/2021,BALI,77,3,219,-145,36916,34475,938,1503
17/03/2021,BALI,227,3,279,-55,37143,34754,941,1448
18/03/2021,BALI,306,4,187,115,37449,34941,945,1563
19/03/2021,BALI,207,9,208,-10,37656,35149,954,1553
20/03/2021,BALI,130,4,198,-72,37786,35347,958,1481
21/03/2021,BALI,186,3,140,43,37972,35487,961,1524
22/03/2021,BALI,174,0,191,-17,38146,35678,961,1507
23/03/2021,BALI,182,12,136,34,38328,35814,973,1541
24/03/2021,BALI,189,12,131,46,38517,35945,985,1587
25/03/2021,BALI,201,6,135,60,38718,36080,991,1647
26/03/2021,BALI,178,5,122,51,38896,36202,996,1698
27/03/2021,BALI,145,4,125,16,39041,36327,1000,1714
28/03/2021,BALI,121,6,144,-29,39162,36471,1006,1685
29/03/2021,BALI,144,4,207,-67,39306,36678,1010,1618
30/03/2021,BALI,169,1,159,9,39475,36837,1011,1627
31/03/2021,BALI,200,6,152,42,39675,36989,1017,1669
01/04/2021,BALI,172,8,188,-24,39847,37177,1025,1645
02/04/2021,BALI,169,6,128,35,40016,37305,1031,1680
03/04/2021,BALI,141,5,177,-41,40157,37482,1036,1639
04/04/2021,BALI,255,4,231,20,40412,37713,1040,1659
05/04/2021,BALI,187,6,170,11,40599,37883,1046,1670
06/04/2021,BALI,236,9,172,55,40835,38055,1055,1725
07/04/2021,BALI,210,3,32,175,41045,38087,1058,1900
08/04/2021,BALI,205,10,213,-18,41250,38300,1068,1882
09/04/2021,BALI,207,11,163,33,41457,38463,1079,1915
10/04/2021,BALI,153,6,106,41,41610,38569,1085,1956
11/04/2021,BALI,115,1,120,-6,41725,38689,1086,1950
12/04/2021,BALI,169,7,158,4,41894,38847,1093,1954
13/04/2021,BALI,150,7,122,21,42044,38969,1100,1975
14/04/2021,BALI,121,3,88,30,42165,39057,1103,2005
15/04/2021,BALI,202,5,110,87,42367,39167,1108,2092
16/04/2021,BALI,211,4,28,179,42578,39195,1112,2271
17/04/2021,BALI,169,4,0,165,42747,39195,1116,2436
18/04/2021,BALI,172,10,0,162,42919,39195,1126,2598
22/03/2020,PAPUA,2,0,0,2,2,0,0,2
23/03/2020,PAPUA,0,0,0,0,2,0,0,2
24/03/2020,PAPUA,0,0,0,0,2,0,0,2
25/03/2020,PAPUA,0,0,0,0,2,0,0,2
26/03/2020,PAPUA,4,0,0,4,6,0,0,6
27/03/2020,PAPUA,0,0,0,0,6,0,0,6
28/03/2020,PAPUA,0,0,0,0,6,0,0,6
29/03/2020,PAPUA,2,0,0,2,8,0,0,8
30/03/2020,PAPUA,0,0,0,0,8,0,0,8
31/03/2020,PAPUA,1,0,1,0,9,1,0,8
01/04/2020,PAPUA,0,0,1,-1,9,2,0,7
02/04/2020,PAPUA,0,0,1,-1,9,3,0,6
03/04/2020,PAPUA,6,1,0,5,15,3,1,11
04/04/2020,PAPUA,2,0,1,1,17,4,1,12
05/04/2020,PAPUA,8,0,0,8,25,4,1,20
06/04/2020,PAPUA,0,1,0,-1,25,4,2,19
07/04/2020,PAPUA,0,1,0,-1,25,4,3,18
08/04/2020,PAPUA,11,0,0,11,36,4,3,29
09/04/2020,PAPUA,0,0,0,0,36,4,3,29
10/04/2020,PAPUA,0,1,1,-2,36,5,4,27
11/04/2020,PAPUA,24,0,2,22,60,7,4,49
12/04/2020,PAPUA,1,0,2,-1,61,9,4,48
13/04/2020,PAPUA,6,0,0,6,67,9,4,54
14/04/2020,PAPUA,0,0,0,0,67,9,4,54
15/04/2020,PAPUA,7,0,0,7,74,9,4,61
16/04/2020,PAPUA,5,2,5,-2,79,14,6,59
17/04/2020,PAPUA,9,0,0,9,88,14,6,68
18/04/2020,PAPUA,6,0,0,6,94,14,6,74
19/04/2020,PAPUA,12,0,0,12,106,14,6,86
20/04/2020,PAPUA,0,0,14,-14,106,28,6,72
21/04/2020,PAPUA,11,0,4,7,117,32,6,79
22/04/2020,PAPUA,5,0,0,5,122,32,6,84
23/04/2020,PAPUA,7,0,0,7,129,32,6,91
24/04/2020,PAPUA,6,0,0,6,135,32,6,97
25/04/2020,PAPUA,0,0,0,0,135,32,6,97
26/04/2020,PAPUA,5,0,0,5,140,32,6,102
27/04/2020,PAPUA,10,0,0,10,150,32,6,112
28/04/2020,PAPUA,26,0,16,10,176,48,6,122
29/04/2020,PAPUA,12,0,0,12,188,48,6,134
30/04/2020,PAPUA,16,0,0,16,204,48,6,150
01/05/2020,PAPUA,5,0,1,4,209,49,6,154
02/05/2020,PAPUA,29,0,0,29,238,49,6,183
03/05/2020,PAPUA,0,0,0,0,238,49,6,183
04/05/2020,PAPUA,0,0,0,0,238,49,6,183
05/05/2020,PAPUA,6,0,0,6,244,49,6,189
06/05/2020,PAPUA,1,0,0,1,245,49,6,190
07/05/2020,PAPUA,4,0,0,4,249,49,6,194
08/05/2020,PAPUA,13,0,0,13,262,49,6,207
09/05/2020,PAPUA,12,0,0,12,274,49,6,219
10/05/2020,PAPUA,30,0,0,30,304,49,6,249
11/05/2020,PAPUA,0,0,0,0,304,49,6,249
12/05/2020,PAPUA,16,0,0,16,320,49,6,265
13/05/2020,PAPUA,5,0,0,5,325,49,6,270
14/05/2020,PAPUA,4,0,0,4,329,49,6,274
15/05/2020,PAPUA,3,0,0,3,332,49,6,277
16/05/2020,PAPUA,15,0,0,15,347,49,6,292
17/05/2020,PAPUA,33,0,0,33,380,49,6,325
18/05/2020,PAPUA,0,0,0,0,380,49,6,325
19/05/2020,PAPUA,6,0,0,6,386,49,6,331
20/05/2020,PAPUA,20,0,0,20,406,49,6,351
21/05/2020,PAPUA,1,0,0,1,407,49,6,352
22/05/2020,PAPUA,27,0,0,27,434,49,6,379
23/05/2020,PAPUA,56,0,0,56,490,49,6,435
24/05/2020,PAPUA,62,0,0,62,552,49,6,497
25/05/2020,PAPUA,9,0,20,-11,561,69,6,486
26/05/2020,PAPUA,0,0,0,0,561,69,6,486
27/05/2020,PAPUA,14,0,0,14,575,69,6,500
28/05/2020,PAPUA,4,0,0,4,579,69,6,504
29/05/2020,PAPUA,56,0,0,56,635,69,6,560
30/05/2020,PAPUA,18,0,0,18,653,69,6,578
31/05/2020,PAPUA,17,0,0,17,670,69,6,595
01/06/2020,PAPUA,41,0,0,41,711,69,6,636
02/06/2020,PAPUA,99,1,10,88,810,79,7,724
03/06/2020,PAPUA,46,0,0,46,856,79,7,770
04/06/2020,PAPUA,17,0,0,17,873,79,7,787
05/06/2020,PAPUA,42,0,0,42,915,79,7,829
06/06/2020,PAPUA,86,0,0,86,1001,79,7,915
07/06/2020,PAPUA,54,0,0,54,1055,79,7,969
08/06/2020,PAPUA,22,0,0,22,1077,79,7,991
09/06/2020,PAPUA,16,0,0,16,1093,79,7,1007
10/06/2020,PAPUA,28,0,0,28,1121,79,7,1035
11/06/2020,PAPUA,19,0,0,19,1140,79,7,1054
12/06/2020,PAPUA,31,0,0,31,1171,79,7,1085
13/06/2020,PAPUA,42,0,0,42,1213,79,7,1127
14/06/2020,PAPUA,12,0,50,-38,1225,129,7,1089
15/06/2020,PAPUA,0,0,63,-63,1225,192,7,1026
16/06/2020,PAPUA,29,0,103,-74,1254,295,7,952
17/06/2020,PAPUA,29,0,3,26,1283,298,7,978
18/06/2020,PAPUA,38,0,0,38,1321,298,7,1016
19/06/2020,PAPUA,18,0,0,18,1339,298,7,1034
20/06/2020,PAPUA,12,0,0,12,1351,298,7,1046
21/06/2020,PAPUA,49,0,0,49,1400,298,7,1095
22/06/2020,PAPUA,11,0,0,11,1411,298,7,1106
23/06/2020,PAPUA,49,0,0,49,1460,298,7,1155
24/06/2020,PAPUA,55,0,0,55,1515,298,7,1210
25/06/2020,PAPUA,56,0,0,56,1571,298,7,1266
26/06/2020,PAPUA,17,0,0,17,1588,298,7,1283
27/06/2020,PAPUA,35,0,0,35,1623,298,7,1318
28/06/2020,PAPUA,25,0,337,-312,1648,635,7,1006
29/06/2020,PAPUA,2,0,105,-103,1650,740,7,903
30/06/2020,PAPUA,62,8,119,-65,1712,859,15,838
01/07/2020,PAPUA,94,0,14,80,1806,873,15,918
02/07/2020,PAPUA,70,1,0,69,1876,873,16,987
03/07/2020,PAPUA,23,0,10,13,1899,883,16,1000
04/07/2020,PAPUA,38,0,0,38,1937,883,16,1038
05/07/2020,PAPUA,36,0,0,36,1973,883,16,1074
06/07/2020,PAPUA,7,2,48,-43,1980,931,18,1031
07/07/2020,PAPUA,30,1,35,-6,2010,966,19,1025
08/07/2020,PAPUA,18,1,23,-6,2028,989,20,1019
09/07/2020,PAPUA,28,0,57,-29,2056,1046,20,990
10/07/2020,PAPUA,85,0,16,69,2141,1062,20,1059
11/07/2020,PAPUA,28,0,19,9,2169,1081,20,1068
12/07/2020,PAPUA,67,2,7,58,2236,1088,22,1126
13/07/2020,PAPUA,101,0,9,92,2337,1097,22,1218
14/07/2020,PAPUA,1,0,2,-1,2338,1099,22,1217
15/07/2020,PAPUA,68,3,59,6,2406,1158,25,1223
16/07/2020,PAPUA,55,1,9,45,2461,1167,26,1268
17/07/2020,PAPUA,21,0,35,-14,2482,1202,26,1254
18/07/2020,PAPUA,58,0,11,47,2540,1213,26,1301
19/07/2020,PAPUA,50,1,13,36,2590,1226,27,1337
20/07/2020,PAPUA,41,0,10,31,2631,1236,27,1368
21/07/2020,PAPUA,9,3,7,-1,2640,1243,30,1367
22/07/2020,PAPUA,32,0,13,19,2672,1256,30,1386
23/07/2020,PAPUA,46,0,4,42,2718,1260,30,1428
24/07/2020,PAPUA,68,0,2,66,2786,1262,30,1494
25/07/2020,PAPUA,42,2,52,-12,2828,1314,32,1482
26/07/2020,PAPUA,57,0,8,49,2885,1322,32,1531
27/07/2020,PAPUA,56,0,16,40,2941,1338,32,1571
28/07/2020,PAPUA,19,0,9,10,2960,1347,32,1581
29/07/2020,PAPUA,27,0,17,10,2987,1364,32,1591
30/07/2020,PAPUA,33,0,14,19,3020,1378,32,1610
31/07/2020,PAPUA,38,0,0,38,3058,1378,32,1648
01/08/2020,PAPUA,28,0,0,28,3086,1378,32,1676
02/08/2020,PAPUA,27,1,22,4,3113,1400,33,1680
03/08/2020,PAPUA,0,0,0,0,3113,1400,33,1680
04/08/2020,PAPUA,50,0,47,3,3163,1447,33,1683
05/08/2020,PAPUA,11,0,27,-16,3174,1474,33,1667
06/08/2020,PAPUA,17,1,49,-33,3191,1523,34,1634
07/08/2020,PAPUA,22,0,223,-201,3213,1746,34,1433
08/08/2020,PAPUA,0,1,0,-1,3213,1746,35,1432
09/08/2020,PAPUA,43,0,106,-63,3256,1852,35,1369
10/08/2020,PAPUA,21,0,30,-9,3277,1882,35,1360
11/08/2020,PAPUA,1,0,56,-55,3278,1938,35,1305
12/08/2020,PAPUA,26,0,15,11,3304,1953,35,1316
13/08/2020,PAPUA,31,0,9,22,3335,1962,35,1338
14/08/2020,PAPUA,9,0,3,6,3344,1965,35,1344
15/08/2020,PAPUA,0,0,36,-36,3344,2001,35,1308
16/08/2020,PAPUA,77,1,20,56,3421,2021,36,1364
17/08/2020,PAPUA,10,0,4,6,3431,2025,36,1370
18/08/2020,PAPUA,0,0,0,0,3431,2025,36,1370
19/08/2020,PAPUA,21,2,6,13,3452,2031,38,1383
20/08/2020,PAPUA,67,4,65,-2,3519,2096,42,1381
21/08/2020,PAPUA,14,0,150,-136,3533,2246,42,1245
22/08/2020,PAPUA,33,0,36,-3,3566,2282,42,1242
23/08/2020,PAPUA,0,0,0,0,3566,2282,42,1242
24/08/2020,PAPUA,83,0,409,-326,3649,2691,42,916
25/08/2020,PAPUA,0,0,0,0,3649,2691,42,916
26/08/2020,PAPUA,36,0,340,-304,3685,3031,42,612
27/08/2020,PAPUA,23,0,12,11,3708,3043,42,623
28/08/2020,PAPUA,26,0,53,-27,3734,3096,42,596
29/08/2020,PAPUA,36,0,20,16,3770,3116,42,612
30/08/2020,PAPUA,25,1,5,19,3795,3121,43,631
31/08/2020,PAPUA,0,0,0,0,3795,3121,43,631
01/09/2020,PAPUA,66,1,25,40,3861,3146,44,671
02/09/2020,PAPUA,11,0,21,-10,3872,3167,44,661
03/09/2020,PAPUA,28,1,0,27,3900,3167,45,688
04/09/2020,PAPUA,72,1,18,53,3972,3185,46,741
05/09/2020,PAPUA,101,2,69,30,4073,3254,48,771
06/09/2020,PAPUA,0,0,0,0,4073,3254,48,771
07/09/2020,PAPUA,74,2,39,33,4147,3293,50,804
08/09/2020,PAPUA,14,0,24,-10,4161,3317,50,794
09/09/2020,PAPUA,0,0,0,0,4161,3317,50,794
10/09/2020,PAPUA,113,2,21,90,4274,3338,52,884
11/09/2020,PAPUA,54,2,26,26,4328,3364,54,910
12/09/2020,PAPUA,62,0,27,35,4390,3391,54,945
13/09/2020,PAPUA,84,3,18,63,4474,3409,57,1008
14/09/2020,PAPUA,96,0,0,96,4570,3409,57,1104
15/09/2020,PAPUA,65,2,20,43,4635,3429,59,1147
16/09/2020,PAPUA,126,2,11,113,4761,3440,61,1260
17/09/2020,PAPUA,73,3,16,54,4834,3456,64,1314
18/09/2020,PAPUA,58,5,67,-14,4892,3523,69,1300
19/09/2020,PAPUA,203,3,43,157,5095,3566,72,1457
20/09/2020,PAPUA,50,0,0,50,5145,3566,72,1507
21/09/2020,PAPUA,29,0,0,29,5174,3566,72,1536
22/09/2020,PAPUA,73,2,13,58,5247,3579,74,1594
23/09/2020,PAPUA,139,4,50,85,5386,3629,78,1679
24/09/2020,PAPUA,266,2,68,196,5652,3697,80,1875
25/09/2020,PAPUA,110,0,0,110,5762,3697,80,1985
26/09/2020,PAPUA,77,0,55,22,5839,3752,80,2007
27/09/2020,PAPUA,113,0,0,113,5952,3752,80,2120
28/09/2020,PAPUA,46,0,0,46,5998,3752,80,2166
29/09/2020,PAPUA,0,0,0,0,5998,3752,80,2166
30/09/2020,PAPUA,322,6,92,224,6320,3844,86,2390
01/10/2020,PAPUA,61,5,32,24,6381,3876,91,2414
02/10/2020,PAPUA,122,3,60,59,6503,3936,94,2473
03/10/2020,PAPUA,186,5,47,134,6689,3983,99,2607
04/10/2020,PAPUA,91,4,31,56,6780,4014,103,2663
05/10/2020,PAPUA,100,0,0,100,6880,4014,103,2763
06/10/2020,PAPUA,192,3,55,134,7072,4069,106,2897
07/10/2020,PAPUA,141,0,51,90,7213,4120,106,2987
08/10/2020,PAPUA,98,1,47,50,7311,4167,107,3037
09/10/2020,PAPUA,116,0,0,116,7427,4167,107,3153
10/10/2020,PAPUA,44,3,51,-10,7471,4218,110,3143
11/10/2020,PAPUA,150,0,0,150,7621,4218,110,3293
12/10/2020,PAPUA,0,0,0,0,7621,4218,110,3293
13/10/2020,PAPUA,142,1,114,27,7763,4332,111,3320
14/10/2020,PAPUA,224,1,46,177,7987,4378,112,3497
15/10/2020,PAPUA,111,1,58,52,8098,4436,113,3549
16/10/2020,PAPUA,0,0,0,0,8098,4436,113,3549
17/10/2020,PAPUA,69,4,18,47,8167,4454,117,3596
18/10/2020,PAPUA,71,0,0,71,8238,4454,117,3667
19/10/2020,PAPUA,0,0,0,0,8238,4454,117,3667
20/10/2020,PAPUA,129,2,95,32,8367,4549,119,3699
21/10/2020,PAPUA,0,0,0,0,8367,4549,119,3699
22/10/2020,PAPUA,95,0,0,95,8462,4549,119,3794
23/10/2020,PAPUA,49,0,0,49,8511,4549,119,3843
24/10/2020,PAPUA,57,0,0,57,8568,4549,119,3900
25/10/2020,PAPUA,49,0,0,49,8617,4549,119,3949
26/10/2020,PAPUA,167,5,66,96,8784,4615,124,4045
27/10/2020,PAPUA,0,0,0,0,8784,4615,124,4045
28/10/2020,PAPUA,125,5,39,81,8909,4654,129,4126
29/10/2020,PAPUA,20,0,0,20,8929,4654,129,4146
30/10/2020,PAPUA,62,0,0,62,8991,4654,129,4208
31/10/2020,PAPUA,45,0,0,45,9036,4654,129,4253
01/11/2020,PAPUA,0,0,0,0,9036,4654,129,4253
02/11/2020,PAPUA,0,0,0,0,9036,4654,129,4253
03/11/2020,PAPUA,45,0,22,23,9081,4676,129,4276
04/11/2020,PAPUA,0,0,0,0,9081,4676,129,4276
05/11/2020,PAPUA,193,4,165,24,9274,4841,133,4300
06/11/2020,PAPUA,0,0,0,0,9274,4841,133,4300
07/11/2020,PAPUA,0,0,0,0,9274,4841,133,4300
08/11/2020,PAPUA,33,2,50,-19,9307,4891,135,4281
09/11/2020,PAPUA,0,0,0,0,9307,4891,135,4281
10/11/2020,PAPUA,0,0,0,0,9307,4891,135,4281
11/11/2020,PAPUA,0,0,0,0,9307,4891,135,4281
12/11/2020,PAPUA,100,1,35,64,9407,4926,136,4345
13/11/2020,PAPUA,147,0,0,147,9554,4926,136,4492
14/11/2020,PAPUA,177,1,27,149,9731,4953,137,4641
15/11/2020,PAPUA,0,0,0,0,9731,4953,137,4641
16/11/2020,PAPUA,17,0,77,-60,9748,5030,137,4581
17/11/2020,PAPUA,6,0,0,6,9754,5030,137,4587
18/11/2020,PAPUA,4,0,0,4,9758,5030,137,4591
19/11/2020,PAPUA,0,0,0,0,9758,5030,137,4591
20/11/2020,PAPUA,0,0,0,0,9758,5030,137,4591
21/11/2020,PAPUA,0,0,0,0,9758,5030,137,4591
22/11/2020,PAPUA,0,0,0,0,9758,5030,137,4591
23/11/2020,PAPUA,0,0,0,0,9758,5030,137,4591
24/11/2020,PAPUA,100,0,0,100,9858,5030,137,4691
25/11/2020,PAPUA,39,0,0,39,9897,5030,137,4730
26/11/2020,PAPUA,36,0,0,36,9933,5030,137,4766
27/11/2020,PAPUA,39,0,0,39,9972,5030,137,4805
28/11/2020,PAPUA,28,0,100,-72,10000,5130,137,4733
29/11/2020,PAPUA,8,0,100,-92,10008,5230,137,4641
30/11/2020,PAPUA,5,0,100,-95,10013,5330,137,4546
01/12/2020,PAPUA,80,3,0,77,10093,5330,140,4623
02/12/2020,PAPUA,30,0,20,10,10123,5350,140,4633
03/12/2020,PAPUA,1748,1,102,1645,11871,5452,141,6278
04/12/2020,PAPUA,122,0,224,-102,11993,5676,141,6176
05/12/2020,PAPUA,52,0,0,52,12045,5676,141,6228
06/12/2020,PAPUA,19,0,0,19,12064,5676,141,6247
07/12/2020,PAPUA,48,0,25,23,12112,5701,141,6270
08/12/2020,PAPUA,123,0,0,123,12235,5701,141,6393
09/12/2020,PAPUA,59,0,3,56,12294,5704,141,6449
10/12/2020,PAPUA,37,1,46,-10,12331,5750,142,6439
11/12/2020,PAPUA,64,0,44,20,12395,5794,142,6459
12/12/2020,PAPUA,52,0,39,13,12447,5833,142,6472
13/12/2020,PAPUA,17,0,0,17,12464,5833,142,6489
14/12/2020,PAPUA,31,0,0,31,12495,5833,142,6520
15/12/2020,PAPUA,110,0,7,103,12605,5840,142,6623
16/12/2020,PAPUA,43,0,0,43,12648,5840,142,6666
17/12/2020,PAPUA,26,4,39,-17,12674,5879,146,6649
18/12/2020,PAPUA,28,0,8,20,12702,5887,146,6669
19/12/2020,PAPUA,32,0,0,32,12734,5887,146,6701
20/12/2020,PAPUA,17,0,1,16,12751,5888,146,6717
21/12/2020,PAPUA,32,0,100,-68,12783,5988,146,6649
22/12/2020,PAPUA,33,0,17,16,12816,6005,146,6665
23/12/2020,PAPUA,28,0,43,-15,12844,6048,146,6650
24/12/2020,PAPUA,41,0,0,41,12885,6048,146,6691
25/12/2020,PAPUA,22,0,300,-278,12907,6348,146,6413
26/12/2020,PAPUA,51,0,200,-149,12958,6548,146,6264
27/12/2020,PAPUA,92,0,200,-108,13050,6748,146,6156
28/12/2020,PAPUA,26,0,0,26,13076,6748,146,6182
29/12/2020,PAPUA,46,0,58,-12,13122,6806,146,6170
30/12/2020,PAPUA,31,0,150,-119,13153,6956,146,6051
31/12/2020,PAPUA,55,1,100,-46,13208,7056,147,6005
01/01/2021,PAPUA,11,1,123,-113,13219,7179,148,5892
02/01/2021,PAPUA,23,0,109,-86,13242,7288,148,5806
03/01/2021,PAPUA,27,1,211,-185,13269,7499,149,5621
04/01/2021,PAPUA,36,1,124,-89,13305,7623,150,5532
05/01/2021,PAPUA,67,0,102,-35,13372,7725,150,5497
06/01/2021,PAPUA,58,0,119,-61,13430,7844,150,5436
07/01/2021,PAPUA,47,1,105,-59,13477,7949,151,5377
08/01/2021,PAPUA,70,2,116,-48,13547,8065,153,5329
09/01/2021,PAPUA,75,1,13,61,13622,8078,154,5390
10/01/2021,PAPUA,32,1,8,23,13654,8086,155,5413
11/01/2021,PAPUA,63,0,13,50,13717,8099,155,5463
12/01/2021,PAPUA,42,0,12,30,13759,8111,155,5493
13/01/2021,PAPUA,61,2,12,47,13820,8123,157,5540
14/01/2021,PAPUA,50,1,8,41,13870,8131,158,5581
15/01/2021,PAPUA,99,0,9,90,13969,8140,158,5671
16/01/2021,PAPUA,98,0,8,90,14067,8148,158,5761
17/01/2021,PAPUA,32,0,0,32,14099,8148,158,5793
18/01/2021,PAPUA,31,1,8,22,14130,8156,159,5815
19/01/2021,PAPUA,109,0,9,100,14239,8165,159,5915
20/01/2021,PAPUA,60,0,6,54,14299,8171,159,5969
21/01/2021,PAPUA,90,0,18,72,14389,8189,159,6041
22/01/2021,PAPUA,185,0,16,169,14574,8205,159,6210
23/01/2021,PAPUA,69,3,101,-35,14643,8306,162,6175
24/01/2021,PAPUA,64,0,10,54,14707,8316,162,6229
25/01/2021,PAPUA,18,0,27,-9,14725,8343,162,6220
26/01/2021,PAPUA,136,0,21,115,14861,8364,162,6335
27/01/2021,PAPUA,70,1,19,50,14931,8383,163,6385
28/01/2021,PAPUA,0,2,115,-117,14931,8498,165,6268
29/01/2021,PAPUA,212,2,16,194,15143,8514,167,6462
30/01/2021,PAPUA,64,1,12,51,15207,8526,168,6513
31/01/2021,PAPUA,22,0,16,6,15229,8542,168,6519
01/02/2021,PAPUA,11,0,16,-5,15240,8558,168,6514
02/02/2021,PAPUA,77,0,17,60,15317,8575,168,6574
03/02/2021,PAPUA,69,0,51,18,15386,8626,168,6592
04/02/2021,PAPUA,145,0,23,122,15531,8649,168,6714
05/02/2021,PAPUA,63,0,19,44,15594,8668,168,6758
06/02/2021,PAPUA,67,0,14,53,15661,8682,168,6811
07/02/2021,PAPUA,57,0,10,47,15718,8692,168,6858
08/02/2021,PAPUA,52,0,18,34,15770,8710,168,6892
09/02/2021,PAPUA,63,0,19,44,15833,8729,168,6936
10/02/2021,PAPUA,101,2,10,89,15934,8739,170,7025
11/02/2021,PAPUA,41,0,16,25,15975,8755,170,7050
12/02/2021,PAPUA,67,1,18,48,16042,8773,171,7098
13/02/2021,PAPUA,55,0,7,48,16097,8780,171,7146
14/02/2021,PAPUA,15,0,13,2,16112,8793,171,7148
15/02/2021,PAPUA,17,0,12,5,16129,8805,171,7153
16/02/2021,PAPUA,2,0,13,-11,16131,8818,171,7142
17/02/2021,PAPUA,8,0,225,-217,16139,9043,171,6925
18/02/2021,PAPUA,33,0,8,25,16172,9051,171,6950
19/02/2021,PAPUA,143,0,34,109,16315,9085,171,7059
20/02/2021,PAPUA,118,1,12,105,16433,9097,172,7164
21/02/2021,PAPUA,40,3,12,25,16473,9109,175,7189
22/02/2021,PAPUA,92,0,1,91,16565,9110,175,7280
23/02/2021,PAPUA,76,0,17,59,16641,9127,175,7339
24/02/2021,PAPUA,41,0,19,22,16682,9146,175,7361
25/02/2021,PAPUA,51,0,22,29,16733,9168,175,7390
26/02/2021,PAPUA,160,0,37,123,16893,9205,175,7513
27/02/2021,PAPUA,93,0,31,62,16986,9236,175,7575
28/02/2021,PAPUA,55,0,49,6,17041,9285,175,7581
01/03/2021,PAPUA,41,2,41,-2,17082,9326,177,7579
02/03/2021,PAPUA,82,1,49,32,17164,9375,178,7611
03/03/2021,PAPUA,116,0,36,80,17280,9411,178,7691
04/03/2021,PAPUA,163,0,48,115,17443,9459,178,7806
05/03/2021,PAPUA,63,0,33,30,17506,9492,178,7836
06/03/2021,PAPUA,53,1,27,25,17559,9519,179,7861
07/03/2021,PAPUA,5,2,39,-36,17564,9558,181,7825
08/03/2021,PAPUA,89,0,41,48,17653,9599,181,7873
09/03/2021,PAPUA,360,1,29,330,18013,9628,182,8203
10/03/2021,PAPUA,181,1,32,148,18194,9660,183,8351
11/03/2021,PAPUA,153,14,424,-285,18347,10084,197,8066
12/03/2021,PAPUA,55,0,30,25,18402,10114,197,8091
13/03/2021,PAPUA,47,0,37,10,18449,10151,197,8101
14/03/2021,PAPUA,32,0,38,-6,18481,10189,197,8095
15/03/2021,PAPUA,45,0,30,15,18526,10219,197,8110
16/03/2021,PAPUA,70,0,21,49,18596,10240,197,8159
17/03/2021,PAPUA,65,0,2,63,18661,10242,197,8222
18/03/2021,PAPUA,126,0,30,96,18787,10272,197,8318
19/03/2021,PAPUA,110,1,19,90,18897,10291,198,8408
20/03/2021,PAPUA,40,0,0,40,18937,10291,198,8448
21/03/2021,PAPUA,5,2,35,-32,18942,10326,200,8416
22/03/2021,PAPUA,20,0,0,20,18962,10326,200,8436
23/03/2021,PAPUA,59,0,21,38,19021,10347,200,8474
24/03/2021,PAPUA,66,0,12,54,19087,10359,200,8528
25/03/2021,PAPUA,116,0,40,76,19203,10399,200,8604
26/03/2021,PAPUA,89,0,5,84,19292,10404,200,8688
27/03/2021,PAPUA,121,0,0,121,19413,10404,200,8809
28/03/2021,PAPUA,15,0,15,0,19428,10419,200,8809
29/03/2021,PAPUA,50,1,11,38,19478,10430,201,8847
30/03/2021,PAPUA,52,1,35,16,19530,10465,202,8863
31/03/2021,PAPUA,58,0,0,58,19588,10465,202,8921
01/04/2021,PAPUA,13,1,25,-13,19601,10490,203,8908
02/04/2021,PAPUA,52,0,51,1,19653,10541,203,8909
03/04/2021,PAPUA,21,0,32,-11,19674,10573,203,8898
04/04/2021,PAPUA,17,0,18,-1,19691,10591,203,8897
05/04/2021,PAPUA,6,1,46,-41,19697,10637,204,8856
06/04/2021,PAPUA,30,0,3,27,19727,10640,204,8883
07/04/2021,PAPUA,60,0,20,40,19787,10660,204,8923
08/04/2021,PAPUA,75,2,30,43,19862,10690,206,8966
09/04/2021,PAPUA,66,0,37,29,19928,10727,206,8995
10/04/2021,PAPUA,73,0,0,73,20001,10727,206,9068
11/04/2021,PAPUA,20,1,39,-20,20021,10766,207,9048
12/04/2021,PAPUA,30,0,67,-37,20051,10833,207,9011
13/04/2021,PAPUA,12,0,1,11,20063,10834,207,9022
14/04/2021,PAPUA,0,0,37,-37,20063,10871,207,8985
15/04/2021,PAPUA,63,0,30,33,20126,10901,207,9018
16/04/2021,PAPUA,44,0,41,3,20170,10942,207,9021
17/04/2021,PAPUA,13,0,34,-21,20183,10976,207,9000
18/04/2021,PAPUA,6,0,48,-42,20189,11024,207,8958
30/03/2020,KALIMANTAN SELATAN,5,0,0,5,5,0,0,5
31/03/2020,KALIMANTAN SELATAN,2,0,0,2,7,0,0,7
01/04/2020,KALIMANTAN SELATAN,0,0,0,0,7,0,0,7
02/04/2020,KALIMANTAN SELATAN,0,0,0,0,7,0,0,7
03/04/2020,KALIMANTAN SELATAN,0,0,0,0,7,0,0,7
04/04/2020,KALIMANTAN SELATAN,0,0,0,0,7,0,0,7
05/04/2020,KALIMANTAN SELATAN,8,1,0,7,15,0,1,14
06/04/2020,KALIMANTAN SELATAN,2,0,0,2,17,0,1,16
07/04/2020,KALIMANTAN SELATAN,0,2,0,-2,17,0,3,14
08/04/2020,KALIMANTAN SELATAN,4,0,1,3,21,1,3,17
09/04/2020,KALIMANTAN SELATAN,0,1,2,-3,21,3,4,14
10/04/2020,KALIMANTAN SELATAN,7,0,0,7,28,3,4,21
11/04/2020,KALIMANTAN SELATAN,0,1,0,-1,28,3,5,20
12/04/2020,KALIMANTAN SELATAN,5,0,0,5,33,3,5,25
13/04/2020,KALIMANTAN SELATAN,0,0,1,-1,33,4,5,24
14/04/2020,KALIMANTAN SELATAN,3,2,0,1,36,4,7,25
15/04/2020,KALIMANTAN SELATAN,12,0,1,11,48,5,7,36
16/04/2020,KALIMANTAN SELATAN,9,0,4,5,57,9,7,41
17/04/2020,KALIMANTAN SELATAN,15,0,0,15,72,9,7,56
18/04/2020,KALIMANTAN SELATAN,18,0,1,17,90,10,7,73
19/04/2020,KALIMANTAN SELATAN,4,0,0,4,94,10,7,77
20/04/2020,KALIMANTAN SELATAN,0,0,0,0,94,10,7,77
21/04/2020,KALIMANTAN SELATAN,2,0,1,1,96,11,7,78
22/04/2020,KALIMANTAN SELATAN,10,0,0,10,106,11,7,88
23/04/2020,KALIMANTAN SELATAN,7,1,0,6,113,11,8,94
24/04/2020,KALIMANTAN SELATAN,18,0,0,18,131,11,8,112
25/04/2020,KALIMANTAN SELATAN,14,0,4,10,145,15,8,122
26/04/2020,KALIMANTAN SELATAN,0,0,1,-1,145,16,8,121
27/04/2020,KALIMANTAN SELATAN,4,0,0,4,149,16,8,125
28/04/2020,KALIMANTAN SELATAN,0,1,4,-5,149,20,9,120
29/04/2020,KALIMANTAN SELATAN,7,0,0,7,156,20,9,127
30/04/2020,KALIMANTAN SELATAN,13,0,0,13,169,20,9,140
01/05/2020,KALIMANTAN SELATAN,9,0,4,5,178,24,9,145
02/05/2020,KALIMANTAN SELATAN,0,0,0,0,178,24,9,145
03/05/2020,KALIMANTAN SELATAN,16,0,0,16,194,24,9,161
04/05/2020,KALIMANTAN SELATAN,3,0,0,3,197,24,9,164
05/05/2020,KALIMANTAN SELATAN,14,0,0,14,211,24,9,178
06/05/2020,KALIMANTAN SELATAN,13,0,0,13,224,24,9,191
07/05/2020,KALIMANTAN SELATAN,13,0,0,13,237,24,9,204
08/05/2020,KALIMANTAN SELATAN,8,0,0,8,245,24,9,212
09/05/2020,KALIMANTAN SELATAN,7,0,0,7,252,24,9,219
10/05/2020,KALIMANTAN SELATAN,7,0,0,7,259,24,9,226
11/05/2020,KALIMANTAN SELATAN,0,0,0,0,259,24,9,226
12/05/2020,KALIMANTAN SELATAN,14,0,0,14,273,24,9,240
13/05/2020,KALIMANTAN SELATAN,13,0,0,13,286,24,9,253
14/05/2020,KALIMANTAN SELATAN,2,0,0,2,288,24,9,255
15/05/2020,KALIMANTAN SELATAN,67,27,0,40,355,24,36,295
16/05/2020,KALIMANTAN SELATAN,7,0,50,-43,362,74,36,252
17/05/2020,KALIMANTAN SELATAN,2,8,0,-6,364,74,44,246
18/05/2020,KALIMANTAN SELATAN,71,2,0,69,435,74,46,315
19/05/2020,KALIMANTAN SELATAN,46,5,3,38,481,77,51,353
20/05/2020,KALIMANTAN SELATAN,59,4,0,55,540,77,55,408
21/05/2020,KALIMANTAN SELATAN,8,4,1,3,548,78,59,411
22/05/2020,KALIMANTAN SELATAN,21,0,0,21,569,78,59,432
23/05/2020,KALIMANTAN SELATAN,18,2,0,16,587,78,61,448
24/05/2020,KALIMANTAN SELATAN,9,2,3,4,596,81,63,452
25/05/2020,KALIMANTAN SELATAN,3,2,0,1,599,81,65,453
26/05/2020,KALIMANTAN SELATAN,28,8,0,20,627,81,73,473
27/05/2020,KALIMANTAN SELATAN,73,0,0,73,700,81,73,546
28/05/2020,KALIMANTAN SELATAN,114,1,2,111,814,83,74,657
29/05/2020,KALIMANTAN SELATAN,73,5,15,53,887,98,79,710
30/05/2020,KALIMANTAN SELATAN,3,0,2,1,890,100,79,711
31/05/2020,KALIMANTAN SELATAN,26,6,0,20,916,100,85,731
01/06/2020,KALIMANTAN SELATAN,29,1,0,28,945,100,86,759
02/06/2020,KALIMANTAN SELATAN,21,3,2,16,966,102,89,775
03/06/2020,KALIMANTAN SELATAN,64,3,0,61,1030,102,92,836
04/06/2020,KALIMANTAN SELATAN,109,0,3,106,1139,105,92,942
05/06/2020,KALIMANTAN SELATAN,71,2,0,69,1210,105,94,1011
06/06/2020,KALIMANTAN SELATAN,33,2,4,27,1243,109,96,1038
07/06/2020,KALIMANTAN SELATAN,38,3,0,35,1281,109,99,1073
08/06/2020,KALIMANTAN SELATAN,62,0,9,53,1343,118,99,1126
09/06/2020,KALIMANTAN SELATAN,91,8,1,82,1434,119,107,1208
10/06/2020,KALIMANTAN SELATAN,127,4,10,113,1561,129,111,1321
11/06/2020,KALIMANTAN SELATAN,70,4,36,30,1631,165,115,1351
12/06/2020,KALIMANTAN SELATAN,60,3,15,42,1691,180,118,1393
13/06/2020,KALIMANTAN SELATAN,123,6,22,95,1814,202,124,1488
14/06/2020,KALIMANTAN SELATAN,70,6,29,35,1884,231,130,1523
15/06/2020,KALIMANTAN SELATAN,66,4,16,46,1950,247,134,1569
16/06/2020,KALIMANTAN SELATAN,169,6,6,157,2119,253,140,1726
17/06/2020,KALIMANTAN SELATAN,87,9,79,-1,2206,332,149,1725
18/06/2020,KALIMANTAN SELATAN,118,2,14,102,2324,346,151,1827
19/06/2020,KALIMANTAN SELATAN,66,3,14,49,2390,360,154,1876
20/06/2020,KALIMANTAN SELATAN,84,10,25,49,2474,385,164,1925
21/06/2020,KALIMANTAN SELATAN,94,2,10,82,2568,395,166,2007
22/06/2020,KALIMANTAN SELATAN,89,0,10,79,2657,405,166,2086
23/06/2020,KALIMANTAN SELATAN,27,1,28,-2,2684,433,167,2084
24/06/2020,KALIMANTAN SELATAN,90,7,15,68,2774,448,174,2152
25/06/2020,KALIMANTAN SELATAN,59,3,86,-30,2833,534,177,2122
26/06/2020,KALIMANTAN SELATAN,41,0,15,26,2874,549,177,2148
27/06/2020,KALIMANTAN SELATAN,54,4,94,-44,2928,643,181,2104
28/06/2020,KALIMANTAN SELATAN,73,4,80,-11,3001,723,185,2093
29/06/2020,KALIMANTAN SELATAN,38,3,5,30,3039,728,188,2123
30/06/2020,KALIMANTAN SELATAN,108,1,38,69,3147,766,189,2192
01/07/2020,KALIMANTAN SELATAN,75,0,23,52,3222,789,189,2244
02/07/2020,KALIMANTAN SELATAN,113,5,51,57,3335,840,194,2301
03/07/2020,KALIMANTAN SELATAN,110,3,28,79,3445,868,197,2380
04/07/2020,KALIMANTAN SELATAN,73,2,42,29,3518,910,199,2409
05/07/2020,KALIMANTAN SELATAN,44,2,32,10,3562,942,201,2419
06/07/2020,KALIMANTAN SELATAN,64,3,15,46,3626,957,204,2465
07/07/2020,KALIMANTAN SELATAN,67,1,107,-41,3693,1064,205,2424
08/07/2020,KALIMANTAN SELATAN,123,3,62,58,3816,1126,208,2482
09/07/2020,KALIMANTAN SELATAN,106,2,22,82,3922,1148,210,2564
10/07/2020,KALIMANTAN SELATAN,66,0,55,11,3988,1203,210,2575
11/07/2020,KALIMANTAN SELATAN,79,5,75,-1,4067,1278,215,2574
12/07/2020,KALIMANTAN SELATAN,77,5,107,-35,4144,1385,220,2539
13/07/2020,KALIMANTAN SELATAN,73,3,24,46,4217,1409,223,2585
14/07/2020,KALIMANTAN SELATAN,161,2,54,105,4378,1463,225,2690
15/07/2020,KALIMANTAN SELATAN,109,8,41,60,4487,1504,233,2750
16/07/2020,KALIMANTAN SELATAN,133,2,66,65,4620,1570,235,2815
17/07/2020,KALIMANTAN SELATAN,101,7,42,52,4721,1612,242,2867
18/07/2020,KALIMANTAN SELATAN,107,3,88,16,4828,1700,245,2883
19/07/2020,KALIMANTAN SELATAN,110,5,30,75,4938,1730,250,2958
20/07/2020,KALIMANTAN SELATAN,52,6,99,-53,4990,1829,256,2905
21/07/2020,KALIMANTAN SELATAN,92,5,191,-104,5082,2020,261,2801
22/07/2020,KALIMANTAN SELATAN,133,1,134,-2,5215,2154,262,2799
23/07/2020,KALIMANTAN SELATAN,116,0,115,1,5331,2269,262,2800
24/07/2020,KALIMANTAN SELATAN,90,3,271,-184,5421,2540,265,2616
25/07/2020,KALIMANTAN SELATAN,118,5,178,-65,5539,2718,270,2551
26/07/2020,KALIMANTAN SELATAN,115,2,131,-18,5654,2849,272,2533
27/07/2020,KALIMANTAN SELATAN,33,3,67,-37,5687,2916,275,2496
28/07/2020,KALIMANTAN SELATAN,94,4,157,-67,5781,3073,279,2429
29/07/2020,KALIMANTAN SELATAN,101,8,71,22,5882,3144,287,2451
30/07/2020,KALIMANTAN SELATAN,87,1,155,-69,5969,3299,288,2382
31/07/2020,KALIMANTAN SELATAN,128,6,68,54,6097,3367,294,2436
01/08/2020,KALIMANTAN SELATAN,62,0,82,-20,6159,3449,294,2416
02/08/2020,KALIMANTAN SELATAN,32,0,18,14,6191,3467,294,2430
03/08/2020,KALIMANTAN SELATAN,46,2,92,-48,6237,3559,296,2382
04/08/2020,KALIMANTAN SELATAN,119,1,50,68,6356,3609,297,2450
05/08/2020,KALIMANTAN SELATAN,54,0,95,-41,6410,3704,297,2409
06/08/2020,KALIMANTAN SELATAN,67,0,25,42,6477,3729,297,2451
07/08/2020,KALIMANTAN SELATAN,57,3,121,-67,6534,3850,300,2384
08/08/2020,KALIMANTAN SELATAN,82,2,42,38,6616,3892,302,2422
09/08/2020,KALIMANTAN SELATAN,98,3,133,-38,6714,4025,305,2384
10/08/2020,KALIMANTAN SELATAN,50,1,28,21,6764,4053,306,2405
11/08/2020,KALIMANTAN SELATAN,71,1,82,-12,6835,4135,307,2393
12/08/2020,KALIMANTAN SELATAN,53,2,86,-35,6888,4221,309,2358
13/08/2020,KALIMANTAN SELATAN,45,4,26,15,6933,4247,313,2373
14/08/2020,KALIMANTAN SELATAN,55,2,57,-4,6988,4304,315,2369
15/08/2020,KALIMANTAN SELATAN,62,3,36,23,7050,4340,318,2392
16/08/2020,KALIMANTAN SELATAN,100,0,83,17,7150,4423,318,2409
17/08/2020,KALIMANTAN SELATAN,90,6,126,-42,7240,4549,324,2367
18/08/2020,KALIMANTAN SELATAN,40,0,40,0,7280,4589,324,2367
19/08/2020,KALIMANTAN SELATAN,82,1,136,-55,7362,4725,325,2312
20/08/2020,KALIMANTAN SELATAN,181,0,74,107,7543,4799,325,2419
21/08/2020,KALIMANTAN SELATAN,74,2,275,-203,7617,5074,327,2216
22/08/2020,KALIMANTAN SELATAN,78,3,230,-155,7695,5304,330,2061
23/08/2020,KALIMANTAN SELATAN,81,2,77,2,7776,5381,332,2063
24/08/2020,KALIMANTAN SELATAN,61,2,47,12,7837,5428,334,2075
25/08/2020,KALIMANTAN SELATAN,82,4,66,12,7919,5494,338,2087
26/08/2020,KALIMANTAN SELATAN,54,2,141,-89,7973,5635,340,1998
27/08/2020,KALIMANTAN SELATAN,39,2,184,-147,8012,5819,342,1851
28/08/2020,KALIMANTAN SELATAN,68,5,180,-117,8080,5999,347,1734
29/08/2020,KALIMANTAN SELATAN,111,3,149,-41,8191,6148,350,1693
30/08/2020,KALIMANTAN SELATAN,64,2,96,-34,8255,6244,352,1659
31/08/2020,KALIMANTAN SELATAN,32,1,42,-11,8287,6286,353,1648
01/09/2020,KALIMANTAN SELATAN,69,1,102,-34,8356,6388,354,1614
02/09/2020,KALIMANTAN SELATAN,59,4,105,-50,8415,6493,358,1564
03/09/2020,KALIMANTAN SELATAN,111,4,139,-32,8526,6632,362,1532
04/09/2020,KALIMANTAN SELATAN,49,0,37,12,8575,6669,362,1544
05/09/2020,KALIMANTAN SELATAN,81,6,37,38,8656,6706,368,1582
06/09/2020,KALIMANTAN SELATAN,103,1,95,7,8759,6801,369,1589
07/09/2020,KALIMANTAN SELATAN,77,2,49,26,8836,6850,371,1615
08/09/2020,KALIMANTAN SELATAN,66,1,38,27,8902,6888,372,1642
09/09/2020,KALIMANTAN SELATAN,99,1,106,-8,9001,6994,373,1634
10/09/2020,KALIMANTAN SELATAN,77,6,138,-67,9078,7132,379,1567
11/09/2020,KALIMANTAN SELATAN,73,1,101,-29,9151,7233,380,1538
12/09/2020,KALIMANTAN SELATAN,96,5,84,7,9247,7317,385,1545
13/09/2020,KALIMANTAN SELATAN,33,0,78,-45,9280,7395,385,1500
14/09/2020,KALIMANTAN SELATAN,141,3,78,60,9421,7473,388,1560
15/09/2020,KALIMANTAN SELATAN,77,1,56,20,9498,7529,389,1580
16/09/2020,KALIMANTAN SELATAN,11,2,58,-49,9509,7587,391,1531
17/09/2020,KALIMANTAN SELATAN,36,0,37,-1,9545,7624,391,1530
18/09/2020,KALIMANTAN SELATAN,25,2,199,-176,9570,7823,393,1354
19/09/2020,KALIMANTAN SELATAN,76,2,247,-173,9646,8070,395,1181
20/09/2020,KALIMANTAN SELATAN,87,3,59,25,9733,8129,398,1206
21/09/2020,KALIMANTAN SELATAN,82,2,96,-16,9815,8225,400,1190
22/09/2020,KALIMANTAN SELATAN,85,0,40,45,9900,8265,400,1235
23/09/2020,KALIMANTAN SELATAN,82,3,104,-25,9982,8369,403,1210
24/09/2020,KALIMANTAN SELATAN,63,1,81,-19,10045,8450,404,1191
25/09/2020,KALIMANTAN SELATAN,33,4,51,-22,10078,8501,408,1169
26/09/2020,KALIMANTAN SELATAN,40,2,16,22,10118,8517,410,1191
27/09/2020,KALIMANTAN SELATAN,77,1,75,1,10195,8592,411,1192
28/09/2020,KALIMANTAN SELATAN,40,5,89,-54,10235,8681,416,1138
29/09/2020,KALIMANTAN SELATAN,53,2,64,-13,10288,8745,418,1125
30/09/2020,KALIMANTAN SELATAN,59,2,38,19,10347,8783,420,1144
01/10/2020,KALIMANTAN SELATAN,55,0,73,-18,10402,8856,420,1126
02/10/2020,KALIMANTAN SELATAN,75,4,63,8,10477,8919,424,1134
03/10/2020,KALIMANTAN SELATAN,84,2,71,11,10561,8990,426,1145
04/10/2020,KALIMANTAN SELATAN,59,1,97,-39,10620,9087,427,1106
05/10/2020,KALIMANTAN SELATAN,44,1,32,11,10664,9119,428,1117
06/10/2020,KALIMANTAN SELATAN,73,3,107,-37,10737,9226,431,1080
07/10/2020,KALIMANTAN SELATAN,40,1,68,-29,10777,9294,432,1051
08/10/2020,KALIMANTAN SELATAN,42,5,69,-32,10819,9363,437,1019
09/10/2020,KALIMANTAN SELATAN,81,1,142,-62,10900,9505,438,957
10/10/2020,KALIMANTAN SELATAN,53,1,22,30,10953,9527,439,987
11/10/2020,KALIMANTAN SELATAN,75,1,79,-5,11028,9606,440,982
12/10/2020,KALIMANTAN SELATAN,27,1,45,-19,11055,9651,441,963
13/10/2020,KALIMANTAN SELATAN,77,1,111,-35,11132,9762,442,928
14/10/2020,KALIMANTAN SELATAN,55,3,54,-2,11187,9816,445,926
15/10/2020,KALIMANTAN SELATAN,76,1,59,16,11263,9875,446,942
16/10/2020,KALIMANTAN SELATAN,68,2,43,23,11331,9918,448,965
17/10/2020,KALIMANTAN SELATAN,71,2,66,3,11402,9984,450,968
18/10/2020,KALIMANTAN SELATAN,39,2,58,-21,11441,10042,452,947
19/10/2020,KALIMANTAN SELATAN,8,2,33,-27,11449,10075,454,920
20/10/2020,KALIMANTAN SELATAN,42,2,42,-2,11491,10117,456,918
21/10/2020,KALIMANTAN SELATAN,19,3,37,-21,11510,10154,459,897
22/10/2020,KALIMANTAN SELATAN,28,3,42,-17,11538,10196,462,880
23/10/2020,KALIMANTAN SELATAN,48,3,80,-35,11586,10276,465,845
24/10/2020,KALIMANTAN SELATAN,46,3,99,-56,11632,10375,468,789
25/10/2020,KALIMANTAN SELATAN,19,3,52,-36,11651,10427,471,753
26/10/2020,KALIMANTAN SELATAN,2,2,56,-56,11653,10483,473,697
27/10/2020,KALIMANTAN SELATAN,12,3,32,-23,11665,10515,476,674
28/10/2020,KALIMANTAN SELATAN,69,2,80,-13,11734,10595,478,661
29/10/2020,KALIMANTAN SELATAN,32,2,43,-13,11766,10638,480,648
30/10/2020,KALIMANTAN SELATAN,44,1,59,-16,11810,10697,481,632
31/10/2020,KALIMANTAN SELATAN,48,3,78,-33,11858,10775,484,599
01/11/2020,KALIMANTAN SELATAN,25,2,75,-52,11883,10850,486,547
02/11/2020,KALIMANTAN SELATAN,12,0,25,-13,11895,10875,486,534
03/11/2020,KALIMANTAN SELATAN,16,1,53,-38,11911,10928,487,496
04/11/2020,KALIMANTAN SELATAN,22,0,41,-19,11933,10969,487,477
05/11/2020,KALIMANTAN SELATAN,94,1,27,66,12027,10996,488,543
06/11/2020,KALIMANTAN SELATAN,59,2,45,12,12086,11041,490,555
07/11/2020,KALIMANTAN SELATAN,43,2,15,26,12129,11056,492,581
08/11/2020,KALIMANTAN SELATAN,46,2,16,28,12175,11072,494,609
09/11/2020,KALIMANTAN SELATAN,12,1,8,3,12187,11080,495,612
10/11/2020,KALIMANTAN SELATAN,59,0,43,16,12246,11123,495,628
11/11/2020,KALIMANTAN SELATAN,68,2,61,5,12314,11184,497,633
12/11/2020,KALIMANTAN SELATAN,50,2,28,20,12364,11212,499,653
13/11/2020,KALIMANTAN SELATAN,31,1,29,1,12395,11241,500,654
14/11/2020,KALIMANTAN SELATAN,51,1,91,-41,12446,11332,501,613
15/11/2020,KALIMANTAN SELATAN,74,0,35,39,12520,11367,501,652
16/11/2020,KALIMANTAN SELATAN,22,2,46,-26,12542,11413,503,626
17/11/2020,KALIMANTAN SELATAN,14,0,173,-159,12556,11586,503,467
18/11/2020,KALIMANTAN SELATAN,83,1,2,80,12639,11588,504,547
19/11/2020,KALIMANTAN SELATAN,40,3,2,35,12679,11590,507,582
20/11/2020,KALIMANTAN SELATAN,58,3,3,52,12737,11593,510,634
21/11/2020,KALIMANTAN SELATAN,89,1,0,88,12826,11593,511,722
22/11/2020,KALIMANTAN SELATAN,75,3,1,71,12901,11594,514,793
23/11/2020,KALIMANTAN SELATAN,11,0,9,2,12912,11603,514,795
24/11/2020,KALIMANTAN SELATAN,21,2,26,-7,12933,11629,516,788
25/11/2020,KALIMANTAN SELATAN,64,1,29,34,12997,11658,517,822
26/11/2020,KALIMANTAN SELATAN,49,3,16,30,13046,11674,520,852
27/11/2020,KALIMANTAN SELATAN,44,2,39,3,13090,11713,522,855
28/11/2020,KALIMANTAN SELATAN,56,1,18,37,13146,11731,523,892
29/11/2020,KALIMANTAN SELATAN,40,3,14,23,13186,11745,526,915
30/11/2020,KALIMANTAN SELATAN,12,1,32,-21,13198,11777,527,894
01/12/2020,KALIMANTAN SELATAN,82,4,39,39,13280,11816,531,933
02/12/2020,KALIMANTAN SELATAN,33,1,73,-41,13313,11889,532,892
03/12/2020,KALIMANTAN SELATAN,54,2,10,42,13367,11899,534,934
04/12/2020,KALIMANTAN SELATAN,71,2,84,-15,13438,11983,536,919
05/12/2020,KALIMANTAN SELATAN,96,0,13,83,13534,11996,536,1002
06/12/2020,KALIMANTAN SELATAN,70,1,27,42,13604,12023,537,1044
07/12/2020,KALIMANTAN SELATAN,28,1,10,17,13632,12033,538,1061
08/12/2020,KALIMANTAN SELATAN,62,1,31,30,13694,12064,539,1091
09/12/2020,KALIMANTAN SELATAN,83,3,225,-145,13777,12289,542,946
10/12/2020,KALIMANTAN SELATAN,46,2,109,-65,13823,12398,544,881
11/12/2020,KALIMANTAN SELATAN,56,5,51,0,13879,12449,549,881
12/12/2020,KALIMANTAN SELATAN,91,2,117,-28,13970,12566,551,853
13/12/2020,KALIMANTAN SELATAN,104,1,55,48,14074,12621,552,901
14/12/2020,KALIMANTAN SELATAN,48,1,60,-13,14122,12681,553,888
15/12/2020,KALIMANTAN SELATAN,48,2,68,-22,14170,12749,555,866
16/12/2020,KALIMANTAN SELATAN,72,0,66,6,14242,12815,555,872
17/12/2020,KALIMANTAN SELATAN,95,0,94,1,14337,12909,555,873
18/12/2020,KALIMANTAN SELATAN,82,1,123,-42,14419,13032,556,831
19/12/2020,KALIMANTAN SELATAN,78,5,102,-29,14497,13134,561,802
20/12/2020,KALIMANTAN SELATAN,88,2,41,45,14585,13175,563,847
21/12/2020,KALIMANTAN SELATAN,43,3,25,15,14628,13200,566,862
22/12/2020,KALIMANTAN SELATAN,66,2,32,32,14694,13232,568,894
23/12/2020,KALIMANTAN SELATAN,90,2,39,49,14784,13271,570,943
24/12/2020,KALIMANTAN SELATAN,95,3,33,59,14879,13304,573,1002
25/12/2020,KALIMANTAN SELATAN,93,0,75,18,14972,13379,573,1020
26/12/2020,KALIMANTAN SELATAN,63,0,93,-30,15035,13472,573,990
27/12/2020,KALIMANTAN SELATAN,45,2,35,8,15080,13507,575,998
28/12/2020,KALIMANTAN SELATAN,21,0,40,-19,15101,13547,575,979
29/12/2020,KALIMANTAN SELATAN,61,3,99,-41,15162,13646,578,938
30/12/2020,KALIMANTAN SELATAN,74,2,72,0,15236,13718,580,938
31/12/2020,KALIMANTAN SELATAN,66,4,82,-20,15302,13800,584,918
01/01/2021,KALIMANTAN SELATAN,99,0,61,38,15401,13861,584,956
02/01/2021,KALIMANTAN SELATAN,17,2,45,-30,15418,13906,586,926
03/01/2021,KALIMANTAN SELATAN,71,1,80,-10,15489,13986,587,916
04/01/2021,KALIMANTAN SELATAN,20,2,69,-51,15509,14055,589,865
05/01/2021,KALIMANTAN SELATAN,81,1,59,21,15590,14114,590,886
06/01/2021,KALIMANTAN SELATAN,88,2,59,27,15678,14173,592,913
07/01/2021,KALIMANTAN SELATAN,93,0,47,46,15771,14220,592,959
08/01/2021,KALIMANTAN SELATAN,89,1,46,42,15860,14266,593,1001
09/01/2021,KALIMANTAN SELATAN,98,1,61,36,15958,14327,594,1037
10/01/2021,KALIMANTAN SELATAN,120,3,45,72,16078,14372,597,1109
11/01/2021,KALIMANTAN SELATAN,114,2,59,53,16192,14431,599,1162
12/01/2021,KALIMANTAN SELATAN,34,1,91,-58,16226,14522,600,1104
13/01/2021,KALIMANTAN SELATAN,69,2,37,30,16295,14559,602,1134
14/01/2021,KALIMANTAN SELATAN,101,2,75,24,16396,14634,604,1158
15/01/2021,KALIMANTAN SELATAN,107,1,77,29,16503,14711,605,1187
16/01/2021,KALIMANTAN SELATAN,108,3,76,29,16611,14787,608,1216
17/01/2021,KALIMANTAN SELATAN,112,2,62,48,16723,14849,610,1264
18/01/2021,KALIMANTAN SELATAN,13,3,82,-72,16736,14931,613,1192
19/01/2021,KALIMANTAN SELATAN,68,2,42,24,16804,14973,615,1216
20/01/2021,KALIMANTAN SELATAN,32,1,44,-13,16836,15017,616,1203
21/01/2021,KALIMANTAN SELATAN,106,2,77,27,16942,15094,618,1230
22/01/2021,KALIMANTAN SELATAN,107,3,93,11,17049,15187,621,1241
23/01/2021,KALIMANTAN SELATAN,137,2,105,30,17186,15292,623,1271
24/01/2021,KALIMANTAN SELATAN,120,2,87,31,17306,15379,625,1302
25/01/2021,KALIMANTAN SELATAN,133,2,138,-7,17439,15517,627,1295
26/01/2021,KALIMANTAN SELATAN,97,5,75,17,17536,15592,632,1312
27/01/2021,KALIMANTAN SELATAN,62,3,101,-42,17598,15693,635,1270
28/01/2021,KALIMANTAN SELATAN,103,1,49,53,17701,15742,636,1323
29/01/2021,KALIMANTAN SELATAN,120,3,100,17,17821,15842,639,1340
30/01/2021,KALIMANTAN SELATAN,130,2,42,86,17951,15884,641,1426
31/01/2021,KALIMANTAN SELATAN,124,3,88,33,18075,15972,644,1459
01/02/2021,KALIMANTAN SELATAN,74,3,58,13,18149,16030,647,1472
02/02/2021,KALIMANTAN SELATAN,87,2,64,21,18236,16094,649,1493
03/02/2021,KALIMANTAN SELATAN,104,2,45,57,18340,16139,651,1550
04/02/2021,KALIMANTAN SELATAN,111,5,138,-32,18451,16277,656,1518
05/02/2021,KALIMANTAN SELATAN,128,2,64,62,18579,16341,658,1580
06/02/2021,KALIMANTAN SELATAN,140,4,154,-18,18719,16495,662,1562
07/02/2021,KALIMANTAN SELATAN,117,3,56,58,18836,16551,665,1620
08/02/2021,KALIMANTAN SELATAN,80,2,34,44,18916,16585,667,1664
09/02/2021,KALIMANTAN SELATAN,115,3,181,-69,19031,16766,670,1595
10/02/2021,KALIMANTAN SELATAN,145,2,190,-47,19176,16956,672,1548
11/02/2021,KALIMANTAN SELATAN,139,2,108,29,19315,17064,674,1577
12/02/2021,KALIMANTAN SELATAN,136,3,65,68,19451,17129,677,1645
13/02/2021,KALIMANTAN SELATAN,144,0,120,24,19595,17249,677,1669
14/02/2021,KALIMANTAN SELATAN,97,5,92,0,19692,17341,682,1669
15/02/2021,KALIMANTAN SELATAN,146,0,21,125,19838,17362,682,1794
16/02/2021,KALIMANTAN SELATAN,139,0,52,87,19977,17414,682,1881
17/02/2021,KALIMANTAN SELATAN,151,1,8,142,20128,17422,683,2023
18/02/2021,KALIMANTAN SELATAN,120,0,109,11,20248,17531,683,2034
19/02/2021,KALIMANTAN SELATAN,180,12,211,-43,20428,17742,695,1991
20/02/2021,KALIMANTAN SELATAN,183,0,382,-199,20611,18124,695,1792
21/02/2021,KALIMANTAN SELATAN,162,2,153,7,20773,18277,697,1799
22/02/2021,KALIMANTAN SELATAN,107,7,194,-94,20880,18471,704,1705
23/02/2021,KALIMANTAN SELATAN,101,1,117,-17,20981,18588,705,1688
24/02/2021,KALIMANTAN SELATAN,133,3,129,1,21114,18717,708,1689
25/02/2021,KALIMANTAN SELATAN,179,5,93,81,21293,18810,713,1770
26/02/2021,KALIMANTAN SELATAN,186,3,294,-111,21479,19104,716,1659
27/02/2021,KALIMANTAN SELATAN,187,1,128,58,21666,19232,717,1717
28/02/2021,KALIMANTAN SELATAN,170,3,43,124,21836,19275,720,1841
01/03/2021,KALIMANTAN SELATAN,206,1,91,114,22042,19366,721,1955
02/03/2021,KALIMANTAN SELATAN,187,6,102,79,22229,19468,727,2034
03/03/2021,KALIMANTAN SELATAN,179,2,121,56,22408,19589,729,2090
04/03/2021,KALIMANTAN SELATAN,167,5,129,33,22575,19718,734,2123
05/03/2021,KALIMANTAN SELATAN,197,3,242,-48,22772,19960,737,2075
06/03/2021,KALIMANTAN SELATAN,171,6,83,82,22943,20043,743,2157
07/03/2021,KALIMANTAN SELATAN,196,2,136,58,23139,20179,745,2215
08/03/2021,KALIMANTAN SELATAN,160,2,265,-107,23299,20444,747,2108
09/03/2021,KALIMANTAN SELATAN,126,4,131,-9,23425,20575,751,2099
10/03/2021,KALIMANTAN SELATAN,112,4,114,-6,23537,20689,755,2093
11/03/2021,KALIMANTAN SELATAN,196,2,125,69,23733,20814,757,2162
12/03/2021,KALIMANTAN SELATAN,199,3,72,124,23932,20886,760,2286
13/03/2021,KALIMANTAN SELATAN,197,3,146,48,24129,21032,763,2334
14/03/2021,KALIMANTAN SELATAN,204,5,279,-80,24333,21311,768,2254
15/03/2021,KALIMANTAN SELATAN,175,4,142,29,24508,21453,772,2283
16/03/2021,KALIMANTAN SELATAN,191,2,266,-77,24699,21719,774,2206
17/03/2021,KALIMANTAN SELATAN,158,5,130,23,24857,21849,779,2229
18/03/2021,KALIMANTAN SELATAN,118,4,134,-20,24975,21983,783,2209
19/03/2021,KALIMANTAN SELATAN,197,4,157,36,25172,22140,787,2245
20/03/2021,KALIMANTAN SELATAN,215,4,188,23,25387,22328,791,2268
21/03/2021,KALIMANTAN SELATAN,228,0,116,112,25615,22444,791,2380
22/03/2021,KALIMANTAN SELATAN,207,4,91,112,25822,22535,795,2492
23/03/2021,KALIMANTAN SELATAN,140,4,117,19,25962,22652,799,2511
24/03/2021,KALIMANTAN SELATAN,190,5,363,-178,26152,23015,804,2333
25/03/2021,KALIMANTAN SELATAN,236,3,110,123,26388,23125,807,2456
26/03/2021,KALIMANTAN SELATAN,215,3,159,53,26603,23284,810,2509
27/03/2021,KALIMANTAN SELATAN,267,4,164,99,26870,23448,814,2608
28/03/2021,KALIMANTAN SELATAN,248,6,196,46,27118,23644,820,2654
29/03/2021,KALIMANTAN SELATAN,275,6,217,52,27393,23861,826,2706
30/03/2021,KALIMANTAN SELATAN,221,3,82,136,27614,23943,829,2842
31/03/2021,KALIMANTAN SELATAN,267,4,83,180,27881,24026,833,3022
01/04/2021,KALIMANTAN SELATAN,262,4,258,0,28143,24284,837,3022
02/04/2021,KALIMANTAN SELATAN,283,5,141,137,28426,24425,842,3159
03/04/2021,KALIMANTAN SELATAN,154,5,220,-71,28580,24645,847,3088
04/04/2021,KALIMANTAN SELATAN,290,0,258,32,28870,24903,847,3120
05/04/2021,KALIMANTAN SELATAN,153,2,213,-62,29023,25116,849,3058
06/04/2021,KALIMANTAN SELATAN,153,5,222,-74,29176,25338,854,2984
07/04/2021,KALIMANTAN SELATAN,140,3,122,15,29316,25460,857,2999
08/04/2021,KALIMANTAN SELATAN,301,7,498,-204,29617,25958,864,2795
09/04/2021,KALIMANTAN SELATAN,281,5,174,102,29898,26132,869,2897
10/04/2021,KALIMANTAN SELATAN,257,4,225,28,30155,26357,873,2925
11/04/2021,KALIMANTAN SELATAN,241,0,290,-49,30396,26647,873,2876
12/04/2021,KALIMANTAN SELATAN,82,4,184,-106,30478,26831,877,2770
13/04/2021,KALIMANTAN SELATAN,142,5,124,13,30620,26955,882,2783
14/04/2021,KALIMANTAN SELATAN,256,1,154,101,30876,27109,883,2884
15/04/2021,KALIMANTAN SELATAN,221,6,237,-22,31097,27346,889,2862
16/04/2021,KALIMANTAN SELATAN,153,6,215,-68,31250,27561,895,2794
17/04/2021,KALIMANTAN SELATAN,156,2,287,-133,31406,27848,897,2661
18/04/2021,KALIMANTAN SELATAN,186,3,142,41,31592,27990,900,2702
26/03/2020,SUMATERA BARAT,3,0,0,3,3,0,0,3
27/03/2020,SUMATERA BARAT,2,0,0,2,5,0,0,5
28/03/2020,SUMATERA BARAT,0,0,0,0,5,0,0,5
29/03/2020,SUMATERA BARAT,0,0,0,0,5,0,0,5
30/03/2020,SUMATERA BARAT,3,0,0,3,8,0,0,8
31/03/2020,SUMATERA BARAT,0,0,0,0,8,0,0,8
01/04/2020,SUMATERA BARAT,0,0,0,0,8,0,0,8
02/04/2020,SUMATERA BARAT,0,0,0,0,8,0,0,8
03/04/2020,SUMATERA BARAT,0,0,0,0,8,0,0,8
04/04/2020,SUMATERA BARAT,0,0,0,0,8,0,0,8
05/04/2020,SUMATERA BARAT,0,0,0,0,8,0,0,8
06/04/2020,SUMATERA BARAT,10,0,0,10,18,0,0,18
07/04/2020,SUMATERA BARAT,0,0,0,0,18,0,0,18
08/04/2020,SUMATERA BARAT,0,0,0,0,18,0,0,18
09/04/2020,SUMATERA BARAT,0,0,0,0,18,0,0,18
10/04/2020,SUMATERA BARAT,13,3,5,5,31,5,3,23
11/04/2020,SUMATERA BARAT,0,0,0,0,31,5,3,23
12/04/2020,SUMATERA BARAT,13,0,1,12,44,6,3,35
13/04/2020,SUMATERA BARAT,1,0,0,1,45,6,3,36
14/04/2020,SUMATERA BARAT,3,1,0,2,48,6,4,38
15/04/2020,SUMATERA BARAT,7,0,1,6,55,7,4,44
16/04/2020,SUMATERA BARAT,0,0,0,0,55,7,4,44
17/04/2020,SUMATERA BARAT,7,2,3,2,62,10,6,46
18/04/2020,SUMATERA BARAT,9,1,2,6,71,12,7,52
19/04/2020,SUMATERA BARAT,1,0,0,1,72,12,7,53
20/04/2020,SUMATERA BARAT,2,0,1,1,74,13,7,54
21/04/2020,SUMATERA BARAT,2,1,0,1,76,13,8,55
22/04/2020,SUMATERA BARAT,5,1,0,4,81,13,9,59
23/04/2020,SUMATERA BARAT,5,0,3,2,86,16,9,61
24/04/2020,SUMATERA BARAT,10,1,1,8,96,17,10,69
25/04/2020,SUMATERA BARAT,1,1,4,-4,97,21,11,65
26/04/2020,SUMATERA BARAT,5,0,0,5,102,21,11,70
27/04/2020,SUMATERA BARAT,19,3,4,12,121,25,14,82
28/04/2020,SUMATERA BARAT,23,0,0,23,144,25,14,105
29/04/2020,SUMATERA BARAT,1,1,0,0,145,25,15,105
30/04/2020,SUMATERA BARAT,3,0,1,2,148,26,15,107
01/05/2020,SUMATERA BARAT,24,0,5,19,172,31,15,126
02/05/2020,SUMATERA BARAT,10,1,0,9,182,31,16,135
03/05/2020,SUMATERA BARAT,13,0,5,8,195,36,16,143
04/05/2020,SUMATERA BARAT,8,0,2,6,203,38,16,149
05/05/2020,SUMATERA BARAT,18,0,1,17,221,39,16,166
06/05/2020,SUMATERA BARAT,17,1,0,16,238,39,17,182
07/05/2020,SUMATERA BARAT,14,1,3,10,252,42,18,192
08/05/2020,SUMATERA BARAT,18,0,7,11,270,49,18,203
09/05/2020,SUMATERA BARAT,16,0,7,9,286,56,18,212
10/05/2020,SUMATERA BARAT,13,0,2,11,299,58,18,223
11/05/2020,SUMATERA BARAT,0,0,11,-11,299,69,18,212
12/05/2020,SUMATERA BARAT,20,1,3,16,319,72,19,228
13/05/2020,SUMATERA BARAT,20,1,13,6,339,85,20,234
14/05/2020,SUMATERA BARAT,32,2,3,27,371,88,22,261
15/05/2020,SUMATERA BARAT,22,0,3,19,393,91,22,280
16/05/2020,SUMATERA BARAT,3,1,3,-1,396,94,23,279
17/05/2020,SUMATERA BARAT,12,0,3,9,408,97,23,288
18/05/2020,SUMATERA BARAT,1,0,12,-11,409,109,23,277
19/05/2020,SUMATERA BARAT,11,0,10,1,420,119,23,278
20/05/2020,SUMATERA BARAT,8,1,28,-21,428,147,24,257
21/05/2020,SUMATERA BARAT,8,0,7,1,436,154,24,258
22/05/2020,SUMATERA BARAT,2,0,5,-3,438,159,24,255
23/05/2020,SUMATERA BARAT,5,1,20,-16,443,179,25,239
24/05/2020,SUMATERA BARAT,35,0,5,30,478,184,25,269
25/05/2020,SUMATERA BARAT,0,0,5,-5,478,189,25,264
26/05/2020,SUMATERA BARAT,32,0,22,10,510,211,25,274
27/05/2020,SUMATERA BARAT,27,1,28,-2,537,239,26,272
28/05/2020,SUMATERA BARAT,4,0,8,-4,541,247,26,268
29/05/2020,SUMATERA BARAT,0,0,6,-6,541,253,26,262
30/05/2020,SUMATERA BARAT,11,0,6,5,552,259,26,267
31/05/2020,SUMATERA BARAT,15,0,9,6,567,268,26,273
01/06/2020,SUMATERA BARAT,0,0,2,-2,567,270,26,271
02/06/2020,SUMATERA BARAT,7,0,5,2,574,275,26,273
03/06/2020,SUMATERA BARAT,9,0,5,4,583,280,26,277
04/06/2020,SUMATERA BARAT,11,0,35,-24,594,315,26,253
05/06/2020,SUMATERA BARAT,13,1,21,-9,607,336,27,244
06/06/2020,SUMATERA BARAT,11,0,3,8,618,339,27,252
07/06/2020,SUMATERA BARAT,8,0,4,4,626,343,27,256
08/06/2020,SUMATERA BARAT,0,0,11,-11,626,354,27,245
09/06/2020,SUMATERA BARAT,19,2,10,7,645,364,29,252
10/06/2020,SUMATERA BARAT,14,0,28,-14,659,392,29,238
11/06/2020,SUMATERA BARAT,2,0,3,-1,661,395,29,237
12/06/2020,SUMATERA BARAT,10,0,15,-5,671,410,29,232
13/06/2020,SUMATERA BARAT,3,0,4,-1,674,414,29,231
14/06/2020,SUMATERA BARAT,7,1,12,-6,681,426,30,225
15/06/2020,SUMATERA BARAT,0,0,0,0,681,426,30,225
16/06/2020,SUMATERA BARAT,6,0,36,-30,687,462,30,195
17/06/2020,SUMATERA BARAT,4,0,6,-2,691,468,30,193
18/06/2020,SUMATERA BARAT,5,0,17,-12,696,485,30,181
19/06/2020,SUMATERA BARAT,4,0,11,-7,700,496,30,174
20/06/2020,SUMATERA BARAT,3,0,4,-1,703,500,30,173
21/06/2020,SUMATERA BARAT,4,0,6,-2,707,506,30,171
22/06/2020,SUMATERA BARAT,0,0,2,-2,707,508,30,169
23/06/2020,SUMATERA BARAT,5,0,19,-14,712,527,30,155
24/06/2020,SUMATERA BARAT,3,0,15,-12,715,542,30,143
25/06/2020,SUMATERA BARAT,2,0,22,-20,717,564,30,123
26/06/2020,SUMATERA BARAT,3,1,10,-8,720,574,31,115
27/06/2020,SUMATERA BARAT,2,0,10,-8,722,584,31,107
28/06/2020,SUMATERA BARAT,3,0,6,-3,725,590,31,104
29/06/2020,SUMATERA BARAT,0,0,1,-1,725,591,31,103
30/06/2020,SUMATERA BARAT,1,0,12,-11,726,603,31,92
01/07/2020,SUMATERA BARAT,16,0,7,9,742,610,31,101
02/07/2020,SUMATERA BARAT,8,0,11,-3,750,621,31,98
03/07/2020,SUMATERA BARAT,10,0,4,6,760,625,31,104
04/07/2020,SUMATERA BARAT,2,0,2,0,762,627,31,104
05/07/2020,SUMATERA BARAT,13,0,1,12,775,628,31,116
06/07/2020,SUMATERA BARAT,0,0,2,-2,775,630,31,114
07/07/2020,SUMATERA BARAT,5,0,10,-5,780,640,31,109
08/07/2020,SUMATERA BARAT,0,1,10,-11,780,650,32,98
09/07/2020,SUMATERA BARAT,5,0,8,-3,785,658,32,95
10/07/2020,SUMATERA BARAT,6,0,6,0,791,664,32,95
11/07/2020,SUMATERA BARAT,3,0,5,-2,794,669,32,93
12/07/2020,SUMATERA BARAT,6,0,5,1,800,674,32,94
13/07/2020,SUMATERA BARAT,0,0,0,0,800,674,32,94
14/07/2020,SUMATERA BARAT,3,0,11,-8,803,685,32,86
15/07/2020,SUMATERA BARAT,2,0,5,-3,805,690,32,83
16/07/2020,SUMATERA BARAT,1,0,3,-2,806,693,32,81
17/07/2020,SUMATERA BARAT,7,0,2,5,813,695,32,86
18/07/2020,SUMATERA BARAT,4,0,5,-1,817,700,32,85
19/07/2020,SUMATERA BARAT,9,1,4,4,826,704,33,89
20/07/2020,SUMATERA BARAT,2,0,0,2,828,704,33,91
21/07/2020,SUMATERA BARAT,8,0,7,1,836,711,33,92
22/07/2020,SUMATERA BARAT,10,0,1,9,846,712,33,101
23/07/2020,SUMATERA BARAT,3,0,3,0,849,715,33,101
24/07/2020,SUMATERA BARAT,3,0,6,-3,852,721,33,98
25/07/2020,SUMATERA BARAT,12,0,13,-1,864,734,33,97
26/07/2020,SUMATERA BARAT,5,0,6,-1,869,740,33,96
27/07/2020,SUMATERA BARAT,0,0,3,-3,869,743,33,93
28/07/2020,SUMATERA BARAT,5,0,4,1,874,747,33,94
29/07/2020,SUMATERA BARAT,17,0,7,10,891,754,33,104
30/07/2020,SUMATERA BARAT,16,0,8,8,907,762,33,112
31/07/2020,SUMATERA BARAT,41,1,2,38,948,764,34,150
01/08/2020,SUMATERA BARAT,0,0,0,0,948,764,34,150
02/08/2020,SUMATERA BARAT,9,0,8,1,957,772,34,151
03/08/2020,SUMATERA BARAT,17,0,2,15,974,774,34,166
04/08/2020,SUMATERA BARAT,13,0,3,10,987,777,34,176
05/08/2020,SUMATERA BARAT,19,0,3,16,1006,780,34,192
06/08/2020,SUMATERA BARAT,32,0,12,20,1038,792,34,212
07/08/2020,SUMATERA BARAT,41,0,10,31,1079,802,34,243
08/08/2020,SUMATERA BARAT,23,0,5,18,1102,807,34,261
09/08/2020,SUMATERA BARAT,38,0,3,35,1140,810,34,296
10/08/2020,SUMATERA BARAT,36,0,9,27,1176,819,34,323
11/08/2020,SUMATERA BARAT,13,0,9,4,1189,828,34,327
12/08/2020,SUMATERA BARAT,27,2,11,14,1216,839,36,341
13/08/2020,SUMATERA BARAT,42,1,20,21,1258,859,37,362
14/08/2020,SUMATERA BARAT,42,1,15,26,1300,874,38,388
15/08/2020,SUMATERA BARAT,37,0,19,18,1337,893,38,406
16/08/2020,SUMATERA BARAT,13,2,8,3,1350,901,40,409
17/08/2020,SUMATERA BARAT,26,1,18,7,1376,919,41,416
18/08/2020,SUMATERA BARAT,37,2,4,31,1413,923,43,447
19/08/2020,SUMATERA BARAT,26,2,20,4,1439,943,45,451
20/08/2020,SUMATERA BARAT,44,0,19,25,1483,962,45,476
21/08/2020,SUMATERA BARAT,45,0,42,3,1528,1004,45,479
22/08/2020,SUMATERA BARAT,37,3,7,27,1565,1011,48,506
23/08/2020,SUMATERA BARAT,68,1,37,30,1633,1048,49,536
24/08/2020,SUMATERA BARAT,26,0,12,14,1659,1060,49,550
25/08/2020,SUMATERA BARAT,77,1,20,56,1736,1080,50,606
26/08/2020,SUMATERA BARAT,87,1,8,78,1823,1088,51,684
27/08/2020,SUMATERA BARAT,41,2,55,-16,1864,1143,53,668
28/08/2020,SUMATERA BARAT,26,2,11,13,1890,1154,55,681
29/08/2020,SUMATERA BARAT,88,0,8,80,1978,1162,55,761
30/08/2020,SUMATERA BARAT,90,1,39,50,2068,1201,56,811
31/08/2020,SUMATERA BARAT,89,0,27,62,2157,1228,56,873
01/09/2020,SUMATERA BARAT,83,0,19,64,2240,1247,56,937
02/09/2020,SUMATERA BARAT,88,0,66,22,2328,1313,56,959
03/09/2020,SUMATERA BARAT,44,0,21,23,2372,1334,56,982
04/09/2020,SUMATERA BARAT,65,3,70,-8,2437,1404,59,974
05/09/2020,SUMATERA BARAT,70,0,30,40,2507,1434,59,1014
06/09/2020,SUMATERA BARAT,244,1,23,220,2751,1457,60,1234
07/09/2020,SUMATERA BARAT,44,1,57,-14,2795,1514,61,1220
08/09/2020,SUMATERA BARAT,115,0,53,62,2910,1567,61,1282
09/09/2020,SUMATERA BARAT,110,2,65,43,3020,1632,63,1325
10/09/2020,SUMATERA BARAT,104,0,61,43,3124,1693,63,1368
11/09/2020,SUMATERA BARAT,37,0,50,-13,3161,1743,63,1355
12/09/2020,SUMATERA BARAT,103,4,5,94,3264,1748,67,1449
13/09/2020,SUMATERA BARAT,123,3,23,97,3387,1771,70,1546
14/09/2020,SUMATERA BARAT,118,4,41,73,3505,1812,74,1619
15/09/2020,SUMATERA BARAT,128,5,86,37,3633,1898,79,1656
16/09/2020,SUMATERA BARAT,116,5,59,52,3749,1957,84,1708
17/09/2020,SUMATERA BARAT,119,2,36,81,3868,1993,86,1789
18/09/2020,SUMATERA BARAT,134,2,63,69,4002,2056,88,1858
19/09/2020,SUMATERA BARAT,159,2,130,27,4161,2186,90,1885
20/09/2020,SUMATERA BARAT,106,3,37,66,4267,2223,93,1951
21/09/2020,SUMATERA BARAT,181,1,88,92,4448,2311,94,2043
22/09/2020,SUMATERA BARAT,202,2,91,109,4650,2402,96,2152
23/09/2020,SUMATERA BARAT,204,2,105,97,4854,2507,98,2249
24/09/2020,SUMATERA BARAT,302,2,144,156,5156,2651,100,2405
25/09/2020,SUMATERA BARAT,208,4,89,115,5364,2740,104,2520
26/09/2020,SUMATERA BARAT,140,1,117,22,5504,2857,105,2542
27/09/2020,SUMATERA BARAT,216,3,68,145,5720,2925,108,2687
28/09/2020,SUMATERA BARAT,206,2,80,124,5926,3005,110,2811
29/09/2020,SUMATERA BARAT,254,6,85,163,6180,3090,116,2974
30/09/2020,SUMATERA BARAT,101,11,105,-15,6281,3195,127,2959
01/10/2020,SUMATERA BARAT,192,4,107,81,6473,3302,131,3040
02/10/2020,SUMATERA BARAT,114,5,133,-24,6587,3435,136,3016
03/10/2020,SUMATERA BARAT,285,7,114,164,6872,3549,143,3180
04/10/2020,SUMATERA BARAT,255,4,132,119,7127,3681,147,3299
05/10/2020,SUMATERA BARAT,216,4,156,56,7343,3837,151,3355
06/10/2020,SUMATERA BARAT,85,3,300,-218,7428,4137,154,3137
07/10/2020,SUMATERA BARAT,194,9,119,66,7622,4256,163,3203
08/10/2020,SUMATERA BARAT,201,5,142,54,7823,4398,168,3257
09/10/2020,SUMATERA BARAT,295,4,167,124,8118,4565,172,3381
10/10/2020,SUMATERA BARAT,244,5,134,105,8362,4699,177,3486
11/10/2020,SUMATERA BARAT,341,4,207,130,8703,4906,181,3616
12/10/2020,SUMATERA BARAT,176,0,112,64,8879,5018,181,3680
13/10/2020,SUMATERA BARAT,173,3,91,79,9052,5109,184,3759
14/10/2020,SUMATERA BARAT,351,1,125,225,9403,5234,185,3984
15/10/2020,SUMATERA BARAT,346,4,131,211,9749,5365,189,4195
16/10/2020,SUMATERA BARAT,500,4,148,348,10249,5513,193,4543
17/10/2020,SUMATERA BARAT,435,3,257,175,10684,5770,196,4718
18/10/2020,SUMATERA BARAT,277,2,107,168,10961,5877,198,4886
19/10/2020,SUMATERA BARAT,242,13,170,59,11203,6047,211,4945
20/10/2020,SUMATERA BARAT,170,3,110,57,11373,6157,214,5002
21/10/2020,SUMATERA BARAT,279,7,268,4,11652,6425,221,5006
22/10/2020,SUMATERA BARAT,222,3,114,105,11874,6539,224,5111
23/10/2020,SUMATERA BARAT,257,7,523,-273,12131,7062,231,4838
24/10/2020,SUMATERA BARAT,296,0,203,93,12427,7265,231,4931
25/10/2020,SUMATERA BARAT,356,6,173,177,12783,7438,237,5108
26/10/2020,SUMATERA BARAT,271,4,185,82,13054,7623,241,5190
27/10/2020,SUMATERA BARAT,312,9,481,-178,13366,8104,250,5012
28/10/2020,SUMATERA BARAT,266,4,199,63,13632,8303,254,5075
29/10/2020,SUMATERA BARAT,345,9,553,-217,13977,8856,263,4858
30/10/2020,SUMATERA BARAT,301,7,1176,-882,14278,10032,270,3976
31/10/2020,SUMATERA BARAT,252,5,261,-14,14530,10293,275,3962
01/11/2020,SUMATERA BARAT,223,6,244,-27,14753,10537,281,3935
02/11/2020,SUMATERA BARAT,178,5,252,-79,14931,10789,286,3856
03/11/2020,SUMATERA BARAT,78,4,252,-178,15009,11041,290,3678
04/11/2020,SUMATERA BARAT,170,5,663,-498,15179,11704,295,3180
05/11/2020,SUMATERA BARAT,240,5,373,-138,15419,12077,300,3042
06/11/2020,SUMATERA BARAT,234,6,291,-63,15653,12368,306,2979
07/11/2020,SUMATERA BARAT,167,8,267,-108,15820,12635,314,2871
08/11/2020,SUMATERA BARAT,197,6,240,-49,16017,12875,320,2822
09/11/2020,SUMATERA BARAT,126,2,184,-60,16143,13059,322,2762
10/11/2020,SUMATERA BARAT,112,4,298,-190,16255,13357,326,2572
11/11/2020,SUMATERA BARAT,254,2,119,133,16509,13476,328,2705
12/11/2020,SUMATERA BARAT,200,4,144,52,16709,13620,332,2757
13/11/2020,SUMATERA BARAT,189,2,125,62,16898,13745,334,2819
14/11/2020,SUMATERA BARAT,244,3,147,94,17142,13892,337,2913
15/11/2020,SUMATERA BARAT,213,0,138,75,17355,14030,337,2988
16/11/2020,SUMATERA BARAT,38,3,80,-45,17393,14110,340,2943
17/11/2020,SUMATERA BARAT,105,11,37,57,17498,14147,351,3000
18/11/2020,SUMATERA BARAT,210,6,147,57,17708,14294,357,3057
19/11/2020,SUMATERA BARAT,195,2,501,-308,17903,14795,359,2749
20/11/2020,SUMATERA BARAT,218,4,319,-105,18121,15114,363,2644
21/11/2020,SUMATERA BARAT,243,11,324,-92,18364,15438,374,2552
22/11/2020,SUMATERA BARAT,229,7,443,-221,18593,15881,381,2331
23/11/2020,SUMATERA BARAT,33,4,161,-132,18626,16042,385,2199
24/11/2020,SUMATERA BARAT,58,1,431,-374,18684,16473,386,1825
25/11/2020,SUMATERA BARAT,260,6,332,-78,18944,16805,392,1747
26/11/2020,SUMATERA BARAT,307,5,147,155,19251,16952,397,1902
27/11/2020,SUMATERA BARAT,239,3,250,-14,19490,17202,400,1888
28/11/2020,SUMATERA BARAT,186,4,210,-28,19676,17412,404,1860
29/11/2020,SUMATERA BARAT,273,3,192,78,19949,17604,407,1938
30/11/2020,SUMATERA BARAT,92,7,216,-131,20041,17820,414,1807
01/12/2020,SUMATERA BARAT,57,1,118,-62,20098,17938,415,1745
02/12/2020,SUMATERA BARAT,175,5,216,-46,20273,18154,420,1699
03/12/2020,SUMATERA BARAT,191,4,151,36,20464,18305,424,1735
04/12/2020,SUMATERA BARAT,209,5,211,-7,20673,18516,429,1728
05/12/2020,SUMATERA BARAT,161,1,151,9,20834,18667,430,1737
06/12/2020,SUMATERA BARAT,139,5,201,-67,20973,18868,435,1670
07/12/2020,SUMATERA BARAT,114,0,113,1,21087,18981,435,1671
08/12/2020,SUMATERA BARAT,88,5,164,-81,21175,19145,440,1590
09/12/2020,SUMATERA BARAT,125,5,159,-39,21300,19304,445,1551
10/12/2020,SUMATERA BARAT,140,0,278,-138,21440,19582,445,1413
11/12/2020,SUMATERA BARAT,63,1,253,-191,21503,19835,446,1222
12/12/2020,SUMATERA BARAT,85,0,39,46,21588,19874,446,1268
13/12/2020,SUMATERA BARAT,116,2,245,-131,21704,20119,448,1137
14/12/2020,SUMATERA BARAT,54,2,51,1,21758,20170,450,1138
15/12/2020,SUMATERA BARAT,39,0,143,-104,21797,20313,450,1034
16/12/2020,SUMATERA BARAT,175,4,154,17,21972,20467,454,1051
17/12/2020,SUMATERA BARAT,114,6,128,-20,22086,20595,460,1031
18/12/2020,SUMATERA BARAT,109,7,127,-25,22195,20722,467,1006
19/12/2020,SUMATERA BARAT,136,6,34,96,22331,20756,473,1102
20/12/2020,SUMATERA BARAT,127,7,113,7,22458,20869,480,1109
21/12/2020,SUMATERA BARAT,122,6,102,14,22580,20971,486,1123
22/12/2020,SUMATERA BARAT,48,2,107,-61,22628,21078,488,1062
23/12/2020,SUMATERA BARAT,160,5,39,116,22788,21117,493,1178
24/12/2020,SUMATERA BARAT,100,6,29,65,22888,21146,499,1243
25/12/2020,SUMATERA BARAT,100,5,20,75,22988,21166,504,1318
26/12/2020,SUMATERA BARAT,75,5,11,59,23063,21177,509,1377
27/12/2020,SUMATERA BARAT,60,4,126,-70,23123,21303,513,1307
28/12/2020,SUMATERA BARAT,16,1,115,-100,23139,21418,514,1207
29/12/2020,SUMATERA BARAT,83,6,129,-52,23222,21547,520,1155
30/12/2020,SUMATERA BARAT,125,1,143,-19,23347,21690,521,1136
31/12/2020,SUMATERA BARAT,117,4,125,-12,23464,21815,525,1124
01/01/2021,SUMATERA BARAT,147,1,115,31,23611,21930,526,1155
02/01/2021,SUMATERA BARAT,38,2,125,-89,23649,22055,528,1066
03/01/2021,SUMATERA BARAT,61,3,116,-58,23710,22171,531,1008
04/01/2021,SUMATERA BARAT,24,3,142,-121,23734,22313,534,887
05/01/2021,SUMATERA BARAT,72,2,141,-71,23806,22454,536,816
06/01/2021,SUMATERA BARAT,178,4,123,51,23984,22577,540,867
07/01/2021,SUMATERA BARAT,171,4,23,144,24155,22600,544,1011
08/01/2021,SUMATERA BARAT,167,0,23,144,24322,22623,544,1155
09/01/2021,SUMATERA BARAT,182,1,19,162,24504,22642,545,1317
10/01/2021,SUMATERA BARAT,5,0,12,-7,24509,22654,545,1310
11/01/2021,SUMATERA BARAT,0,3,24,-27,24509,22678,548,1283
12/01/2021,SUMATERA BARAT,111,4,19,88,24620,22697,552,1371
13/01/2021,SUMATERA BARAT,170,4,43,123,24790,22740,556,1494
14/01/2021,SUMATERA BARAT,269,1,40,228,25059,22780,557,1722
15/01/2021,SUMATERA BARAT,191,5,33,153,25250,22813,562,1875
16/01/2021,SUMATERA BARAT,182,3,29,150,25432,22842,565,2025
17/01/2021,SUMATERA BARAT,168,0,14,154,25600,22856,565,2179
18/01/2021,SUMATERA BARAT,35,2,4,29,25635,22860,567,2208
19/01/2021,SUMATERA BARAT,108,0,59,49,25743,22919,567,2257
20/01/2021,SUMATERA BARAT,167,7,17,143,25910,22936,574,2400
21/01/2021,SUMATERA BARAT,181,4,49,128,26091,22985,578,2528
22/01/2021,SUMATERA BARAT,127,7,22,98,26218,23007,585,2626
23/01/2021,SUMATERA BARAT,111,0,114,-3,26329,23121,585,2623
24/01/2021,SUMATERA BARAT,123,0,122,1,26452,23243,585,2624
25/01/2021,SUMATERA BARAT,44,3,80,-39,26496,23323,588,2585
26/01/2021,SUMATERA BARAT,31,3,52,-24,26527,23375,591,2561
27/01/2021,SUMATERA BARAT,100,1,53,46,26627,23428,592,2607
28/01/2021,SUMATERA BARAT,110,1,133,-24,26737,23561,593,2583
29/01/2021,SUMATERA BARAT,71,6,311,-246,26808,23872,599,2337
30/01/2021,SUMATERA BARAT,84,1,77,6,26892,23949,600,2343
31/01/2021,SUMATERA BARAT,87,2,144,-59,26979,24093,602,2284
01/02/2021,SUMATERA BARAT,44,2,39,3,27023,24132,604,2287
02/02/2021,SUMATERA BARAT,37,7,183,-153,27060,24315,611,2134
03/02/2021,SUMATERA BARAT,129,3,118,8,27189,24433,614,2142
04/02/2021,SUMATERA BARAT,97,3,176,-82,27286,24609,617,2060
05/02/2021,SUMATERA BARAT,58,1,106,-49,27344,24715,618,2011
06/02/2021,SUMATERA BARAT,95,1,161,-67,27439,24876,619,1944
07/02/2021,SUMATERA BARAT,129,0,111,18,27568,24987,619,1962
08/02/2021,SUMATERA BARAT,42,1,154,-113,27610,25141,620,1849
09/02/2021,SUMATERA BARAT,51,0,171,-120,27661,25312,620,1729
10/02/2021,SUMATERA BARAT,141,1,59,81,27802,25371,621,1810
11/02/2021,SUMATERA BARAT,85,5,91,-11,27887,25462,626,1799
12/02/2021,SUMATERA BARAT,123,3,52,68,28010,25514,629,1867
13/02/2021,SUMATERA BARAT,81,1,61,19,28091,25575,630,1886
14/02/2021,SUMATERA BARAT,77,0,116,-39,28168,25691,630,1847
15/02/2021,SUMATERA BARAT,14,4,46,-36,28182,25737,634,1811
16/02/2021,SUMATERA BARAT,54,0,0,54,28236,25737,634,1865
17/02/2021,SUMATERA BARAT,71,0,27,44,28307,25764,634,1909
18/02/2021,SUMATERA BARAT,112,1,49,62,28419,25813,635,1971
19/02/2021,SUMATERA BARAT,90,3,6,81,28509,25819,638,2052
20/02/2021,SUMATERA BARAT,81,3,60,18,28590,25879,641,2070
21/02/2021,SUMATERA BARAT,71,0,55,16,28661,25934,641,2086
22/02/2021,SUMATERA BARAT,29,0,227,-198,28690,26161,641,1888
23/02/2021,SUMATERA BARAT,60,1,184,-125,28750,26345,642,1763
24/02/2021,SUMATERA BARAT,87,0,189,-102,28837,26534,642,1661
25/02/2021,SUMATERA BARAT,83,0,133,-50,28920,26667,642,1611
26/02/2021,SUMATERA BARAT,97,1,137,-41,29017,26804,643,1570
27/02/2021,SUMATERA BARAT,81,0,95,-14,29098,26899,643,1556
28/02/2021,SUMATERA BARAT,84,0,129,-45,29182,27028,643,1511
01/03/2021,SUMATERA BARAT,22,4,164,-146,29204,27192,647,1365
02/03/2021,SUMATERA BARAT,71,1,149,-79,29275,27341,648,1286
03/03/2021,SUMATERA BARAT,105,2,184,-81,29380,27525,650,1205
04/03/2021,SUMATERA BARAT,87,2,75,10,29467,27600,652,1215
05/03/2021,SUMATERA BARAT,87,1,165,-79,29554,27765,653,1136
06/03/2021,SUMATERA BARAT,92,0,141,-49,29646,27906,653,1087
07/03/2021,SUMATERA BARAT,60,1,69,-10,29706,27975,654,1077
08/03/2021,SUMATERA BARAT,8,1,75,-68,29714,28050,655,1009
09/03/2021,SUMATERA BARAT,83,2,33,48,29797,28083,657,1057
10/03/2021,SUMATERA BARAT,101,1,101,-1,29898,28184,658,1056
11/03/2021,SUMATERA BARAT,87,1,104,-18,29985,28288,659,1038
12/03/2021,SUMATERA BARAT,57,4,48,5,30042,28336,663,1043
13/03/2021,SUMATERA BARAT,68,2,50,16,30110,28386,665,1059
14/03/2021,SUMATERA BARAT,93,3,145,-55,30203,28531,668,1004
15/03/2021,SUMATERA BARAT,22,0,33,-11,30225,28564,668,993
16/03/2021,SUMATERA BARAT,55,0,64,-9,30280,28628,668,984
17/03/2021,SUMATERA BARAT,135,4,66,65,30415,28694,672,1049
18/03/2021,SUMATERA BARAT,105,0,91,14,30520,28785,672,1063
19/03/2021,SUMATERA BARAT,109,2,80,27,30629,28865,674,1090
20/03/2021,SUMATERA BARAT,77,1,172,-96,30706,29037,675,994
21/03/2021,SUMATERA BARAT,87,2,60,25,30793,29097,677,1019
22/03/2021,SUMATERA BARAT,41,0,59,-18,30834,29156,677,1001
23/03/2021,SUMATERA BARAT,90,2,41,47,30924,29197,679,1048
24/03/2021,SUMATERA BARAT,89,0,105,-16,31013,29302,679,1032
25/03/2021,SUMATERA BARAT,111,0,123,-12,31124,29425,679,1020
26/03/2021,SUMATERA BARAT,115,0,46,69,31239,29471,679,1089
27/03/2021,SUMATERA BARAT,110,1,64,45,31349,29535,680,1134
28/03/2021,SUMATERA BARAT,106,2,128,-24,31455,29663,682,1110
29/03/2021,SUMATERA BARAT,41,1,37,3,31496,29700,683,1113
30/03/2021,SUMATERA BARAT,106,0,13,93,31602,29713,683,1206
31/03/2021,SUMATERA BARAT,126,1,56,69,31728,29769,684,1275
01/04/2021,SUMATERA BARAT,134,1,76,57,31862,29845,685,1332
02/04/2021,SUMATERA BARAT,150,4,55,91,32012,29900,689,1423
03/04/2021,SUMATERA BARAT,86,1,92,-7,32098,29992,690,1416
04/04/2021,SUMATERA BARAT,57,0,37,20,32155,30029,690,1436
05/04/2021,SUMATERA BARAT,51,4,110,-63,32206,30139,694,1373
06/04/2021,SUMATERA BARAT,105,4,115,-14,32311,30254,698,1359
07/04/2021,SUMATERA BARAT,129,0,121,8,32440,30375,698,1367
08/04/2021,SUMATERA BARAT,215,10,193,12,32655,30568,708,1379
09/04/2021,SUMATERA BARAT,145,2,67,76,32800,30635,710,1455
10/04/2021,SUMATERA BARAT,155,5,54,96,32955,30689,715,1551
11/04/2021,SUMATERA BARAT,114,1,153,-40,33069,30842,716,1511
12/04/2021,SUMATERA BARAT,57,2,50,5,33126,30892,718,1516
13/04/2021,SUMATERA BARAT,101,4,162,-65,33227,31054,722,1451
14/04/2021,SUMATERA BARAT,174,3,168,3,33401,31222,725,1454
15/04/2021,SUMATERA BARAT,158,5,153,0,33559,31375,730,1454
16/04/2021,SUMATERA BARAT,168,4,162,2,33727,31537,734,1456
17/04/2021,SUMATERA BARAT,206,7,140,59,33933,31677,741,1515
18/04/2021,SUMATERA BARAT,204,3,99,102,34137,31776,744,1617
28/03/2020,SUMATERA SELATAN,1,0,0,1,1,0,0,1
29/03/2020,SUMATERA SELATAN,0,0,0,0,1,0,0,1
30/03/2020,SUMATERA SELATAN,0,0,0,0,1,0,0,1
31/03/2020,SUMATERA SELATAN,3,0,0,3,4,0,0,4
01/04/2020,SUMATERA SELATAN,0,0,0,0,4,0,0,4
02/04/2020,SUMATERA SELATAN,6,0,0,6,10,0,0,10
03/04/2020,SUMATERA SELATAN,1,0,0,1,11,0,0,11
04/04/2020,SUMATERA SELATAN,0,0,1,-1,11,1,0,10
05/04/2020,SUMATERA SELATAN,4,0,0,4,15,1,0,14
06/04/2020,SUMATERA SELATAN,0,0,0,0,15,1,0,14
07/04/2020,SUMATERA SELATAN,0,0,0,0,15,1,0,14
08/04/2020,SUMATERA SELATAN,0,0,0,0,15,1,0,14
09/04/2020,SUMATERA SELATAN,1,0,0,1,16,1,0,15
10/04/2020,SUMATERA SELATAN,1,0,0,1,17,1,0,16
11/04/2020,SUMATERA SELATAN,0,0,0,0,17,1,0,16
12/04/2020,SUMATERA SELATAN,0,0,2,-2,17,3,0,14
13/04/2020,SUMATERA SELATAN,0,0,0,0,17,3,0,14
14/04/2020,SUMATERA SELATAN,1,0,0,1,18,3,0,15
15/04/2020,SUMATERA SELATAN,3,0,0,3,21,3,0,18
16/04/2020,SUMATERA SELATAN,18,0,0,18,39,3,0,36
17/04/2020,SUMATERA SELATAN,14,0,0,14,53,3,0,50
18/04/2020,SUMATERA SELATAN,30,1,0,29,83,3,1,79
19/04/2020,SUMATERA SELATAN,5,0,0,5,88,3,1,84
20/04/2020,SUMATERA SELATAN,0,0,0,0,88,3,1,84
21/04/2020,SUMATERA SELATAN,0,0,0,0,88,3,1,84
22/04/2020,SUMATERA SELATAN,0,0,0,0,88,3,1,84
23/04/2020,SUMATERA SELATAN,4,0,1,3,92,4,1,87
24/04/2020,SUMATERA SELATAN,13,0,2,11,105,6,1,98
25/04/2020,SUMATERA SELATAN,13,0,10,3,118,16,1,101
26/04/2020,SUMATERA SELATAN,10,0,0,10,128,16,1,111
27/04/2020,SUMATERA SELATAN,0,0,4,-4,128,20,1,107
28/04/2020,SUMATERA SELATAN,14,0,3,11,142,23,1,118
29/04/2020,SUMATERA SELATAN,1,0,0,1,143,23,1,119
30/04/2020,SUMATERA SELATAN,6,0,0,6,149,23,1,125
01/05/2020,SUMATERA SELATAN,6,0,5,1,155,28,1,126
02/05/2020,SUMATERA SELATAN,0,2,0,-2,155,28,3,124
03/05/2020,SUMATERA SELATAN,28,0,7,21,183,35,3,145
04/05/2020,SUMATERA SELATAN,0,1,7,-8,183,42,4,137
05/05/2020,SUMATERA SELATAN,15,0,4,11,198,46,4,148
06/05/2020,SUMATERA SELATAN,11,1,0,10,209,46,5,158
07/05/2020,SUMATERA SELATAN,17,2,2,13,226,48,7,171
08/05/2020,SUMATERA SELATAN,0,1,0,-1,226,48,8,170
09/05/2020,SUMATERA SELATAN,51,0,6,45,277,54,8,215
10/05/2020,SUMATERA SELATAN,0,3,9,-12,277,63,11,203
11/05/2020,SUMATERA SELATAN,0,0,0,0,277,63,11,203
12/05/2020,SUMATERA SELATAN,1,1,9,-9,278,72,12,194
13/05/2020,SUMATERA SELATAN,43,2,0,41,321,72,14,235
14/05/2020,SUMATERA SELATAN,117,1,0,116,438,72,15,351
15/05/2020,SUMATERA SELATAN,16,1,0,15,454,72,16,366
16/05/2020,SUMATERA SELATAN,0,0,0,0,454,72,16,366
17/05/2020,SUMATERA SELATAN,66,3,0,63,520,72,19,429
18/05/2020,SUMATERA SELATAN,16,2,4,10,536,76,21,439
19/05/2020,SUMATERA SELATAN,57,0,0,57,593,76,21,496
20/05/2020,SUMATERA SELATAN,50,2,1,47,643,77,23,543
21/05/2020,SUMATERA SELATAN,28,1,17,10,671,94,24,553
22/05/2020,SUMATERA SELATAN,19,1,5,13,690,99,25,566
23/05/2020,SUMATERA SELATAN,32,3,2,27,722,101,28,593
24/05/2020,SUMATERA SELATAN,11,0,10,1,733,111,28,594
25/05/2020,SUMATERA SELATAN,72,0,2,70,805,113,28,664
26/05/2020,SUMATERA SELATAN,58,0,0,58,863,113,28,722
27/05/2020,SUMATERA SELATAN,48,1,8,39,911,121,29,761
28/05/2020,SUMATERA SELATAN,27,0,14,13,938,135,29,774
29/05/2020,SUMATERA SELATAN,12,1,0,11,950,135,30,785
30/05/2020,SUMATERA SELATAN,11,4,66,-59,961,201,34,726
31/05/2020,SUMATERA SELATAN,19,0,11,8,980,212,34,734
01/06/2020,SUMATERA SELATAN,12,0,9,3,992,221,34,737
02/06/2020,SUMATERA SELATAN,26,0,2,24,1018,223,34,761
03/06/2020,SUMATERA SELATAN,10,0,22,-12,1028,245,34,749
04/06/2020,SUMATERA SELATAN,27,3,17,7,1055,262,37,756
05/06/2020,SUMATERA SELATAN,17,3,19,-5,1072,281,40,751
06/06/2020,SUMATERA SELATAN,28,1,14,13,1100,295,41,764
07/06/2020,SUMATERA SELATAN,25,0,48,-23,1125,343,41,741
08/06/2020,SUMATERA SELATAN,27,0,47,-20,1152,390,41,721
09/06/2020,SUMATERA SELATAN,30,1,11,18,1182,401,42,739
10/06/2020,SUMATERA SELATAN,40,3,48,-11,1222,449,45,728
11/06/2020,SUMATERA SELATAN,39,0,63,-24,1261,512,45,704
12/06/2020,SUMATERA SELATAN,34,5,31,-2,1295,543,50,702
13/06/2020,SUMATERA SELATAN,23,2,14,7,1318,557,52,709
14/06/2020,SUMATERA SELATAN,69,0,61,8,1387,618,52,717
15/06/2020,SUMATERA SELATAN,49,2,31,16,1436,649,54,733
16/06/2020,SUMATERA SELATAN,50,4,21,25,1486,670,58,758
17/06/2020,SUMATERA SELATAN,53,3,11,39,1539,681,61,797
18/06/2020,SUMATERA SELATAN,56,2,26,28,1595,707,63,825
19/06/2020,SUMATERA SELATAN,74,1,31,42,1669,738,64,867
20/06/2020,SUMATERA SELATAN,50,3,9,38,1719,747,67,905
21/06/2020,SUMATERA SELATAN,57,4,4,49,1776,751,71,954
22/06/2020,SUMATERA SELATAN,59,0,17,42,1835,768,71,996
23/06/2020,SUMATERA SELATAN,17,2,47,-32,1852,815,73,964
24/06/2020,SUMATERA SELATAN,13,3,14,-4,1865,829,76,960
25/06/2020,SUMATERA SELATAN,26,2,76,-52,1891,905,78,908
26/06/2020,SUMATERA SELATAN,14,1,15,-2,1905,920,79,906
27/06/2020,SUMATERA SELATAN,42,0,16,26,1947,936,79,932
28/06/2020,SUMATERA SELATAN,51,1,17,33,1998,953,80,965
29/06/2020,SUMATERA SELATAN,23,8,66,-51,2021,1019,88,914
30/06/2020,SUMATERA SELATAN,27,3,5,19,2048,1024,91,933
01/07/2020,SUMATERA SELATAN,29,8,17,4,2077,1041,99,937
02/07/2020,SUMATERA SELATAN,42,3,43,-4,2119,1084,102,933
03/07/2020,SUMATERA SELATAN,36,0,24,12,2155,1108,102,945
04/07/2020,SUMATERA SELATAN,49,1,11,37,2204,1119,103,982
05/07/2020,SUMATERA SELATAN,50,1,40,9,2254,1159,104,991
06/07/2020,SUMATERA SELATAN,71,6,22,43,2325,1181,110,1034
07/07/2020,SUMATERA SELATAN,30,1,28,1,2355,1209,111,1035
08/07/2020,SUMATERA SELATAN,63,0,10,53,2418,1219,111,1088
09/07/2020,SUMATERA SELATAN,56,6,4,46,2474,1223,117,1134
10/07/2020,SUMATERA SELATAN,93,2,15,76,2567,1238,119,1210
11/07/2020,SUMATERA SELATAN,36,3,4,29,2603,1242,122,1239
12/07/2020,SUMATERA SELATAN,49,1,34,14,2652,1276,123,1253
13/07/2020,SUMATERA SELATAN,50,4,30,16,2702,1306,127,1269
14/07/2020,SUMATERA SELATAN,51,4,19,28,2753,1325,131,1297
15/07/2020,SUMATERA SELATAN,30,0,14,16,2783,1339,131,1313
16/07/2020,SUMATERA SELATAN,45,3,21,21,2828,1360,134,1334
17/07/2020,SUMATERA SELATAN,70,2,27,41,2898,1387,136,1375
18/07/2020,SUMATERA SELATAN,67,1,4,62,2965,1391,137,1437
19/07/2020,SUMATERA SELATAN,46,1,17,28,3011,1408,138,1465
20/07/2020,SUMATERA SELATAN,42,2,1,39,3053,1409,140,1504
21/07/2020,SUMATERA SELATAN,58,2,9,47,3111,1418,142,1551
22/07/2020,SUMATERA SELATAN,37,0,53,-16,3148,1471,142,1535
23/07/2020,SUMATERA SELATAN,16,5,54,-43,3164,1525,147,1492
24/07/2020,SUMATERA SELATAN,46,0,55,-9,3210,1580,147,1483
25/07/2020,SUMATERA SELATAN,17,4,29,-16,3227,1609,151,1467
26/07/2020,SUMATERA SELATAN,23,1,35,-13,3250,1644,152,1454
27/07/2020,SUMATERA SELATAN,24,1,35,-12,3274,1679,153,1442
28/07/2020,SUMATERA SELATAN,21,0,14,7,3295,1693,153,1449
29/07/2020,SUMATERA SELATAN,34,7,20,7,3329,1713,160,1456
30/07/2020,SUMATERA SELATAN,57,0,42,15,3386,1755,160,1471
31/07/2020,SUMATERA SELATAN,30,1,38,-9,3416,1793,161,1462
01/08/2020,SUMATERA SELATAN,10,0,32,-22,3426,1825,161,1440
02/08/2020,SUMATERA SELATAN,17,2,31,-16,3443,1856,163,1424
03/08/2020,SUMATERA SELATAN,11,4,7,0,3454,1863,167,1424
04/08/2020,SUMATERA SELATAN,35,0,26,9,3489,1889,167,1433
05/08/2020,SUMATERA SELATAN,62,6,25,31,3551,1914,173,1464
06/08/2020,SUMATERA SELATAN,50,4,94,-48,3601,2008,177,1416
07/08/2020,SUMATERA SELATAN,21,4,89,-72,3622,2097,181,1344
08/08/2020,SUMATERA SELATAN,52,2,71,-21,3674,2168,183,1323
09/08/2020,SUMATERA SELATAN,19,11,64,-56,3693,2232,194,1267
10/08/2020,SUMATERA SELATAN,19,3,79,-63,3712,2311,197,1204
11/08/2020,SUMATERA SELATAN,22,2,60,-40,3734,2371,199,1164
12/08/2020,SUMATERA SELATAN,43,2,1,40,3777,2372,201,1204
13/08/2020,SUMATERA SELATAN,27,0,43,-16,3804,2415,201,1188
14/08/2020,SUMATERA SELATAN,39,2,112,-75,3843,2527,203,1113
15/08/2020,SUMATERA SELATAN,36,1,36,-1,3879,2563,204,1112
16/08/2020,SUMATERA SELATAN,29,0,35,-6,3908,2598,204,1106
17/08/2020,SUMATERA SELATAN,1,0,28,-27,3909,2626,204,1079
18/08/2020,SUMATERA SELATAN,9,1,15,-7,3918,2641,205,1072
19/08/2020,SUMATERA SELATAN,45,6,38,1,3963,2679,211,1073
20/08/2020,SUMATERA SELATAN,24,3,13,8,3987,2692,214,1081
21/08/2020,SUMATERA SELATAN,49,2,50,-3,4036,2742,216,1078
22/08/2020,SUMATERA SELATAN,54,5,19,30,4090,2761,221,1108
23/08/2020,SUMATERA SELATAN,34,4,60,-30,4124,2821,225,1078
24/08/2020,SUMATERA SELATAN,32,1,85,-54,4156,2906,226,1024
25/08/2020,SUMATERA SELATAN,45,3,34,8,4201,2940,229,1032
26/08/2020,SUMATERA SELATAN,21,2,17,2,4222,2957,231,1034
27/08/2020,SUMATERA SELATAN,25,3,59,-37,4247,3016,234,997
28/08/2020,SUMATERA SELATAN,57,3,39,15,4304,3055,237,1012
29/08/2020,SUMATERA SELATAN,56,11,61,-16,4360,3116,248,996
30/08/2020,SUMATERA SELATAN,40,0,16,24,4400,3132,248,1020
31/08/2020,SUMATERA SELATAN,53,2,26,25,4453,3158,250,1045
01/09/2020,SUMATERA SELATAN,32,2,65,-35,4485,3223,252,1010
02/09/2020,SUMATERA SELATAN,34,6,23,5,4519,3246,258,1015
03/09/2020,SUMATERA SELATAN,63,2,37,24,4582,3283,260,1039
04/09/2020,SUMATERA SELATAN,35,4,36,-5,4617,3319,264,1034
05/09/2020,SUMATERA SELATAN,42,9,13,20,4659,3332,273,1054
06/09/2020,SUMATERA SELATAN,15,3,48,-36,4674,3380,276,1018
07/09/2020,SUMATERA SELATAN,70,3,30,37,4744,3410,279,1055
08/09/2020,SUMATERA SELATAN,41,2,32,7,4785,3442,281,1062
09/09/2020,SUMATERA SELATAN,38,5,27,6,4823,3469,286,1068
10/09/2020,SUMATERA SELATAN,66,5,19,42,4889,3488,291,1110
11/09/2020,SUMATERA SELATAN,55,1,67,-13,4944,3555,292,1097
12/09/2020,SUMATERA SELATAN,73,3,48,22,5017,3603,295,1119
13/09/2020,SUMATERA SELATAN,33,3,48,-18,5050,3651,298,1101
14/09/2020,SUMATERA SELATAN,27,5,101,-79,5077,3752,303,1022
15/09/2020,SUMATERA SELATAN,40,4,50,-14,5117,3802,307,1008
16/09/2020,SUMATERA SELATAN,57,4,42,11,5174,3844,311,1019
17/09/2020,SUMATERA SELATAN,58,3,18,37,5232,3862,314,1056
18/09/2020,SUMATERA SELATAN,60,4,28,28,5292,3890,318,1084
19/09/2020,SUMATERA SELATAN,38,2,35,1,5330,3925,320,1085
20/09/2020,SUMATERA SELATAN,71,1,14,56,5401,3939,321,1141
21/09/2020,SUMATERA SELATAN,47,1,57,-11,5448,3996,322,1130
22/09/2020,SUMATERA SELATAN,48,1,57,-10,5496,4053,323,1120
23/09/2020,SUMATERA SELATAN,110,5,14,91,5606,4067,328,1211
24/09/2020,SUMATERA SELATAN,83,1,33,49,5689,4100,329,1260
25/09/2020,SUMATERA SELATAN,44,5,39,0,5733,4139,334,1260
26/09/2020,SUMATERA SELATAN,60,1,21,38,5793,4160,335,1298
27/09/2020,SUMATERA SELATAN,82,3,42,37,5875,4202,338,1335
28/09/2020,SUMATERA SELATAN,51,2,51,-2,5926,4253,340,1333
29/09/2020,SUMATERA SELATAN,58,0,25,33,5984,4278,340,1366
30/09/2020,SUMATERA SELATAN,110,6,86,18,6094,4364,346,1384
01/10/2020,SUMATERA SELATAN,40,3,65,-28,6134,4429,349,1356
02/10/2020,SUMATERA SELATAN,72,3,86,-17,6206,4515,352,1339
03/10/2020,SUMATERA SELATAN,70,0,93,-23,6276,4608,352,1316
04/10/2020,SUMATERA SELATAN,46,2,65,-21,6322,4673,354,1295
05/10/2020,SUMATERA SELATAN,23,1,75,-53,6345,4748,355,1242
06/10/2020,SUMATERA SELATAN,71,5,4,62,6416,4752,360,1304
07/10/2020,SUMATERA SELATAN,114,2,44,68,6530,4796,362,1372
08/10/2020,SUMATERA SELATAN,83,3,151,-71,6613,4947,365,1301
09/10/2020,SUMATERA SELATAN,63,3,66,-6,6676,5013,368,1295
10/10/2020,SUMATERA SELATAN,66,1,73,-8,6742,5086,369,1287
11/10/2020,SUMATERA SELATAN,33,0,41,-8,6775,5127,369,1279
12/10/2020,SUMATERA SELATAN,45,4,53,-12,6820,5180,373,1267
13/10/2020,SUMATERA SELATAN,66,3,17,46,6886,5197,376,1313
14/10/2020,SUMATERA SELATAN,60,6,57,-3,6946,5254,382,1310
15/10/2020,SUMATERA SELATAN,58,3,26,29,7004,5280,385,1339
16/10/2020,SUMATERA SELATAN,53,0,65,-12,7057,5345,385,1327
17/10/2020,SUMATERA SELATAN,46,0,47,-1,7103,5392,385,1326
18/10/2020,SUMATERA SELATAN,39,4,56,-21,7142,5448,389,1305
19/10/2020,SUMATERA SELATAN,39,2,7,30,7181,5455,391,1335
20/10/2020,SUMATERA SELATAN,47,2,48,-3,7228,5503,393,1332
21/10/2020,SUMATERA SELATAN,99,3,32,64,7327,5535,396,1396
22/10/2020,SUMATERA SELATAN,34,1,80,-47,7361,5615,397,1349
23/10/2020,SUMATERA SELATAN,73,8,62,3,7434,5677,405,1352
24/10/2020,SUMATERA SELATAN,65,1,40,24,7499,5717,406,1376
25/10/2020,SUMATERA SELATAN,22,0,182,-160,7521,5899,406,1216
26/10/2020,SUMATERA SELATAN,16,2,131,-117,7537,6030,408,1099
27/10/2020,SUMATERA SELATAN,43,1,60,-18,7580,6090,409,1081
28/10/2020,SUMATERA SELATAN,86,0,38,48,7666,6128,409,1129
29/10/2020,SUMATERA SELATAN,77,2,138,-63,7743,6266,411,1066
30/10/2020,SUMATERA SELATAN,43,0,32,11,7786,6298,411,1077
31/10/2020,SUMATERA SELATAN,62,1,36,25,7848,6334,412,1102
01/11/2020,SUMATERA SELATAN,54,10,66,-22,7902,6400,422,1080
02/11/2020,SUMATERA SELATAN,18,5,9,4,7920,6409,427,1084
03/11/2020,SUMATERA SELATAN,31,6,82,-57,7951,6491,433,1027
04/11/2020,SUMATERA SELATAN,70,5,47,18,8021,6538,438,1045
05/11/2020,SUMATERA SELATAN,68,3,90,-25,8089,6628,441,1020
06/11/2020,SUMATERA SELATAN,94,1,44,49,8183,6672,442,1069
07/11/2020,SUMATERA SELATAN,83,2,4,77,8266,6676,444,1146
08/11/2020,SUMATERA SELATAN,42,3,98,-59,8308,6774,447,1087
09/11/2020,SUMATERA SELATAN,26,3,27,-4,8334,6801,450,1083
10/11/2020,SUMATERA SELATAN,51,1,38,12,8385,6839,451,1095
11/11/2020,SUMATERA SELATAN,76,5,85,-14,8461,6924,456,1081
12/11/2020,SUMATERA SELATAN,72,4,52,16,8533,6976,460,1097
13/11/2020,SUMATERA SELATAN,68,2,12,54,8601,6988,462,1151
14/11/2020,SUMATERA SELATAN,64,2,38,24,8665,7026,464,1175
15/11/2020,SUMATERA SELATAN,44,0,34,10,8709,7060,464,1185
16/11/2020,SUMATERA SELATAN,45,1,99,-55,8754,7159,465,1130
17/11/2020,SUMATERA SELATAN,50,0,31,19,8804,7190,465,1149
18/11/2020,SUMATERA SELATAN,50,2,21,27,8854,7211,467,1176
19/11/2020,SUMATERA SELATAN,44,13,41,-10,8898,7252,480,1166
20/11/2020,SUMATERA SELATAN,71,2,24,45,8969,7276,482,1211
21/11/2020,SUMATERA SELATAN,53,1,1,51,9022,7277,483,1262
22/11/2020,SUMATERA SELATAN,57,1,23,33,9079,7300,484,1295
23/11/2020,SUMATERA SELATAN,33,1,20,12,9112,7320,485,1307
24/11/2020,SUMATERA SELATAN,47,4,67,-24,9159,7387,489,1283
25/11/2020,SUMATERA SELATAN,59,0,48,11,9218,7435,489,1294
26/11/2020,SUMATERA SELATAN,81,3,36,42,9299,7471,492,1336
27/11/2020,SUMATERA SELATAN,49,3,46,0,9348,7517,495,1336
28/11/2020,SUMATERA SELATAN,38,3,46,-11,9386,7563,498,1325
29/11/2020,SUMATERA SELATAN,41,2,47,-8,9427,7610,500,1317
30/11/2020,SUMATERA SELATAN,35,5,48,-18,9462,7658,505,1299
01/12/2020,SUMATERA SELATAN,67,6,93,-32,9529,7751,511,1267
02/12/2020,SUMATERA SELATAN,51,3,26,22,9580,7777,514,1289
03/12/2020,SUMATERA SELATAN,77,3,76,-2,9657,7853,517,1287
04/12/2020,SUMATERA SELATAN,88,7,119,-38,9745,7972,524,1249
05/12/2020,SUMATERA SELATAN,58,4,51,3,9803,8023,528,1252
06/12/2020,SUMATERA SELATAN,52,8,54,-10,9855,8077,536,1242
07/12/2020,SUMATERA SELATAN,63,3,54,6,9918,8131,539,1248
08/12/2020,SUMATERA SELATAN,68,0,78,-10,9986,8209,539,1238
09/12/2020,SUMATERA SELATAN,40,1,119,-80,10026,8328,540,1158
10/12/2020,SUMATERA SELATAN,58,2,50,6,10084,8378,542,1164
11/12/2020,SUMATERA SELATAN,65,4,66,-5,10149,8444,546,1159
12/12/2020,SUMATERA SELATAN,76,5,48,23,10225,8492,551,1182
13/12/2020,SUMATERA SELATAN,61,3,28,30,10286,8520,554,1212
14/12/2020,SUMATERA SELATAN,48,3,14,31,10334,8534,557,1243
15/12/2020,SUMATERA SELATAN,73,1,57,15,10407,8591,558,1258
16/12/2020,SUMATERA SELATAN,64,5,28,31,10471,8619,563,1289
17/12/2020,SUMATERA SELATAN,79,0,15,64,10550,8634,563,1353
18/12/2020,SUMATERA SELATAN,123,1,35,87,10673,8669,564,1440
19/12/2020,SUMATERA SELATAN,89,3,43,43,10762,8712,567,1483
20/12/2020,SUMATERA SELATAN,84,5,33,46,10846,8745,572,1529
21/12/2020,SUMATERA SELATAN,66,2,36,28,10912,8781,574,1557
22/12/2020,SUMATERA SELATAN,94,2,31,61,11006,8812,576,1618
23/12/2020,SUMATERA SELATAN,109,3,136,-30,11115,8948,579,1588
24/12/2020,SUMATERA SELATAN,81,3,52,26,11196,9000,582,1614
25/12/2020,SUMATERA SELATAN,89,6,31,52,11285,9031,588,1666
26/12/2020,SUMATERA SELATAN,81,1,66,14,11366,9097,589,1680
27/12/2020,SUMATERA SELATAN,95,3,69,23,11461,9166,592,1703
28/12/2020,SUMATERA SELATAN,78,1,9,68,11539,9175,593,1771
29/12/2020,SUMATERA SELATAN,84,1,88,-5,11623,9263,594,1766
30/12/2020,SUMATERA SELATAN,110,2,48,60,11733,9311,596,1826
31/12/2020,SUMATERA SELATAN,92,1,50,41,11825,9361,597,1867
01/01/2021,SUMATERA SELATAN,74,5,57,12,11899,9418,602,1879
02/01/2021,SUMATERA SELATAN,45,1,97,-53,11944,9515,603,1826
03/01/2021,SUMATERA SELATAN,53,0,81,-28,11997,9596,603,1798
04/01/2021,SUMATERA SELATAN,54,0,68,-14,12051,9664,603,1784
05/01/2021,SUMATERA SELATAN,66,2,56,8,12117,9720,605,1792
06/01/2021,SUMATERA SELATAN,99,3,99,-3,12216,9819,608,1789
07/01/2021,SUMATERA SELATAN,63,3,85,-25,12279,9904,611,1764
08/01/2021,SUMATERA SELATAN,102,0,40,62,12381,9944,611,1826
09/01/2021,SUMATERA SELATAN,89,1,78,10,12470,10022,612,1836
10/01/2021,SUMATERA SELATAN,51,5,66,-20,12521,10088,617,1816
11/01/2021,SUMATERA SELATAN,48,2,57,-11,12569,10145,619,1805
12/01/2021,SUMATERA SELATAN,74,1,46,27,12643,10191,620,1832
13/01/2021,SUMATERA SELATAN,80,2,76,2,12723,10267,622,1834
14/01/2021,SUMATERA SELATAN,98,1,38,59,12821,10305,623,1893
15/01/2021,SUMATERA SELATAN,92,4,60,28,12913,10365,627,1921
16/01/2021,SUMATERA SELATAN,78,4,83,-9,12991,10448,631,1912
17/01/2021,SUMATERA SELATAN,76,5,57,14,13067,10505,636,1926
18/01/2021,SUMATERA SELATAN,54,5,60,-11,13121,10565,641,1915
19/01/2021,SUMATERA SELATAN,104,3,87,14,13225,10652,644,1929
20/01/2021,SUMATERA SELATAN,110,1,127,-18,13335,10779,645,1911
21/01/2021,SUMATERA SELATAN,101,6,49,46,13436,10828,651,1957
22/01/2021,SUMATERA SELATAN,71,1,27,43,13507,10855,652,2000
23/01/2021,SUMATERA SELATAN,91,2,43,46,13598,10898,654,2046
24/01/2021,SUMATERA SELATAN,89,1,32,56,13687,10930,655,2102
25/01/2021,SUMATERA SELATAN,89,4,27,58,13776,10957,659,2160
26/01/2021,SUMATERA SELATAN,134,5,101,28,13910,11058,664,2188
27/01/2021,SUMATERA SELATAN,87,6,89,-8,13997,11147,670,2180
28/01/2021,SUMATERA SELATAN,82,3,55,24,14079,11202,673,2204
29/01/2021,SUMATERA SELATAN,86,0,72,14,14165,11274,673,2218
30/01/2021,SUMATERA SELATAN,64,2,104,-42,14229,11378,675,2176
31/01/2021,SUMATERA SELATAN,80,3,68,9,14309,11446,678,2185
01/02/2021,SUMATERA SELATAN,66,1,78,-13,14375,11524,679,2172
02/02/2021,SUMATERA SELATAN,62,3,89,-30,14437,11613,682,2142
03/02/2021,SUMATERA SELATAN,60,4,149,-93,14497,11762,686,2049
04/02/2021,SUMATERA SELATAN,29,1,54,-26,14526,11816,687,2023
05/02/2021,SUMATERA SELATAN,68,2,91,-25,14594,11907,689,1998
06/02/2021,SUMATERA SELATAN,58,0,67,-9,14652,11974,689,1989
07/02/2021,SUMATERA SELATAN,71,4,82,-15,14723,12056,693,1974
08/02/2021,SUMATERA SELATAN,71,2,27,42,14794,12083,695,2016
09/02/2021,SUMATERA SELATAN,62,9,135,-82,14856,12218,704,1934
10/02/2021,SUMATERA SELATAN,74,1,99,-26,14930,12317,705,1908
11/02/2021,SUMATERA SELATAN,40,4,91,-55,14970,12408,709,1853
12/02/2021,SUMATERA SELATAN,56,2,58,-4,15026,12466,711,1849
13/02/2021,SUMATERA SELATAN,57,2,80,-25,15083,12546,713,1824
14/02/2021,SUMATERA SELATAN,66,6,120,-60,15149,12666,719,1764
15/02/2021,SUMATERA SELATAN,51,1,102,-52,15200,12768,720,1712
16/02/2021,SUMATERA SELATAN,52,0,17,35,15252,12785,720,1747
17/02/2021,SUMATERA SELATAN,55,0,18,37,15307,12803,720,1784
18/02/2021,SUMATERA SELATAN,44,2,55,-13,15351,12858,722,1771
19/02/2021,SUMATERA SELATAN,50,0,41,9,15401,12899,722,1780
20/02/2021,SUMATERA SELATAN,88,0,56,32,15489,12955,722,1812
21/02/2021,SUMATERA SELATAN,52,4,40,8,15541,12995,726,1820
22/02/2021,SUMATERA SELATAN,45,4,125,-84,15586,13120,730,1736
23/02/2021,SUMATERA SELATAN,60,4,159,-103,15646,13279,734,1633
24/02/2021,SUMATERA SELATAN,57,3,23,31,15703,13302,737,1664
25/02/2021,SUMATERA SELATAN,75,2,44,29,15778,13346,739,1693
26/02/2021,SUMATERA SELATAN,39,3,64,-28,15817,13410,742,1665
27/02/2021,SUMATERA SELATAN,60,1,120,-61,15877,13530,743,1604
28/02/2021,SUMATERA SELATAN,36,6,154,-124,15913,13684,749,1480
01/03/2021,SUMATERA SELATAN,56,4,111,-59,15969,13795,753,1421
02/03/2021,SUMATERA SELATAN,44,0,38,6,16013,13833,753,1427
03/03/2021,SUMATERA SELATAN,50,0,73,-23,16063,13906,753,1404
04/03/2021,SUMATERA SELATAN,43,3,63,-23,16106,13969,756,1381
05/03/2021,SUMATERA SELATAN,63,1,46,16,16169,14015,757,1397
06/03/2021,SUMATERA SELATAN,58,0,98,-40,16227,14113,757,1357
07/03/2021,SUMATERA SELATAN,65,1,3,61,16292,14116,758,1418
08/03/2021,SUMATERA SELATAN,65,1,78,-14,16357,14194,759,1404
09/03/2021,SUMATERA SELATAN,32,2,48,-18,16389,14242,761,1386
10/03/2021,SUMATERA SELATAN,63,7,86,-30,16452,14328,768,1356
11/03/2021,SUMATERA SELATAN,37,3,35,-1,16489,14363,771,1355
12/03/2021,SUMATERA SELATAN,33,4,31,-2,16522,14394,775,1353
13/03/2021,SUMATERA SELATAN,43,3,41,-1,16565,14435,778,1352
14/03/2021,SUMATERA SELATAN,20,1,34,-15,16585,14469,779,1337
15/03/2021,SUMATERA SELATAN,57,0,40,17,16642,14509,779,1354
16/03/2021,SUMATERA SELATAN,55,4,28,23,16697,14537,783,1377
17/03/2021,SUMATERA SELATAN,45,7,57,-19,16742,14594,790,1358
18/03/2021,SUMATERA SELATAN,39,2,37,0,16781,14631,792,1358
19/03/2021,SUMATERA SELATAN,40,1,36,3,16821,14667,793,1361
20/03/2021,SUMATERA SELATAN,52,1,32,19,16873,14699,794,1380
21/03/2021,SUMATERA SELATAN,54,2,49,3,16927,14748,796,1383
22/03/2021,SUMATERA SELATAN,45,2,260,-217,16972,15008,798,1166
23/03/2021,SUMATERA SELATAN,27,2,88,-63,16999,15096,800,1103
24/03/2021,SUMATERA SELATAN,51,3,59,-11,17050,15155,803,1092
25/03/2021,SUMATERA SELATAN,118,2,131,-15,17168,15286,805,1077
26/03/2021,SUMATERA SELATAN,89,17,26,46,17257,15312,822,1123
27/03/2021,SUMATERA SELATAN,84,2,16,66,17341,15328,824,1189
28/03/2021,SUMATERA SELATAN,101,5,83,13,17442,15411,829,1202
29/03/2021,SUMATERA SELATAN,91,1,70,20,17533,15481,830,1222
30/03/2021,SUMATERA SELATAN,91,2,65,24,17624,15546,832,1246
31/03/2021,SUMATERA SELATAN,102,2,41,59,17726,15587,834,1305
01/04/2021,SUMATERA SELATAN,133,5,27,101,17859,15614,839,1406
02/04/2021,SUMATERA SELATAN,75,4,33,38,17934,15647,843,1444
03/04/2021,SUMATERA SELATAN,39,1,12,26,17973,15659,844,1470
04/04/2021,SUMATERA SELATAN,41,0,55,-14,18014,15714,844,1456
05/04/2021,SUMATERA SELATAN,54,3,50,1,18068,15764,847,1457
06/04/2021,SUMATERA SELATAN,49,4,57,-12,18117,15821,851,1445
07/04/2021,SUMATERA SELATAN,70,3,60,7,18187,15881,854,1452
08/04/2021,SUMATERA SELATAN,90,6,132,-48,18277,16013,860,1404
09/04/2021,SUMATERA SELATAN,79,3,118,-42,18356,16131,863,1362
10/04/2021,SUMATERA SELATAN,94,12,99,-17,18450,16230,875,1345
11/04/2021,SUMATERA SELATAN,52,0,93,-41,18502,16323,875,1304
12/04/2021,SUMATERA SELATAN,63,5,125,-67,18565,16448,880,1237
13/04/2021,SUMATERA SELATAN,60,5,121,-66,18625,16569,885,1171
14/04/2021,SUMATERA SELATAN,78,5,87,-14,18703,16656,890,1157
15/04/2021,SUMATERA SELATAN,63,6,128,-71,18766,16784,896,1086
16/04/2021,SUMATERA SELATAN,77,1,68,8,18843,16852,897,1094
17/04/2021,SUMATERA SELATAN,126,5,97,24,18969,16949,902,1118
18/04/2021,SUMATERA SELATAN,101,2,64,35,19070,17013,904,1153
26/03/2020,KALIMANTAN TENGAH,2,0,0,2,2,0,0,2
27/03/2020,KALIMANTAN TENGAH,0,0,0,0,2,0,0,2
28/03/2020,KALIMANTAN TENGAH,1,0,0,1,3,0,0,3
29/03/2020,KALIMANTAN TENGAH,0,0,0,0,3,0,0,3
30/03/2020,KALIMANTAN TENGAH,0,0,0,0,3,0,0,3
31/03/2020,KALIMANTAN TENGAH,2,0,2,0,5,2,0,3
01/04/2020,KALIMANTAN TENGAH,0,0,0,0,5,2,0,3
02/04/2020,KALIMANTAN TENGAH,0,0,0,0,5,2,0,3
03/04/2020,KALIMANTAN TENGAH,2,0,0,2,7,2,0,5
04/04/2020,KALIMANTAN TENGAH,0,0,2,-2,7,4,0,3
05/04/2020,KALIMANTAN TENGAH,0,0,0,0,7,4,0,3
06/04/2020,KALIMANTAN TENGAH,9,0,0,9,16,4,0,12
07/04/2020,KALIMANTAN TENGAH,0,0,2,-2,16,6,0,10
08/04/2020,KALIMANTAN TENGAH,0,1,0,-1,16,6,1,9
09/04/2020,KALIMANTAN TENGAH,0,0,0,0,16,6,1,9
10/04/2020,KALIMANTAN TENGAH,4,0,1,3,20,7,1,12
11/04/2020,KALIMANTAN TENGAH,0,0,0,0,20,7,1,12
12/04/2020,KALIMANTAN TENGAH,0,0,0,0,20,7,1,12
13/04/2020,KALIMANTAN TENGAH,1,0,1,0,21,8,1,12
14/04/2020,KALIMANTAN TENGAH,0,1,0,-1,21,8,2,11
15/04/2020,KALIMANTAN TENGAH,8,0,0,8,29,8,2,19
16/04/2020,KALIMANTAN TENGAH,1,0,0,1,30,8,2,20
17/04/2020,KALIMANTAN TENGAH,1,0,0,1,31,8,2,21
18/04/2020,KALIMANTAN TENGAH,6,1,0,5,37,8,3,26
19/04/2020,KALIMANTAN TENGAH,5,0,0,5,42,8,3,31
20/04/2020,KALIMANTAN TENGAH,14,1,1,12,56,9,4,43
21/04/2020,KALIMANTAN TENGAH,7,1,0,6,63,9,5,49
22/04/2020,KALIMANTAN TENGAH,15,0,0,15,78,9,5,64
23/04/2020,KALIMANTAN TENGAH,1,0,0,1,79,9,5,65
24/04/2020,KALIMANTAN TENGAH,11,0,0,11,90,9,5,76
25/04/2020,KALIMANTAN TENGAH,6,0,0,6,96,9,5,82
26/04/2020,KALIMANTAN TENGAH,4,0,1,3,100,10,5,85
27/04/2020,KALIMANTAN TENGAH,8,0,0,8,108,10,5,93
28/04/2020,KALIMANTAN TENGAH,9,1,2,6,117,12,6,99
29/04/2020,KALIMANTAN TENGAH,6,0,0,6,123,12,6,105
30/04/2020,KALIMANTAN TENGAH,18,0,1,17,141,13,6,122
01/05/2020,KALIMANTAN TENGAH,11,1,2,8,152,15,7,130
02/05/2020,KALIMANTAN TENGAH,1,0,0,1,153,15,7,131
03/05/2020,KALIMANTAN TENGAH,0,0,0,0,153,15,7,131
04/05/2020,KALIMANTAN TENGAH,23,0,1,22,176,16,7,153
05/05/2020,KALIMANTAN TENGAH,1,2,0,-1,177,16,9,152
06/05/2020,KALIMANTAN TENGAH,5,0,13,-8,182,29,9,144
07/05/2020,KALIMANTAN TENGAH,2,1,0,1,184,29,10,145
08/05/2020,KALIMANTAN TENGAH,0,0,1,-1,184,30,10,144
09/05/2020,KALIMANTAN TENGAH,1,0,0,1,185,30,10,145
10/05/2020,KALIMANTAN TENGAH,4,0,0,4,189,30,10,149
11/05/2020,KALIMANTAN TENGAH,7,0,0,7,196,30,10,156
12/05/2020,KALIMANTAN TENGAH,4,0,1,3,200,31,10,159
13/05/2020,KALIMANTAN TENGAH,16,0,1,15,216,32,10,174
14/05/2020,KALIMANTAN TENGAH,3,0,10,-7,219,42,10,167
15/05/2020,KALIMANTAN TENGAH,4,0,7,-3,223,49,10,164
16/05/2020,KALIMANTAN TENGAH,0,0,0,0,223,49,10,164
17/05/2020,KALIMANTAN TENGAH,0,0,0,0,223,49,10,164
18/05/2020,KALIMANTAN TENGAH,0,0,0,0,223,49,10,164
19/05/2020,KALIMANTAN TENGAH,5,0,0,5,228,49,10,169
20/05/2020,KALIMANTAN TENGAH,9,0,18,-9,237,67,10,160
21/05/2020,KALIMANTAN TENGAH,13,0,10,3,250,77,10,163
22/05/2020,KALIMANTAN TENGAH,35,4,15,16,285,92,14,179
23/05/2020,KALIMANTAN TENGAH,2,0,0,2,287,92,14,181
24/05/2020,KALIMANTAN TENGAH,15,0,0,15,302,92,14,196
25/05/2020,KALIMANTAN TENGAH,2,2,21,-21,304,113,16,175
26/05/2020,KALIMANTAN TENGAH,12,0,0,12,316,113,16,187
27/05/2020,KALIMANTAN TENGAH,8,0,0,8,324,113,16,195
28/05/2020,KALIMANTAN TENGAH,6,0,0,6,330,113,16,201
29/05/2020,KALIMANTAN TENGAH,29,0,7,22,359,120,16,223
30/05/2020,KALIMANTAN TENGAH,31,2,6,23,390,126,18,246
31/05/2020,KALIMANTAN TENGAH,12,0,0,12,402,126,18,258
01/06/2020,KALIMANTAN TENGAH,9,0,1,8,411,127,18,266
02/06/2020,KALIMANTAN TENGAH,9,1,17,-9,420,144,19,257
03/06/2020,KALIMANTAN TENGAH,28,4,7,17,448,151,23,274
04/06/2020,KALIMANTAN TENGAH,13,0,0,13,461,151,23,287
05/06/2020,KALIMANTAN TENGAH,15,2,0,13,476,151,25,300
06/06/2020,KALIMANTAN TENGAH,15,0,0,15,491,151,25,315
07/06/2020,KALIMANTAN TENGAH,1,0,10,-9,492,161,25,306
08/06/2020,KALIMANTAN TENGAH,8,2,2,4,500,163,27,310
09/06/2020,KALIMANTAN TENGAH,18,0,0,18,518,163,27,328
10/06/2020,KALIMANTAN TENGAH,15,1,11,3,533,174,28,331
11/06/2020,KALIMANTAN TENGAH,15,0,0,15,548,174,28,346
12/06/2020,KALIMANTAN TENGAH,13,0,4,9,561,178,28,355
13/06/2020,KALIMANTAN TENGAH,21,1,1,19,582,179,29,374
14/06/2020,KALIMANTAN TENGAH,0,3,17,-20,582,196,32,354
15/06/2020,KALIMANTAN TENGAH,45,4,2,39,627,198,36,393
16/06/2020,KALIMANTAN TENGAH,26,0,10,16,653,208,36,409
17/06/2020,KALIMANTAN TENGAH,45,1,1,43,698,209,37,452
18/06/2020,KALIMANTAN TENGAH,36,6,39,-9,734,248,43,443
19/06/2020,KALIMANTAN TENGAH,0,0,0,0,734,248,43,443
20/06/2020,KALIMANTAN TENGAH,26,2,10,14,760,258,45,457
21/06/2020,KALIMANTAN TENGAH,0,0,0,0,760,258,45,457
22/06/2020,KALIMANTAN TENGAH,21,3,7,11,781,265,48,468
23/06/2020,KALIMANTAN TENGAH,11,1,7,3,792,272,49,471
24/06/2020,KALIMANTAN TENGAH,4,0,0,4,796,272,49,475
25/06/2020,KALIMANTAN TENGAH,10,0,0,10,806,272,49,485
26/06/2020,KALIMANTAN TENGAH,7,2,29,-24,813,301,51,461
27/06/2020,KALIMANTAN TENGAH,5,1,0,4,818,301,52,465
28/06/2020,KALIMANTAN TENGAH,12,0,0,12,830,301,52,477
29/06/2020,KALIMANTAN TENGAH,47,0,50,-3,877,351,52,474
30/06/2020,KALIMANTAN TENGAH,13,2,1,10,890,352,54,484
01/07/2020,KALIMANTAN TENGAH,37,0,0,37,927,352,54,521
02/07/2020,KALIMANTAN TENGAH,15,0,0,15,942,352,54,536
03/07/2020,KALIMANTAN TENGAH,50,4,45,1,992,397,58,537
04/07/2020,KALIMANTAN TENGAH,8,2,26,-20,1000,423,60,517
05/07/2020,KALIMANTAN TENGAH,28,0,4,24,1028,427,60,541
06/07/2020,KALIMANTAN TENGAH,8,1,1,6,1036,428,61,547
07/07/2020,KALIMANTAN TENGAH,18,0,19,-1,1054,447,61,546
08/07/2020,KALIMANTAN TENGAH,15,0,6,9,1069,453,61,555
09/07/2020,KALIMANTAN TENGAH,23,3,22,-2,1092,475,64,553
10/07/2020,KALIMANTAN TENGAH,35,0,1,34,1127,476,64,587
11/07/2020,KALIMANTAN TENGAH,26,1,28,-3,1153,504,65,584
12/07/2020,KALIMANTAN TENGAH,39,5,12,22,1192,516,70,606
13/07/2020,KALIMANTAN TENGAH,26,0,3,23,1218,519,70,629
14/07/2020,KALIMANTAN TENGAH,32,1,42,-11,1250,561,71,618
15/07/2020,KALIMANTAN TENGAH,0,0,21,-21,1250,582,71,597
16/07/2020,KALIMANTAN TENGAH,12,1,33,-22,1262,615,72,575
17/07/2020,KALIMANTAN TENGAH,58,2,30,26,1320,645,74,601
18/07/2020,KALIMANTAN TENGAH,0,2,6,-8,1320,651,76,593
19/07/2020,KALIMANTAN TENGAH,74,3,74,-3,1394,725,79,590
20/07/2020,KALIMANTAN TENGAH,0,0,0,0,1394,725,79,590
21/07/2020,KALIMANTAN TENGAH,14,0,30,-16,1408,755,79,574
22/07/2020,KALIMANTAN TENGAH,36,1,150,-115,1444,905,80,459
23/07/2020,KALIMANTAN TENGAH,27,0,25,2,1471,930,80,461
24/07/2020,KALIMANTAN TENGAH,45,0,29,16,1516,959,80,477
25/07/2020,KALIMANTAN TENGAH,67,6,68,-7,1583,1027,86,470
26/07/2020,KALIMANTAN TENGAH,45,0,31,14,1628,1058,86,484
27/07/2020,KALIMANTAN TENGAH,21,1,34,-14,1649,1092,87,470
28/07/2020,KALIMANTAN TENGAH,24,0,24,0,1673,1116,87,470
29/07/2020,KALIMANTAN TENGAH,0,0,1,-1,1673,1117,87,469
30/07/2020,KALIMANTAN TENGAH,24,0,0,24,1697,1117,87,493
31/07/2020,KALIMANTAN TENGAH,28,3,34,-9,1725,1151,90,484
01/08/2020,KALIMANTAN TENGAH,31,0,17,14,1756,1168,90,498
02/08/2020,KALIMANTAN TENGAH,17,0,12,5,1773,1180,90,503
03/08/2020,KALIMANTAN TENGAH,14,0,30,-16,1787,1210,90,487
04/08/2020,KALIMANTAN TENGAH,53,0,31,22,1840,1241,90,509
05/08/2020,KALIMANTAN TENGAH,5,0,27,-22,1845,1268,90,487
06/08/2020,KALIMANTAN TENGAH,25,4,7,14,1870,1275,94,501
07/08/2020,KALIMANTAN TENGAH,37,1,25,11,1907,1300,95,512
08/08/2020,KALIMANTAN TENGAH,66,0,40,26,1973,1340,95,538
09/08/2020,KALIMANTAN TENGAH,30,0,37,-7,2003,1377,95,531
10/08/2020,KALIMANTAN TENGAH,43,0,34,9,2046,1411,95,540
11/08/2020,KALIMANTAN TENGAH,31,1,10,20,2077,1421,96,560
12/08/2020,KALIMANTAN TENGAH,6,0,30,-24,2083,1451,96,536
13/08/2020,KALIMANTAN TENGAH,44,2,71,-29,2127,1522,98,507
14/08/2020,KALIMANTAN TENGAH,20,1,22,-3,2147,1544,99,504
15/08/2020,KALIMANTAN TENGAH,37,0,30,7,2184,1574,99,511
16/08/2020,KALIMANTAN TENGAH,0,0,0,0,2184,1574,99,511
17/08/2020,KALIMANTAN TENGAH,27,0,30,-3,2211,1604,99,508
18/08/2020,KALIMANTAN TENGAH,43,2,71,-30,2254,1675,101,478
19/08/2020,KALIMANTAN TENGAH,0,0,0,0,2254,1675,101,478
20/08/2020,KALIMANTAN TENGAH,33,0,12,21,2287,1687,101,499
21/08/2020,KALIMANTAN TENGAH,23,1,20,2,2310,1707,102,501
22/08/2020,KALIMANTAN TENGAH,34,1,25,8,2344,1732,103,509
23/08/2020,KALIMANTAN TENGAH,62,0,38,24,2406,1770,103,533
24/08/2020,KALIMANTAN TENGAH,17,0,10,7,2423,1780,103,540
25/08/2020,KALIMANTAN TENGAH,11,1,32,-22,2434,1812,104,518
26/08/2020,KALIMANTAN TENGAH,8,0,30,-22,2442,1842,104,496
27/08/2020,KALIMANTAN TENGAH,18,1,24,-7,2460,1866,105,489
28/08/2020,KALIMANTAN TENGAH,0,0,0,0,2460,1866,105,489
29/08/2020,KALIMANTAN TENGAH,18,1,40,-23,2478,1906,106,466
30/08/2020,KALIMANTAN TENGAH,25,1,35,-11,2503,1941,107,455
31/08/2020,KALIMANTAN TENGAH,41,0,22,19,2544,1963,107,474
01/09/2020,KALIMANTAN TENGAH,37,0,20,17,2581,1983,107,491
02/09/2020,KALIMANTAN TENGAH,0,0,0,0,2581,1983,107,491
03/09/2020,KALIMANTAN TENGAH,51,1,85,-35,2632,2068,108,456
04/09/2020,KALIMANTAN TENGAH,53,1,90,-38,2685,2158,109,418
05/09/2020,KALIMANTAN TENGAH,0,0,0,0,2685,2158,109,418
06/09/2020,KALIMANTAN TENGAH,51,1,0,50,2736,2158,110,468
07/09/2020,KALIMANTAN TENGAH,67,2,0,65,2803,2158,112,533
08/09/2020,KALIMANTAN TENGAH,0,0,0,0,2803,2158,112,533
09/09/2020,KALIMANTAN TENGAH,44,1,15,28,2847,2173,113,561
10/09/2020,KALIMANTAN TENGAH,36,1,30,5,2883,2203,114,566
11/09/2020,KALIMANTAN TENGAH,33,0,10,23,2916,2213,114,589
12/09/2020,KALIMANTAN TENGAH,46,1,15,30,2962,2228,115,619
13/09/2020,KALIMANTAN TENGAH,36,1,6,29,2998,2234,116,648
14/09/2020,KALIMANTAN TENGAH,0,0,0,0,2998,2234,116,648
15/09/2020,KALIMANTAN TENGAH,57,1,18,38,3055,2252,117,686
16/09/2020,KALIMANTAN TENGAH,64,3,120,-59,3119,2372,120,627
17/09/2020,KALIMANTAN TENGAH,0,0,0,0,3119,2372,120,627
18/09/2020,KALIMANTAN TENGAH,55,2,78,-25,3174,2450,122,602
19/09/2020,KALIMANTAN TENGAH,50,4,30,16,3224,2480,126,618
20/09/2020,KALIMANTAN TENGAH,44,1,13,30,3268,2493,127,648
21/09/2020,KALIMANTAN TENGAH,28,2,22,4,3296,2515,129,652
22/09/2020,KALIMANTAN TENGAH,0,0,0,0,3296,2515,129,652
23/09/2020,KALIMANTAN TENGAH,92,0,38,54,3388,2553,129,706
24/09/2020,KALIMANTAN TENGAH,39,0,18,21,3427,2571,129,727
25/09/2020,KALIMANTAN TENGAH,43,0,30,13,3470,2601,129,740
26/09/2020,KALIMANTAN TENGAH,0,0,0,0,3470,2601,129,740
27/09/2020,KALIMANTAN TENGAH,11,0,26,-15,3481,2627,129,725
28/09/2020,KALIMANTAN TENGAH,64,1,30,33,3545,2657,130,758
29/09/2020,KALIMANTAN TENGAH,85,0,4,81,3630,2661,130,839
30/09/2020,KALIMANTAN TENGAH,11,2,120,-111,3641,2781,132,728
01/10/2020,KALIMANTAN TENGAH,46,0,15,31,3687,2796,132,759
02/10/2020,KALIMANTAN TENGAH,29,0,33,-4,3716,2829,132,755
03/10/2020,KALIMANTAN TENGAH,38,0,82,-44,3754,2911,132,711
04/10/2020,KALIMANTAN TENGAH,18,1,30,-13,3772,2941,133,698
05/10/2020,KALIMANTAN TENGAH,28,0,38,-10,3800,2979,133,688
06/10/2020,KALIMANTAN TENGAH,14,3,42,-31,3814,3021,136,657
07/10/2020,KALIMANTAN TENGAH,37,1,36,0,3851,3057,137,657
08/10/2020,KALIMANTAN TENGAH,11,1,50,-40,3862,3107,138,617
09/10/2020,KALIMANTAN TENGAH,24,0,8,16,3886,3115,138,633
10/10/2020,KALIMANTAN TENGAH,17,2,18,-3,3903,3133,140,630
11/10/2020,KALIMANTAN TENGAH,34,0,27,7,3937,3160,140,637
12/10/2020,KALIMANTAN TENGAH,26,0,38,-12,3963,3198,140,625
13/10/2020,KALIMANTAN TENGAH,11,1,70,-60,3974,3268,141,565
14/10/2020,KALIMANTAN TENGAH,9,2,32,-25,3983,3300,143,540
15/10/2020,KALIMANTAN TENGAH,27,0,33,-6,4010,3333,143,534
16/10/2020,KALIMANTAN TENGAH,31,1,39,-9,4041,3372,144,525
17/10/2020,KALIMANTAN TENGAH,36,0,32,4,4077,3404,144,529
18/10/2020,KALIMANTAN TENGAH,0,0,0,0,4077,3404,144,529
19/10/2020,KALIMANTAN TENGAH,41,0,46,-5,4118,3450,144,524
20/10/2020,KALIMANTAN TENGAH,27,0,77,-50,4145,3527,144,474
21/10/2020,KALIMANTAN TENGAH,13,0,17,-4,4158,3544,144,470
22/10/2020,KALIMANTAN TENGAH,0,0,0,0,4158,3544,144,470
23/10/2020,KALIMANTAN TENGAH,51,2,55,-6,4209,3599,146,464
24/10/2020,KALIMANTAN TENGAH,20,1,52,-33,4229,3651,147,431
25/10/2020,KALIMANTAN TENGAH,18,0,26,-8,4247,3677,147,423
26/10/2020,KALIMANTAN TENGAH,23,3,34,-14,4270,3711,150,409
27/10/2020,KALIMANTAN TENGAH,10,0,32,-22,4280,3743,150,387
28/10/2020,KALIMANTAN TENGAH,4,0,17,-13,4284,3760,150,374
29/10/2020,KALIMANTAN TENGAH,40,0,27,13,4324,3787,150,387
30/10/2020,KALIMANTAN TENGAH,11,0,36,-25,4335,3823,150,362
31/10/2020,KALIMANTAN TENGAH,5,0,25,-20,4340,3848,150,342
01/11/2020,KALIMANTAN TENGAH,0,0,0,0,4340,3848,150,342
02/11/2020,KALIMANTAN TENGAH,37,2,26,9,4377,3874,152,351
03/11/2020,KALIMANTAN TENGAH,17,1,20,-4,4394,3894,153,347
04/11/2020,KALIMANTAN TENGAH,20,2,16,2,4414,3910,155,349
05/11/2020,KALIMANTAN TENGAH,50,1,18,31,4464,3928,156,380
06/11/2020,KALIMANTAN TENGAH,49,3,30,16,4513,3958,159,396
07/11/2020,KALIMANTAN TENGAH,42,1,10,31,4555,3968,160,427
08/11/2020,KALIMANTAN TENGAH,53,0,6,47,4608,3974,160,474
09/11/2020,KALIMANTAN TENGAH,35,1,19,15,4643,3993,161,489
10/11/2020,KALIMANTAN TENGAH,20,2,25,-7,4663,4018,163,482
11/11/2020,KALIMANTAN TENGAH,45,0,11,34,4708,4029,163,516
12/11/2020,KALIMANTAN TENGAH,89,1,25,63,4797,4054,164,579
13/11/2020,KALIMANTAN TENGAH,89,2,42,45,4886,4096,166,624
14/11/2020,KALIMANTAN TENGAH,36,1,20,15,4922,4116,167,639
15/11/2020,KALIMANTAN TENGAH,50,0,16,34,4972,4132,167,673
16/11/2020,KALIMANTAN TENGAH,0,0,0,0,4972,4132,167,673
17/11/2020,KALIMANTAN TENGAH,65,2,58,5,5037,4190,169,678
18/11/2020,KALIMANTAN TENGAH,45,1,26,18,5082,4216,170,696
19/11/2020,KALIMANTAN TENGAH,20,5,29,-14,5102,4245,175,682
20/11/2020,KALIMANTAN TENGAH,65,1,21,43,5167,4266,176,725
21/11/2020,KALIMANTAN TENGAH,58,1,42,15,5225,4308,177,740
22/11/2020,KALIMANTAN TENGAH,131,3,31,97,5356,4339,180,837
23/11/2020,KALIMANTAN TENGAH,85,3,35,47,5441,4374,183,884
24/11/2020,KALIMANTAN TENGAH,51,0,30,21,5492,4404,183,905
25/11/2020,KALIMANTAN TENGAH,58,0,40,18,5550,4444,183,923
26/11/2020,KALIMANTAN TENGAH,49,3,49,-3,5599,4493,186,920
27/11/2020,KALIMANTAN TENGAH,86,4,57,25,5685,4550,190,945
28/11/2020,KALIMANTAN TENGAH,86,2,46,38,5771,4596,192,983
29/11/2020,KALIMANTAN TENGAH,157,2,47,108,5928,4643,194,1091
30/11/2020,KALIMANTAN TENGAH,0,0,0,0,5928,4643,194,1091
01/12/2020,KALIMANTAN TENGAH,190,0,0,190,6118,4643,194,1281
02/12/2020,KALIMANTAN TENGAH,82,0,0,82,6200,4643,194,1363
03/12/2020,KALIMANTAN TENGAH,157,0,0,157,6357,4643,194,1520
04/12/2020,KALIMANTAN TENGAH,0,0,0,0,6357,4643,194,1520
05/12/2020,KALIMANTAN TENGAH,260,0,100,160,6617,4743,194,1680
06/12/2020,KALIMANTAN TENGAH,0,0,0,0,6617,4743,194,1680
07/12/2020,KALIMANTAN TENGAH,209,0,0,209,6826,4743,194,1889
08/12/2020,KALIMANTAN TENGAH,194,0,0,194,7020,4743,194,2083
09/12/2020,KALIMANTAN TENGAH,229,0,100,129,7249,4843,194,2212
10/12/2020,KALIMANTAN TENGAH,205,0,0,205,7454,4843,194,2417
11/12/2020,KALIMANTAN TENGAH,216,0,0,216,7670,4843,194,2633
12/12/2020,KALIMANTAN TENGAH,116,0,0,116,7786,4843,194,2749
13/12/2020,KALIMANTAN TENGAH,150,2,0,148,7936,4843,196,2897
14/12/2020,KALIMANTAN TENGAH,73,0,0,73,8009,4843,196,2970
15/12/2020,KALIMANTAN TENGAH,106,0,0,106,8115,4843,196,3076
16/12/2020,KALIMANTAN TENGAH,0,0,0,0,8115,4843,196,3076
17/12/2020,KALIMANTAN TENGAH,95,0,100,-5,8210,4943,196,3071
18/12/2020,KALIMANTAN TENGAH,112,1,0,111,8322,4943,197,3182
19/12/2020,KALIMANTAN TENGAH,154,2,3,149,8476,4946,199,3331
20/12/2020,KALIMANTAN TENGAH,137,0,300,-163,8613,5246,199,3168
21/12/2020,KALIMANTAN TENGAH,296,0,0,296,8909,5246,199,3464
22/12/2020,KALIMANTAN TENGAH,142,0,100,42,9051,5346,199,3506
23/12/2020,KALIMANTAN TENGAH,101,0,0,101,9152,5346,199,3607
24/12/2020,KALIMANTAN TENGAH,90,0,0,90,9242,5346,199,3697
25/12/2020,KALIMANTAN TENGAH,88,0,0,88,9330,5346,199,3785
26/12/2020,KALIMANTAN TENGAH,80,0,0,80,9410,5346,199,3865
27/12/2020,KALIMANTAN TENGAH,85,0,399,-314,9495,5745,199,3551
28/12/2020,KALIMANTAN TENGAH,43,0,0,43,9538,5745,199,3594
29/12/2020,KALIMANTAN TENGAH,74,0,0,74,9612,5745,199,3668
30/12/2020,KALIMANTAN TENGAH,56,1,113,-58,9668,5858,200,3610
31/12/2020,KALIMANTAN TENGAH,68,0,600,-532,9736,6458,200,3078
01/01/2021,KALIMANTAN TENGAH,95,0,200,-105,9831,6658,200,2973
02/01/2021,KALIMANTAN TENGAH,59,0,100,-41,9890,6758,200,2932
03/01/2021,KALIMANTAN TENGAH,64,0,200,-136,9954,6958,200,2796
04/01/2021,KALIMANTAN TENGAH,24,0,214,-190,9978,7172,200,2606
05/01/2021,KALIMANTAN TENGAH,60,0,3,57,10038,7175,200,2663
06/01/2021,KALIMANTAN TENGAH,66,0,203,-137,10104,7378,200,2526
07/01/2021,KALIMANTAN TENGAH,76,0,305,-229,10180,7683,200,2297
08/01/2021,KALIMANTAN TENGAH,114,0,123,-9,10294,7806,200,2288
09/01/2021,KALIMANTAN TENGAH,54,0,100,-46,10348,7906,200,2242
10/01/2021,KALIMANTAN TENGAH,94,1,200,-107,10442,8106,201,2135
11/01/2021,KALIMANTAN TENGAH,60,1,107,-48,10502,8213,202,2087
12/01/2021,KALIMANTAN TENGAH,68,0,301,-233,10570,8514,202,1854
13/01/2021,KALIMANTAN TENGAH,74,0,102,-28,10644,8616,202,1826
14/01/2021,KALIMANTAN TENGAH,71,0,0,71,10715,8616,202,1897
15/01/2021,KALIMANTAN TENGAH,84,0,200,-116,10799,8816,202,1781
16/01/2021,KALIMANTAN TENGAH,97,0,200,-103,10896,9016,202,1678
17/01/2021,KALIMANTAN TENGAH,95,1,0,94,10991,9016,203,1772
18/01/2021,KALIMANTAN TENGAH,40,0,100,-60,11031,9116,203,1712
19/01/2021,KALIMANTAN TENGAH,65,0,200,-135,11096,9316,203,1577
20/01/2021,KALIMANTAN TENGAH,62,1,0,61,11158,9316,204,1638
21/01/2021,KALIMANTAN TENGAH,54,0,0,54,11212,9316,204,1692
22/01/2021,KALIMANTAN TENGAH,65,1,0,64,11277,9316,205,1756
23/01/2021,KALIMANTAN TENGAH,86,1,100,-15,11363,9416,206,1741
24/01/2021,KALIMANTAN TENGAH,134,1,58,75,11497,9474,207,1816
25/01/2021,KALIMANTAN TENGAH,45,2,82,-39,11542,9556,209,1777
26/01/2021,KALIMANTAN TENGAH,31,0,137,-106,11573,9693,209,1671
27/01/2021,KALIMANTAN TENGAH,62,1,108,-47,11635,9801,210,1624
28/01/2021,KALIMANTAN TENGAH,62,0,17,45,11697,9818,210,1669
29/01/2021,KALIMANTAN TENGAH,133,2,100,31,11830,9918,212,1700
30/01/2021,KALIMANTAN TENGAH,76,0,149,-73,11906,10067,212,1627
31/01/2021,KALIMANTAN TENGAH,66,0,101,-35,11972,10168,212,1592
01/02/2021,KALIMANTAN TENGAH,62,0,89,-27,12034,10257,212,1565
02/02/2021,KALIMANTAN TENGAH,98,0,100,-2,12132,10357,212,1563
03/02/2021,KALIMANTAN TENGAH,19,95,2,-78,12151,10359,307,1485
04/02/2021,KALIMANTAN TENGAH,50,0,83,-33,12201,10442,307,1452
05/02/2021,KALIMANTAN TENGAH,80,0,101,-21,12281,10543,307,1431
06/02/2021,KALIMANTAN TENGAH,67,0,134,-67,12348,10677,307,1364
07/02/2021,KALIMANTAN TENGAH,61,0,17,44,12409,10694,307,1408
08/02/2021,KALIMANTAN TENGAH,43,1,128,-86,12452,10822,308,1322
09/02/2021,KALIMANTAN TENGAH,32,1,102,-71,12484,10924,309,1251
10/02/2021,KALIMANTAN TENGAH,30,0,100,-70,12514,11024,309,1181
11/02/2021,KALIMANTAN TENGAH,31,1,71,-41,12545,11095,310,1140
12/02/2021,KALIMANTAN TENGAH,78,1,69,8,12623,11164,311,1148
13/02/2021,KALIMANTAN TENGAH,101,0,97,4,12724,11261,311,1152
14/02/2021,KALIMANTAN TENGAH,36,0,102,-66,12760,11363,311,1086
15/02/2021,KALIMANTAN TENGAH,41,0,0,41,12801,11363,311,1127
16/02/2021,KALIMANTAN TENGAH,50,0,89,-39,12851,11452,311,1088
17/02/2021,KALIMANTAN TENGAH,32,0,61,-29,12883,11513,311,1059
18/02/2021,KALIMANTAN TENGAH,86,1,63,22,12969,11576,312,1081
19/02/2021,KALIMANTAN TENGAH,99,2,91,6,13068,11667,314,1087
20/02/2021,KALIMANTAN TENGAH,95,1,48,46,13163,11715,315,1133
21/02/2021,KALIMANTAN TENGAH,148,2,28,118,13311,11743,317,1251
22/02/2021,KALIMANTAN TENGAH,64,1,168,-105,13375,11911,318,1146
23/02/2021,KALIMANTAN TENGAH,75,0,130,-55,13450,12041,318,1091
24/02/2021,KALIMANTAN TENGAH,62,5,71,-14,13512,12112,323,1077
25/02/2021,KALIMANTAN TENGAH,52,2,59,-9,13564,12171,325,1068
26/02/2021,KALIMANTAN TENGAH,112,0,12,100,13676,12183,325,1168
27/02/2021,KALIMANTAN TENGAH,97,1,35,61,13773,12218,326,1229
28/02/2021,KALIMANTAN TENGAH,74,0,61,13,13847,12279,326,1242
01/03/2021,KALIMANTAN TENGAH,73,3,18,52,13920,12297,329,1294
02/03/2021,KALIMANTAN TENGAH,84,0,53,31,14004,12350,329,1325
03/03/2021,KALIMANTAN TENGAH,94,2,34,58,14098,12384,331,1383
04/03/2021,KALIMANTAN TENGAH,68,0,35,33,14166,12419,331,1416
05/03/2021,KALIMANTAN TENGAH,152,5,41,106,14318,12460,336,1522
06/03/2021,KALIMANTAN TENGAH,122,2,84,36,14440,12544,338,1558
07/03/2021,KALIMANTAN TENGAH,118,0,21,97,14558,12565,338,1655
08/03/2021,KALIMANTAN TENGAH,70,4,21,45,14628,12586,342,1700
09/03/2021,KALIMANTAN TENGAH,133,4,81,48,14761,12667,346,1748
10/03/2021,KALIMANTAN TENGAH,94,3,7,84,14855,12674,349,1832
11/03/2021,KALIMANTAN TENGAH,47,8,144,-105,14902,12818,357,1727
12/03/2021,KALIMANTAN TENGAH,62,4,176,-118,14964,12994,361,1609
13/03/2021,KALIMANTAN TENGAH,97,3,13,81,15061,13007,364,1690
14/03/2021,KALIMANTAN TENGAH,125,5,0,120,15186,13007,369,1810
15/03/2021,KALIMANTAN TENGAH,125,2,64,59,15311,13071,371,1869
16/03/2021,KALIMANTAN TENGAH,83,1,22,60,15394,13093,372,1929
17/03/2021,KALIMANTAN TENGAH,153,1,60,92,15547,13153,373,2021
18/03/2021,KALIMANTAN TENGAH,76,3,118,-45,15623,13271,376,1976
19/03/2021,KALIMANTAN TENGAH,113,1,64,48,15736,13335,377,2024
20/03/2021,KALIMANTAN TENGAH,88,1,41,46,15824,13376,378,2070
21/03/2021,KALIMANTAN TENGAH,201,0,8,193,16025,13384,378,2263
22/03/2021,KALIMANTAN TENGAH,87,7,107,-27,16112,13491,385,2236
23/03/2021,KALIMANTAN TENGAH,148,0,32,116,16260,13523,385,2352
24/03/2021,KALIMANTAN TENGAH,161,0,70,91,16421,13593,385,2443
25/03/2021,KALIMANTAN TENGAH,107,0,19,88,16528,13612,385,2531
26/03/2021,KALIMANTAN TENGAH,95,0,90,5,16623,13702,385,2536
27/03/2021,KALIMANTAN TENGAH,183,0,55,128,16806,13757,385,2664
28/03/2021,KALIMANTAN TENGAH,111,0,40,71,16917,13797,385,2735
29/03/2021,KALIMANTAN TENGAH,72,0,47,25,16989,13844,385,2760
30/03/2021,KALIMANTAN TENGAH,79,4,154,-79,17068,13998,389,2681
31/03/2021,KALIMANTAN TENGAH,168,0,63,105,17236,14061,389,2786
01/04/2021,KALIMANTAN TENGAH,63,1,66,-4,17299,14127,390,2782
02/04/2021,KALIMANTAN TENGAH,104,0,72,32,17403,14199,390,2814
03/04/2021,KALIMANTAN TENGAH,90,3,30,57,17493,14229,393,2871
04/04/2021,KALIMANTAN TENGAH,92,2,42,48,17585,14271,395,2919
05/04/2021,KALIMANTAN TENGAH,106,2,142,-38,17691,14413,397,2881
06/04/2021,KALIMANTAN TENGAH,70,0,134,-64,17761,14547,397,2817
07/04/2021,KALIMANTAN TENGAH,81,2,167,-88,17842,14714,399,2729
08/04/2021,KALIMANTAN TENGAH,64,1,8,55,17906,14722,400,2784
09/04/2021,KALIMANTAN TENGAH,111,2,29,80,18017,14751,402,2864
10/04/2021,KALIMANTAN TENGAH,114,5,115,-6,18131,14866,407,2858
11/04/2021,KALIMANTAN TENGAH,143,0,333,-190,18274,15199,407,2668
12/04/2021,KALIMANTAN TENGAH,76,1,139,-64,18350,15338,408,2604
13/04/2021,KALIMANTAN TENGAH,107,0,77,30,18457,15415,408,2634
14/04/2021,KALIMANTAN TENGAH,82,14,541,-473,18539,15956,422,2161
15/04/2021,KALIMANTAN TENGAH,85,1,33,51,18624,15989,423,2212
16/04/2021,KALIMANTAN TENGAH,116,1,58,57,18740,16047,424,2269
17/04/2021,KALIMANTAN TENGAH,117,5,23,89,18857,16070,429,2358
18/04/2021,KALIMANTAN TENGAH,92,2,10,80,18949,16080,431,2438
14/03/2020,KALIMANTAN TIMUR,3,0,0,3,3,0,0,3
15/03/2020,KALIMANTAN TIMUR,2,0,0,2,5,0,0,5
16/03/2020,KALIMANTAN TIMUR,1,0,0,1,6,0,0,6
17/03/2020,KALIMANTAN TIMUR,1,0,0,1,7,0,0,7
18/03/2020,KALIMANTAN TIMUR,0,0,0,0,7,0,0,7
19/03/2020,KALIMANTAN TIMUR,0,0,0,0,7,0,0,7
20/03/2020,KALIMANTAN TIMUR,0,0,0,0,7,0,0,7
21/03/2020,KALIMANTAN TIMUR,0,0,0,0,7,0,0,7
22/03/2020,KALIMANTAN TIMUR,0,0,0,0,7,0,0,7
23/03/2020,KALIMANTAN TIMUR,1,0,0,1,8,0,0,8
24/03/2020,KALIMANTAN TIMUR,0,0,0,0,8,0,0,8
25/03/2020,KALIMANTAN TIMUR,0,0,0,0,8,0,0,8
26/03/2020,KALIMANTAN TIMUR,0,0,0,0,8,0,0,8
27/03/2020,KALIMANTAN TIMUR,0,0,0,0,8,0,0,8
28/03/2020,KALIMANTAN TIMUR,5,0,0,5,13,0,0,13
29/03/2020,KALIMANTAN TIMUR,0,0,0,0,13,0,0,13
30/03/2020,KALIMANTAN TIMUR,0,0,0,0,13,0,0,13
31/03/2020,KALIMANTAN TIMUR,3,1,0,2,16,0,1,15
01/04/2020,KALIMANTAN TIMUR,1,0,0,1,17,0,1,16
02/04/2020,KALIMANTAN TIMUR,0,0,0,0,17,0,1,16
03/04/2020,KALIMANTAN TIMUR,1,0,0,1,18,0,1,17
04/04/2020,KALIMANTAN TIMUR,2,0,1,1,20,1,1,18
05/04/2020,KALIMANTAN TIMUR,1,0,0,1,21,1,1,19
06/04/2020,KALIMANTAN TIMUR,6,0,0,6,27,1,1,25
07/04/2020,KALIMANTAN TIMUR,0,0,0,0,27,1,1,25
08/04/2020,KALIMANTAN TIMUR,1,0,0,1,28,1,1,26
09/04/2020,KALIMANTAN TIMUR,0,0,5,-5,28,6,1,21
10/04/2020,KALIMANTAN TIMUR,4,0,0,4,32,6,1,25
11/04/2020,KALIMANTAN TIMUR,0,0,0,0,32,6,1,25
12/04/2020,KALIMANTAN TIMUR,0,0,0,0,32,6,1,25
13/04/2020,KALIMANTAN TIMUR,0,0,0,0,32,6,1,25
14/04/2020,KALIMANTAN TIMUR,0,0,0,0,32,6,1,25
15/04/2020,KALIMANTAN TIMUR,0,0,0,0,32,6,1,25
16/04/2020,KALIMANTAN TIMUR,9,0,5,4,41,11,1,29
17/04/2020,KALIMANTAN TIMUR,0,0,1,-1,41,12,1,28
18/04/2020,KALIMANTAN TIMUR,10,0,0,10,51,12,1,38
19/04/2020,KALIMANTAN TIMUR,5,0,0,5,56,12,1,43
20/04/2020,KALIMANTAN TIMUR,4,0,0,4,60,12,1,47
21/04/2020,KALIMANTAN TIMUR,5,0,0,5,65,12,1,52
22/04/2020,KALIMANTAN TIMUR,1,0,0,1,66,12,1,53
23/04/2020,KALIMANTAN TIMUR,5,0,0,5,71,12,1,58
24/04/2020,KALIMANTAN TIMUR,11,0,2,9,82,14,1,67
25/04/2020,KALIMANTAN TIMUR,12,0,0,12,94,14,1,79
26/04/2020,KALIMANTAN TIMUR,8,0,1,7,102,15,1,86
27/04/2020,KALIMANTAN TIMUR,2,0,1,1,104,16,1,87
28/04/2020,KALIMANTAN TIMUR,8,0,0,8,112,16,1,95
29/04/2020,KALIMANTAN TIMUR,4,0,0,4,116,16,1,99
30/04/2020,KALIMANTAN TIMUR,15,0,0,15,131,16,1,114
01/05/2020,KALIMANTAN TIMUR,2,0,1,1,133,17,1,115
02/05/2020,KALIMANTAN TIMUR,18,0,0,18,151,17,1,133
03/05/2020,KALIMANTAN TIMUR,8,0,0,8,159,17,1,141
04/05/2020,KALIMANTAN TIMUR,5,1,0,4,164,17,2,145
05/05/2020,KALIMANTAN TIMUR,1,0,0,1,165,17,2,146
06/05/2020,KALIMANTAN TIMUR,14,0,0,14,179,17,2,160
07/05/2020,KALIMANTAN TIMUR,0,0,0,0,179,17,2,160
08/05/2020,KALIMANTAN TIMUR,27,0,9,18,206,26,2,178
09/05/2020,KALIMANTAN TIMUR,5,0,6,-1,211,32,2,177
10/05/2020,KALIMANTAN TIMUR,4,0,3,1,215,35,2,178
11/05/2020,KALIMANTAN TIMUR,7,1,4,2,222,39,3,180
12/05/2020,KALIMANTAN TIMUR,3,0,3,0,225,42,3,180
13/05/2020,KALIMANTAN TIMUR,2,0,5,-3,227,47,3,177
14/05/2020,KALIMANTAN TIMUR,8,0,11,-3,235,58,3,174
15/05/2020,KALIMANTAN TIMUR,13,0,4,9,248,62,3,183
16/05/2020,KALIMANTAN TIMUR,2,0,2,0,250,64,3,183
17/05/2020,KALIMANTAN TIMUR,1,0,2,-1,251,66,3,182
18/05/2020,KALIMANTAN TIMUR,1,0,10,-9,252,76,3,173
19/05/2020,KALIMANTAN TIMUR,3,0,5,-2,255,81,3,171
20/05/2020,KALIMANTAN TIMUR,6,0,4,2,261,85,3,173
21/05/2020,KALIMANTAN TIMUR,2,0,11,-9,263,96,3,164
22/05/2020,KALIMANTAN TIMUR,5,0,6,-1,268,102,3,163
23/05/2020,KALIMANTAN TIMUR,3,0,3,0,271,105,3,163
24/05/2020,KALIMANTAN TIMUR,2,0,0,2,273,105,3,165
25/05/2020,KALIMANTAN TIMUR,0,0,16,-16,273,121,3,149
26/05/2020,KALIMANTAN TIMUR,1,0,1,0,274,122,3,149
27/05/2020,KALIMANTAN TIMUR,3,0,5,-2,277,127,3,147
28/05/2020,KALIMANTAN TIMUR,1,0,6,-5,278,133,3,142
29/05/2020,KALIMANTAN TIMUR,4,0,9,-5,282,142,3,137
30/05/2020,KALIMANTAN TIMUR,6,0,18,-12,288,160,3,125
31/05/2020,KALIMANTAN TIMUR,4,0,11,-7,292,171,3,118
01/06/2020,KALIMANTAN TIMUR,2,0,3,-1,294,174,3,117
02/06/2020,KALIMANTAN TIMUR,1,0,1,0,295,175,3,117
03/06/2020,KALIMANTAN TIMUR,12,0,2,10,307,177,3,127
04/06/2020,KALIMANTAN TIMUR,6,0,7,-1,313,184,3,126
05/06/2020,KALIMANTAN TIMUR,1,0,0,1,314,184,3,127
06/06/2020,KALIMANTAN TIMUR,10,0,22,-12,324,206,3,115
07/06/2020,KALIMANTAN TIMUR,2,0,4,-2,326,210,3,113
08/06/2020,KALIMANTAN TIMUR,9,0,3,6,335,213,3,119
09/06/2020,KALIMANTAN TIMUR,13,0,3,10,348,216,3,129
10/06/2020,KALIMANTAN TIMUR,11,0,5,6,359,221,3,135
11/06/2020,KALIMANTAN TIMUR,3,0,7,-4,362,228,3,131
12/06/2020,KALIMANTAN TIMUR,8,1,11,-4,370,239,4,127
13/06/2020,KALIMANTAN TIMUR,3,0,10,-7,373,249,4,120
14/06/2020,KALIMANTAN TIMUR,2,0,12,-10,375,261,4,110
15/06/2020,KALIMANTAN TIMUR,4,0,1,3,379,262,4,113
16/06/2020,KALIMANTAN TIMUR,10,0,13,-3,389,275,4,110
17/06/2020,KALIMANTAN TIMUR,5,0,17,-12,394,292,4,98
18/06/2020,KALIMANTAN TIMUR,8,0,19,-11,402,311,4,87
19/06/2020,KALIMANTAN TIMUR,12,0,3,9,414,314,4,96
20/06/2020,KALIMANTAN TIMUR,6,0,6,0,420,320,4,96
21/06/2020,KALIMANTAN TIMUR,11,1,3,7,431,323,5,103
22/06/2020,KALIMANTAN TIMUR,1,0,1,0,432,324,5,103
23/06/2020,KALIMANTAN TIMUR,12,0,1,11,444,325,5,114
24/06/2020,KALIMANTAN TIMUR,9,1,10,-2,453,335,6,112
25/06/2020,KALIMANTAN TIMUR,17,0,21,-4,470,356,6,108
26/06/2020,KALIMANTAN TIMUR,10,1,5,4,480,361,7,112
27/06/2020,KALIMANTAN TIMUR,11,0,5,6,491,366,7,118
28/06/2020,KALIMANTAN TIMUR,9,0,11,-2,500,377,7,116
29/06/2020,KALIMANTAN TIMUR,7,0,1,6,507,378,7,122
30/06/2020,KALIMANTAN TIMUR,8,0,9,-1,515,387,7,121
01/07/2020,KALIMANTAN TIMUR,7,0,15,-8,522,402,7,113
02/07/2020,KALIMANTAN TIMUR,6,0,14,-8,528,416,7,105
03/07/2020,KALIMANTAN TIMUR,13,1,10,2,541,426,8,107
04/07/2020,KALIMANTAN TIMUR,10,0,7,3,551,433,8,110
05/07/2020,KALIMANTAN TIMUR,30,0,3,27,581,436,8,137
06/07/2020,KALIMANTAN TIMUR,13,1,1,11,594,437,9,148
07/07/2020,KALIMANTAN TIMUR,6,2,16,-12,600,453,11,136
08/07/2020,KALIMANTAN TIMUR,14,0,9,5,614,462,11,141
09/07/2020,KALIMANTAN TIMUR,6,0,7,-1,620,469,11,140
10/07/2020,KALIMANTAN TIMUR,19,1,10,8,639,479,12,148
11/07/2020,KALIMANTAN TIMUR,31,0,12,19,670,491,12,167
12/07/2020,KALIMANTAN TIMUR,17,4,3,10,687,494,16,177
13/07/2020,KALIMANTAN TIMUR,5,1,10,-6,692,504,17,171
14/07/2020,KALIMANTAN TIMUR,27,0,8,19,719,512,17,190
15/07/2020,KALIMANTAN TIMUR,34,0,7,27,753,519,17,217
16/07/2020,KALIMANTAN TIMUR,24,0,15,9,777,534,17,226
17/07/2020,KALIMANTAN TIMUR,43,0,18,25,820,552,17,251
18/07/2020,KALIMANTAN TIMUR,25,0,13,12,845,565,17,263
19/07/2020,KALIMANTAN TIMUR,20,1,1,18,865,566,18,281
20/07/2020,KALIMANTAN TIMUR,25,1,20,4,890,586,19,285
21/07/2020,KALIMANTAN TIMUR,71,0,5,66,961,591,19,351
22/07/2020,KALIMANTAN TIMUR,30,3,31,-4,991,622,22,347
23/07/2020,KALIMANTAN TIMUR,40,0,50,-10,1031,672,22,337
24/07/2020,KALIMANTAN TIMUR,38,2,32,4,1069,704,24,341
25/07/2020,KALIMANTAN TIMUR,62,2,24,36,1131,728,26,377
26/07/2020,KALIMANTAN TIMUR,32,2,25,5,1163,753,28,382
27/07/2020,KALIMANTAN TIMUR,18,0,22,-4,1181,775,28,378
28/07/2020,KALIMANTAN TIMUR,66,0,34,32,1247,809,28,410
29/07/2020,KALIMANTAN TIMUR,57,0,47,10,1304,856,28,420
30/07/2020,KALIMANTAN TIMUR,70,2,30,38,1374,886,30,458
31/07/2020,KALIMANTAN TIMUR,49,1,15,33,1423,901,31,491
01/08/2020,KALIMANTAN TIMUR,7,1,7,-1,1430,908,32,490
02/08/2020,KALIMANTAN TIMUR,83,5,6,72,1513,914,37,562
03/08/2020,KALIMANTAN TIMUR,22,4,25,-7,1535,939,41,555
04/08/2020,KALIMANTAN TIMUR,60,1,37,22,1595,976,42,577
05/08/2020,KALIMANTAN TIMUR,67,0,56,11,1662,1032,42,588
06/08/2020,KALIMANTAN TIMUR,36,1,46,-11,1698,1078,43,577
07/08/2020,KALIMANTAN TIMUR,98,4,58,36,1796,1136,47,613
08/08/2020,KALIMANTAN TIMUR,35,1,28,6,1831,1164,48,619
09/08/2020,KALIMANTAN TIMUR,53,4,15,34,1884,1179,52,653
10/08/2020,KALIMANTAN TIMUR,45,4,83,-42,1929,1262,56,611
11/08/2020,KALIMANTAN TIMUR,128,3,68,57,2057,1330,59,668
12/08/2020,KALIMANTAN TIMUR,46,2,51,-7,2103,1381,61,661
13/08/2020,KALIMANTAN TIMUR,23,1,30,-8,2126,1411,62,653
14/08/2020,KALIMANTAN TIMUR,98,4,67,27,2224,1478,66,680
15/08/2020,KALIMANTAN TIMUR,56,1,12,43,2280,1490,67,723
16/08/2020,KALIMANTAN TIMUR,85,23,54,8,2365,1544,90,731
17/08/2020,KALIMANTAN TIMUR,116,5,66,45,2481,1610,95,776
18/08/2020,KALIMANTAN TIMUR,93,1,34,58,2574,1644,96,834
19/08/2020,KALIMANTAN TIMUR,91,3,56,32,2665,1700,99,866
20/08/2020,KALIMANTAN TIMUR,28,2,21,5,2693,1721,101,871
21/08/2020,KALIMANTAN TIMUR,195,5,52,138,2888,1773,106,1009
22/08/2020,KALIMANTAN TIMUR,129,1,84,44,3017,1857,107,1053
23/08/2020,KALIMANTAN TIMUR,80,15,51,14,3097,1908,122,1067
24/08/2020,KALIMANTAN TIMUR,44,3,10,31,3141,1918,125,1098
25/08/2020,KALIMANTAN TIMUR,141,9,168,-36,3282,2086,134,1062
26/08/2020,KALIMANTAN TIMUR,134,2,76,56,3416,2162,136,1118
27/08/2020,KALIMANTAN TIMUR,206,9,52,145,3622,2214,145,1263
28/08/2020,KALIMANTAN TIMUR,97,3,44,50,3719,2258,148,1313
29/08/2020,KALIMANTAN TIMUR,200,8,42,150,3919,2300,156,1463
30/08/2020,KALIMANTAN TIMUR,197,4,18,175,4116,2318,160,1638
31/08/2020,KALIMANTAN TIMUR,124,1,72,51,4240,2390,161,1689
01/09/2020,KALIMANTAN TIMUR,61,3,17,41,4301,2407,164,1730
02/09/2020,KALIMANTAN TIMUR,72,1,68,3,4373,2475,165,1733
03/09/2020,KALIMANTAN TIMUR,157,27,77,53,4530,2552,192,1786
04/09/2020,KALIMANTAN TIMUR,279,8,89,182,4809,2641,200,1968
05/09/2020,KALIMANTAN TIMUR,128,8,136,-16,4937,2777,208,1952
06/09/2020,KALIMANTAN TIMUR,186,7,178,1,5123,2955,215,1953
07/09/2020,KALIMANTAN TIMUR,62,3,10,49,5185,2965,218,2002
08/09/2020,KALIMANTAN TIMUR,87,8,56,23,5272,3021,226,2025
09/09/2020,KALIMANTAN TIMUR,80,2,97,-19,5352,3118,228,2006
10/09/2020,KALIMANTAN TIMUR,90,3,132,-45,5442,3250,231,1961
11/09/2020,KALIMANTAN TIMUR,153,3,101,49,5595,3351,234,2010
12/09/2020,KALIMANTAN TIMUR,153,5,100,48,5748,3451,239,2058
13/09/2020,KALIMANTAN TIMUR,174,2,143,29,5922,3594,241,2087
14/09/2020,KALIMANTAN TIMUR,123,2,181,-60,6045,3775,243,2027
15/09/2020,KALIMANTAN TIMUR,51,3,84,-36,6096,3859,246,1991
16/09/2020,KALIMANTAN TIMUR,217,5,178,34,6313,4037,251,2025
17/09/2020,KALIMANTAN TIMUR,169,5,102,62,6482,4139,256,2087
18/09/2020,KALIMANTAN TIMUR,119,7,166,-54,6601,4305,263,2033
19/09/2020,KALIMANTAN TIMUR,111,3,88,20,6712,4393,266,2053
20/09/2020,KALIMANTAN TIMUR,60,1,60,-1,6772,4453,267,2052
21/09/2020,KALIMANTAN TIMUR,178,6,75,97,6950,4528,273,2149
22/09/2020,KALIMANTAN TIMUR,114,5,152,-43,7064,4680,278,2106
23/09/2020,KALIMANTAN TIMUR,196,4,224,-32,7260,4904,282,2074
24/09/2020,KALIMANTAN TIMUR,195,5,123,67,7455,5027,287,2141
25/09/2020,KALIMANTAN TIMUR,392,8,55,329,7847,5082,295,2470
26/09/2020,KALIMANTAN TIMUR,219,2,98,119,8066,5180,297,2589
27/09/2020,KALIMANTAN TIMUR,140,3,144,-7,8206,5324,300,2582
28/09/2020,KALIMANTAN TIMUR,114,2,149,-37,8320,5473,302,2545
29/09/2020,KALIMANTAN TIMUR,114,12,50,52,8434,5523,314,2597
30/09/2020,KALIMANTAN TIMUR,213,19,253,-59,8647,5776,333,2538
01/10/2020,KALIMANTAN TIMUR,131,20,108,3,8778,5884,353,2541
02/10/2020,KALIMANTAN TIMUR,319,10,84,225,9097,5968,363,2766
03/10/2020,KALIMANTAN TIMUR,117,2,150,-35,9214,6118,365,2731
04/10/2020,KALIMANTAN TIMUR,228,3,232,-7,9442,6350,368,2724
05/10/2020,KALIMANTAN TIMUR,117,9,198,-90,9559,6548,377,2634
06/10/2020,KALIMANTAN TIMUR,200,3,150,47,9759,6698,380,2681
07/10/2020,KALIMANTAN TIMUR,202,4,109,89,9961,6807,384,2770
08/10/2020,KALIMANTAN TIMUR,238,12,236,-10,10199,7043,396,2760
09/10/2020,KALIMANTAN TIMUR,135,10,182,-57,10334,7225,406,2703
10/10/2020,KALIMANTAN TIMUR,131,6,134,-9,10465,7359,412,2694
11/10/2020,KALIMANTAN TIMUR,194,5,210,-21,10659,7569,417,2673
12/10/2020,KALIMANTAN TIMUR,66,2,61,3,10725,7630,419,2676
13/10/2020,KALIMANTAN TIMUR,108,3,32,73,10833,7662,422,2749
14/10/2020,KALIMANTAN TIMUR,210,5,273,-68,11043,7935,427,2681
15/10/2020,KALIMANTAN TIMUR,164,7,136,21,11207,8071,434,2702
16/10/2020,KALIMANTAN TIMUR,94,3,209,-118,11301,8280,437,2584
17/10/2020,KALIMANTAN TIMUR,197,1,272,-76,11498,8552,438,2508
18/10/2020,KALIMANTAN TIMUR,382,2,209,171,11880,8761,440,2679
19/10/2020,KALIMANTAN TIMUR,85,3,73,9,11965,8834,443,2688
20/10/2020,KALIMANTAN TIMUR,68,0,145,-77,12033,8979,443,2611
21/10/2020,KALIMANTAN TIMUR,183,6,121,56,12216,9100,449,2667
22/10/2020,KALIMANTAN TIMUR,259,8,185,66,12475,9285,457,2733
23/10/2020,KALIMANTAN TIMUR,223,2,236,-15,12698,9521,459,2718
24/10/2020,KALIMANTAN TIMUR,242,2,172,68,12940,9693,461,2786
25/10/2020,KALIMANTAN TIMUR,175,3,153,19,13115,9846,464,2805
26/10/2020,KALIMANTAN TIMUR,106,2,128,-24,13221,9974,466,2781
27/10/2020,KALIMANTAN TIMUR,123,4,214,-95,13344,10188,470,2686
28/10/2020,KALIMANTAN TIMUR,214,1,92,121,13558,10280,471,2807
29/10/2020,KALIMANTAN TIMUR,208,6,274,-72,13766,10554,477,2735
30/10/2020,KALIMANTAN TIMUR,205,1,254,-50,13971,10808,478,2685
31/10/2020,KALIMANTAN TIMUR,116,10,269,-163,14087,11077,488,2522
01/11/2020,KALIMANTAN TIMUR,168,5,185,-22,14255,11262,493,2500
02/11/2020,KALIMANTAN TIMUR,86,2,251,-167,14341,11513,495,2333
03/11/2020,KALIMANTAN TIMUR,152,4,277,-129,14493,11790,499,2204
04/11/2020,KALIMANTAN TIMUR,146,1,125,20,14639,11915,500,2224
05/11/2020,KALIMANTAN TIMUR,307,1,241,65,14946,12156,501,2289
06/11/2020,KALIMANTAN TIMUR,190,1,125,64,15136,12281,502,2353
07/11/2020,KALIMANTAN TIMUR,265,3,302,-40,15401,12583,505,2313
08/11/2020,KALIMANTAN TIMUR,201,6,213,-18,15602,12796,511,2295
09/11/2020,KALIMANTAN TIMUR,75,4,313,-242,15677,13109,515,2053
10/11/2020,KALIMANTAN TIMUR,123,4,144,-25,15800,13253,519,2028
11/11/2020,KALIMANTAN TIMUR,345,3,124,218,16145,13377,522,2246
12/11/2020,KALIMANTAN TIMUR,234,5,246,-17,16379,13623,527,2229
13/11/2020,KALIMANTAN TIMUR,277,3,333,-59,16656,13956,530,2170
14/11/2020,KALIMANTAN TIMUR,147,7,147,-7,16803,14103,537,2163
15/11/2020,KALIMANTAN TIMUR,206,4,298,-96,17009,14401,541,2067
16/11/2020,KALIMANTAN TIMUR,158,2,214,-58,17167,14615,543,2009
17/11/2020,KALIMANTAN TIMUR,171,0,218,-47,17338,14833,543,1962
18/11/2020,KALIMANTAN TIMUR,254,2,85,167,17592,14918,545,2129
19/11/2020,KALIMANTAN TIMUR,132,3,26,103,17724,14944,548,2232
20/11/2020,KALIMANTAN TIMUR,165,5,42,118,17889,14986,553,2350
21/11/2020,KALIMANTAN TIMUR,251,3,184,64,18140,15170,556,2414
22/11/2020,KALIMANTAN TIMUR,137,1,189,-53,18277,15359,557,2361
23/11/2020,KALIMANTAN TIMUR,132,2,64,66,18409,15423,559,2427
24/11/2020,KALIMANTAN TIMUR,90,5,130,-45,18499,15553,564,2382
25/11/2020,KALIMANTAN TIMUR,189,1,332,-144,18688,15885,565,2238
26/11/2020,KALIMANTAN TIMUR,221,9,124,88,18909,16009,574,2326
27/11/2020,KALIMANTAN TIMUR,165,7,183,-25,19074,16192,581,2301
28/11/2020,KALIMANTAN TIMUR,220,4,166,50,19294,16358,585,2351
29/11/2020,KALIMANTAN TIMUR,203,1,98,104,19497,16456,586,2455
30/11/2020,KALIMANTAN TIMUR,117,5,483,-371,19614,16939,591,2084
01/12/2020,KALIMANTAN TIMUR,127,1,160,-34,19741,17099,592,2050
02/12/2020,KALIMANTAN TIMUR,304,1,142,161,20045,17241,593,2211
03/12/2020,KALIMANTAN TIMUR,313,3,185,125,20358,17426,596,2336
04/12/2020,KALIMANTAN TIMUR,231,6,132,93,20589,17558,602,2429
05/12/2020,KALIMANTAN TIMUR,238,0,170,68,20827,17728,602,2497
06/12/2020,KALIMANTAN TIMUR,185,2,160,23,21012,17888,604,2520
07/12/2020,KALIMANTAN TIMUR,90,7,182,-99,21102,18070,611,2421
08/12/2020,KALIMANTAN TIMUR,257,3,238,16,21359,18308,614,2437
09/12/2020,KALIMANTAN TIMUR,279,6,154,119,21638,18462,620,2556
10/12/2020,KALIMANTAN TIMUR,109,7,210,-108,21747,18672,627,2448
11/12/2020,KALIMANTAN TIMUR,214,4,138,72,21961,18810,631,2520
12/12/2020,KALIMANTAN TIMUR,162,4,156,2,22123,18966,635,2522
13/12/2020,KALIMANTAN TIMUR,227,4,230,-7,22350,19196,639,2515
14/12/2020,KALIMANTAN TIMUR,116,4,189,-77,22466,19385,643,2438
15/12/2020,KALIMANTAN TIMUR,392,2,173,217,22858,19558,645,2655
16/12/2020,KALIMANTAN TIMUR,280,8,177,95,23138,19735,653,2750
17/12/2020,KALIMANTAN TIMUR,236,5,184,47,23374,19919,658,2797
18/12/2020,KALIMANTAN TIMUR,282,4,165,113,23656,20084,662,2910
19/12/2020,KALIMANTAN TIMUR,268,6,243,19,23924,20327,668,2929
20/12/2020,KALIMANTAN TIMUR,155,10,167,-22,24079,20494,678,2907
21/12/2020,KALIMANTAN TIMUR,211,5,295,-89,24290,20789,683,2818
22/12/2020,KALIMANTAN TIMUR,182,7,91,84,24472,20880,690,2902
23/12/2020,KALIMANTAN TIMUR,418,6,187,225,24890,21067,696,3127
24/12/2020,KALIMANTAN TIMUR,372,6,212,154,25262,21279,702,3281
25/12/2020,KALIMANTAN TIMUR,218,8,179,31,25480,21458,710,3312
26/12/2020,KALIMANTAN TIMUR,287,8,193,86,25767,21651,718,3398
27/12/2020,KALIMANTAN TIMUR,200,3,267,-70,25967,21918,721,3328
28/12/2020,KALIMANTAN TIMUR,109,6,171,-68,26076,22089,727,3260
29/12/2020,KALIMANTAN TIMUR,314,4,238,72,26390,22327,731,3332
30/12/2020,KALIMANTAN TIMUR,319,7,238,74,26709,22565,738,3406
31/12/2020,KALIMANTAN TIMUR,364,5,241,118,27073,22806,743,3524
01/01/2021,KALIMANTAN TIMUR,299,12,205,82,27372,23011,755,3606
02/01/2021,KALIMANTAN TIMUR,213,4,235,-26,27585,23246,759,3580
03/01/2021,KALIMANTAN TIMUR,305,4,218,83,27890,23464,763,3663
04/01/2021,KALIMANTAN TIMUR,185,6,192,-13,28075,23656,769,3650
05/01/2021,KALIMANTAN TIMUR,281,8,275,-2,28356,23931,777,3648
06/01/2021,KALIMANTAN TIMUR,375,5,182,188,28731,24113,782,3836
07/01/2021,KALIMANTAN TIMUR,479,7,262,210,29210,24375,789,4046
08/01/2021,KALIMANTAN TIMUR,512,8,254,250,29722,24629,797,4296
09/01/2021,KALIMANTAN TIMUR,394,7,194,193,30116,24823,804,4489
10/01/2021,KALIMANTAN TIMUR,393,4,315,74,30509,25138,808,4563
11/01/2021,KALIMANTAN TIMUR,227,11,309,-93,30736,25447,819,4470
12/01/2021,KALIMANTAN TIMUR,338,8,337,-7,31074,25784,827,4463
13/01/2021,KALIMANTAN TIMUR,507,3,263,241,31581,26047,830,4704
14/01/2021,KALIMANTAN TIMUR,407,13,257,137,31988,26304,843,4841
15/01/2021,KALIMANTAN TIMUR,598,9,294,295,32586,26598,852,5136
16/01/2021,KALIMANTAN TIMUR,570,8,305,257,33156,26903,860,5393
17/01/2021,KALIMANTAN TIMUR,455,13,393,49,33611,27296,873,5442
18/01/2021,KALIMANTAN TIMUR,354,8,345,1,33965,27641,881,5443
19/01/2021,KALIMANTAN TIMUR,463,9,388,66,34428,28029,890,5509
20/01/2021,KALIMANTAN TIMUR,543,11,325,207,34971,28354,901,5716
21/01/2021,KALIMANTAN TIMUR,496,11,294,191,35467,28648,912,5907
22/01/2021,KALIMANTAN TIMUR,580,9,362,209,36047,29010,921,6116
23/01/2021,KALIMANTAN TIMUR,609,11,323,275,36656,29333,932,6391
24/01/2021,KALIMANTAN TIMUR,432,7,391,34,37088,29724,939,6425
25/01/2021,KALIMANTAN TIMUR,325,7,459,-141,37413,30183,946,6284
26/01/2021,KALIMANTAN TIMUR,557,10,329,218,37970,30512,956,6502
27/01/2021,KALIMANTAN TIMUR,756,6,339,411,38726,30851,962,6913
28/01/2021,KALIMANTAN TIMUR,459,6,394,59,39185,31245,968,6972
29/01/2021,KALIMANTAN TIMUR,667,8,454,205,39852,31699,976,7177
30/01/2021,KALIMANTAN TIMUR,701,11,374,316,40553,32073,987,7493
31/01/2021,KALIMANTAN TIMUR,658,9,543,106,41211,32616,996,7599
01/02/2021,KALIMANTAN TIMUR,366,14,394,-42,41577,33010,1010,7557
02/02/2021,KALIMANTAN TIMUR,443,8,518,-83,42020,33528,1018,7474
03/02/2021,KALIMANTAN TIMUR,903,13,498,392,42923,34026,1031,7866
04/02/2021,KALIMANTAN TIMUR,732,14,704,14,43655,34730,1045,7880
05/02/2021,KALIMANTAN TIMUR,798,11,548,239,44453,35278,1056,8119
06/02/2021,KALIMANTAN TIMUR,607,23,492,92,45060,35770,1079,8211
07/02/2021,KALIMANTAN TIMUR,501,11,416,74,45561,36186,1090,8285
08/02/2021,KALIMANTAN TIMUR,344,10,433,-99,45905,36619,1100,8186
09/02/2021,KALIMANTAN TIMUR,550,9,503,38,46455,37122,1109,8224
10/02/2021,KALIMANTAN TIMUR,498,13,380,105,46953,37502,1122,8329
11/02/2021,KALIMANTAN TIMUR,643,9,791,-157,47596,38293,1131,8172
12/02/2021,KALIMANTAN TIMUR,931,13,543,375,48527,38836,1144,8547
13/02/2021,KALIMANTAN TIMUR,315,10,485,-180,48842,39321,1154,8367
14/02/2021,KALIMANTAN TIMUR,330,16,500,-186,49172,39821,1170,8181
15/02/2021,KALIMANTAN TIMUR,362,7,483,-128,49534,40304,1177,8053
16/02/2021,KALIMANTAN TIMUR,322,2,208,112,49856,40512,1179,8165
17/02/2021,KALIMANTAN TIMUR,452,10,253,189,50308,40765,1189,8354
18/02/2021,KALIMANTAN TIMUR,517,11,491,15,50825,41256,1200,8369
19/02/2021,KALIMANTAN TIMUR,718,15,549,154,51543,41805,1215,8523
20/02/2021,KALIMANTAN TIMUR,553,17,806,-270,52096,42611,1232,8253
21/02/2021,KALIMANTAN TIMUR,406,12,602,-208,52502,43213,1244,8045
22/02/2021,KALIMANTAN TIMUR,404,14,504,-114,52906,43717,1258,7931
23/02/2021,KALIMANTAN TIMUR,431,7,535,-111,53337,44252,1265,7820
24/02/2021,KALIMANTAN TIMUR,423,15,537,-129,53760,44789,1280,7691
25/02/2021,KALIMANTAN TIMUR,395,10,728,-343,54155,45517,1290,7348
26/02/2021,KALIMANTAN TIMUR,485,7,426,52,54640,45943,1297,7400
27/02/2021,KALIMANTAN TIMUR,378,7,655,-284,55018,46598,1304,7116
28/02/2021,KALIMANTAN TIMUR,373,5,463,-95,55391,47061,1309,7021
01/03/2021,KALIMANTAN TIMUR,437,10,498,-71,55828,47559,1319,6950
02/03/2021,KALIMANTAN TIMUR,310,12,576,-278,56138,48135,1331,6672
03/03/2021,KALIMANTAN TIMUR,348,7,457,-116,56486,48592,1338,6556
04/03/2021,KALIMANTAN TIMUR,512,5,406,101,56998,48998,1343,6657
05/03/2021,KALIMANTAN TIMUR,294,7,508,-221,57292,49506,1350,6436
06/03/2021,KALIMANTAN TIMUR,396,4,468,-76,57688,49974,1354,6360
07/03/2021,KALIMANTAN TIMUR,350,9,398,-57,58038,50372,1363,6303
08/03/2021,KALIMANTAN TIMUR,142,7,390,-255,58180,50762,1370,6048
09/03/2021,KALIMANTAN TIMUR,260,6,433,-179,58440,51195,1376,5869
10/03/2021,KALIMANTAN TIMUR,296,8,443,-155,58736,51638,1384,5714
11/03/2021,KALIMANTAN TIMUR,438,9,458,-29,59174,52096,1393,5685
12/03/2021,KALIMANTAN TIMUR,207,9,356,-158,59381,52452,1402,5527
13/03/2021,KALIMANTAN TIMUR,264,2,240,22,59645,52692,1404,5549
14/03/2021,KALIMANTAN TIMUR,207,6,354,-153,59852,53046,1410,5396
15/03/2021,KALIMANTAN TIMUR,204,4,473,-273,60056,53519,1414,5123
16/03/2021,KALIMANTAN TIMUR,246,9,218,19,60302,53737,1423,5142
17/03/2021,KALIMANTAN TIMUR,241,2,337,-98,60543,54074,1425,5044
18/03/2021,KALIMANTAN TIMUR,328,11,384,-67,60871,54458,1436,4977
19/03/2021,KALIMANTAN TIMUR,270,4,279,-13,61141,54737,1440,4964
20/03/2021,KALIMANTAN TIMUR,223,7,339,-123,61364,55076,1447,4841
21/03/2021,KALIMANTAN TIMUR,218,8,374,-164,61582,55450,1455,4677
22/03/2021,KALIMANTAN TIMUR,71,6,409,-344,61653,55859,1461,4333
23/03/2021,KALIMANTAN TIMUR,235,2,333,-100,61888,56192,1463,4233
24/03/2021,KALIMANTAN TIMUR,275,6,379,-110,62163,56571,1469,4123
25/03/2021,KALIMANTAN TIMUR,320,9,429,-118,62483,57000,1478,4005
26/03/2021,KALIMANTAN TIMUR,247,6,629,-388,62730,57629,1484,3617
27/03/2021,KALIMANTAN TIMUR,196,3,299,-106,62926,57928,1487,3511
28/03/2021,KALIMANTAN TIMUR,164,4,366,-206,63090,58294,1491,3305
29/03/2021,KALIMANTAN TIMUR,124,3,300,-179,63214,58594,1494,3126
30/03/2021,KALIMANTAN TIMUR,246,9,279,-42,63460,58873,1503,3084
31/03/2021,KALIMANTAN TIMUR,200,3,161,36,63660,59034,1506,3120
01/04/2021,KALIMANTAN TIMUR,214,10,203,1,63874,59237,1516,3121
02/04/2021,KALIMANTAN TIMUR,238,5,215,18,64112,59452,1521,3139
03/04/2021,KALIMANTAN TIMUR,138,10,173,-45,64250,59625,1531,3094
04/04/2021,KALIMANTAN TIMUR,154,6,217,-69,64404,59842,1537,3025
05/04/2021,KALIMANTAN TIMUR,90,6,284,-200,64494,60126,1543,2825
06/04/2021,KALIMANTAN TIMUR,197,4,182,11,64691,60308,1547,2836
07/04/2021,KALIMANTAN TIMUR,163,7,433,-277,64854,60741,1554,2559
08/04/2021,KALIMANTAN TIMUR,153,1,197,-45,65007,60938,1555,2514
09/04/2021,KALIMANTAN TIMUR,205,1,238,-34,65212,61176,1556,2480
10/04/2021,KALIMANTAN TIMUR,187,5,247,-65,65399,61423,1561,2415
11/04/2021,KALIMANTAN TIMUR,202,7,251,-56,65601,61674,1568,2359
12/04/2021,KALIMANTAN TIMUR,97,7,162,-72,65698,61836,1575,2287
13/04/2021,KALIMANTAN TIMUR,158,1,214,-57,65856,62050,1576,2230
14/04/2021,KALIMANTAN TIMUR,196,3,184,9,66052,62234,1579,2239
15/04/2021,KALIMANTAN TIMUR,185,5,267,-87,66237,62501,1584,2152
16/04/2021,KALIMANTAN TIMUR,127,1,238,-112,66364,62739,1585,2040
17/04/2021,KALIMANTAN TIMUR,209,4,204,1,66573,62943,1589,2041
18/04/2021,KALIMANTAN TIMUR,186,3,198,-15,66759,63141,1592,2026
17/03/2020,SUMATERA UTARA,1,1,0,0,1,0,1,0
18/03/2020,SUMATERA UTARA,0,0,0,0,1,0,1,0
19/03/2020,SUMATERA UTARA,0,0,0,0,1,0,1,0
20/03/2020,SUMATERA UTARA,0,0,0,0,1,0,1,0
21/03/2020,SUMATERA UTARA,0,0,0,0,1,0,1,0
22/03/2020,SUMATERA UTARA,0,0,0,0,1,0,1,0
23/03/2020,SUMATERA UTARA,0,0,0,0,1,0,1,0
24/03/2020,SUMATERA UTARA,0,0,0,0,1,0,1,0
25/03/2020,SUMATERA UTARA,0,0,0,0,1,0,1,0
26/03/2020,SUMATERA UTARA,0,0,0,0,1,0,1,0
27/03/2020,SUMATERA UTARA,0,1,0,-1,1,0,2,-1
28/03/2020,SUMATERA UTARA,0,0,0,0,1,0,2,-1
29/03/2020,SUMATERA UTARA,0,0,0,0,1,0,2,-1
30/03/2020,SUMATERA UTARA,6,0,0,6,7,0,2,5
31/03/2020,SUMATERA UTARA,6,2,0,4,13,0,4,9
01/04/2020,SUMATERA UTARA,2,0,0,2,15,0,4,11
02/04/2020,SUMATERA UTARA,0,0,0,0,15,0,4,11
03/04/2020,SUMATERA UTARA,0,0,0,0,15,0,4,11
04/04/2020,SUMATERA UTARA,3,1,0,2,18,0,5,13
05/04/2020,SUMATERA UTARA,0,0,0,0,18,0,5,13
06/04/2020,SUMATERA UTARA,1,0,0,1,19,0,5,14
07/04/2020,SUMATERA UTARA,0,0,0,0,19,0,5,14
08/04/2020,SUMATERA UTARA,29,0,0,29,48,0,5,43
09/04/2020,SUMATERA UTARA,0,0,0,0,48,0,5,43
10/04/2020,SUMATERA UTARA,0,0,8,-8,48,8,5,35
11/04/2020,SUMATERA UTARA,0,3,0,-3,48,8,8,32
12/04/2020,SUMATERA UTARA,10,0,0,10,58,8,8,42
13/04/2020,SUMATERA UTARA,2,1,1,0,60,9,9,42
14/04/2020,SUMATERA UTARA,5,0,1,4,65,10,9,46
15/04/2020,SUMATERA UTARA,6,0,0,6,71,10,9,52
16/04/2020,SUMATERA UTARA,1,0,3,-2,72,13,9,50
17/04/2020,SUMATERA UTARA,0,0,0,0,72,13,9,50
18/04/2020,SUMATERA UTARA,0,0,0,0,72,13,9,50
19/04/2020,SUMATERA UTARA,2,0,0,2,74,13,9,52
20/04/2020,SUMATERA UTARA,2,1,1,0,76,14,10,52
21/04/2020,SUMATERA UTARA,1,0,0,1,77,14,10,53
22/04/2020,SUMATERA UTARA,9,0,7,2,86,21,10,55
23/04/2020,SUMATERA UTARA,2,1,0,1,88,21,11,56
24/04/2020,SUMATERA UTARA,1,0,0,1,89,21,11,57
25/04/2020,SUMATERA UTARA,9,1,0,8,98,21,12,65
26/04/2020,SUMATERA UTARA,6,0,7,-1,104,28,12,64
27/04/2020,SUMATERA UTARA,0,0,7,-7,104,35,12,57
28/04/2020,SUMATERA UTARA,0,1,0,-1,104,35,13,56
29/04/2020,SUMATERA UTARA,3,0,5,-2,107,40,13,54
30/04/2020,SUMATERA UTARA,3,1,1,1,110,41,14,55
01/05/2020,SUMATERA UTARA,0,0,0,0,110,41,14,55
02/05/2020,SUMATERA UTARA,0,0,0,0,110,41,14,55
03/05/2020,SUMATERA UTARA,6,0,0,6,116,41,14,61
04/05/2020,SUMATERA UTARA,6,0,0,6,122,41,14,67
05/05/2020,SUMATERA UTARA,1,0,2,-1,123,43,14,66
06/05/2020,SUMATERA UTARA,11,5,0,6,134,43,19,72
07/05/2020,SUMATERA UTARA,1,0,5,-4,135,48,19,68
08/05/2020,SUMATERA UTARA,15,0,0,15,150,48,19,83
09/05/2020,SUMATERA UTARA,22,5,0,17,172,48,24,100
10/05/2020,SUMATERA UTARA,0,0,0,0,172,48,24,100
11/05/2020,SUMATERA UTARA,17,3,0,14,189,48,27,114
12/05/2020,SUMATERA UTARA,2,0,5,-3,191,53,27,111
13/05/2020,SUMATERA UTARA,2,0,0,2,193,53,27,113
14/05/2020,SUMATERA UTARA,2,0,0,2,195,53,27,115
15/05/2020,SUMATERA UTARA,0,0,0,0,195,53,27,115
16/05/2020,SUMATERA UTARA,0,0,0,0,195,53,27,115
17/05/2020,SUMATERA UTARA,16,2,5,9,211,58,29,124
18/05/2020,SUMATERA UTARA,7,1,0,6,218,58,30,130
19/05/2020,SUMATERA UTARA,10,1,0,9,228,58,31,139
20/05/2020,SUMATERA UTARA,15,2,16,-3,243,74,33,136
21/05/2020,SUMATERA UTARA,23,1,0,22,266,74,34,158
22/05/2020,SUMATERA UTARA,12,1,28,-17,278,102,35,141
23/05/2020,SUMATERA UTARA,9,0,0,9,287,102,35,150
24/05/2020,SUMATERA UTARA,17,1,7,9,304,109,36,159
25/05/2020,SUMATERA UTARA,4,0,5,-1,308,114,36,158
26/05/2020,SUMATERA UTARA,0,0,0,0,308,114,36,158
27/05/2020,SUMATERA UTARA,17,1,2,14,325,116,37,172
28/05/2020,SUMATERA UTARA,30,1,2,27,355,118,38,199
29/05/2020,SUMATERA UTARA,38,0,0,38,393,118,38,237
30/05/2020,SUMATERA UTARA,6,4,5,-3,399,123,42,234
31/05/2020,SUMATERA UTARA,3,0,23,-20,402,146,42,214
01/06/2020,SUMATERA UTARA,8,0,3,5,410,149,42,219
02/06/2020,SUMATERA UTARA,1,0,2,-1,411,151,42,218
03/06/2020,SUMATERA UTARA,26,2,9,15,437,160,44,233
04/06/2020,SUMATERA UTARA,44,1,7,36,481,167,45,269
05/06/2020,SUMATERA UTARA,48,1,5,42,529,172,46,311
06/06/2020,SUMATERA UTARA,67,0,7,60,596,179,46,371
07/06/2020,SUMATERA UTARA,0,0,0,0,596,179,46,371
08/06/2020,SUMATERA UTARA,2,2,10,-10,598,189,48,361
09/06/2020,SUMATERA UTARA,12,4,0,8,610,189,52,369
10/06/2020,SUMATERA UTARA,18,1,4,13,628,193,53,382
11/06/2020,SUMATERA UTARA,45,3,12,30,673,205,56,412
12/06/2020,SUMATERA UTARA,83,1,0,82,756,205,57,494
13/06/2020,SUMATERA UTARA,98,2,0,96,854,205,59,590
14/06/2020,SUMATERA UTARA,8,0,7,1,862,212,59,591
15/06/2020,SUMATERA UTARA,63,5,4,54,925,216,64,645
16/06/2020,SUMATERA UTARA,25,2,6,17,950,222,66,662
17/06/2020,SUMATERA UTARA,13,0,5,8,963,227,66,670
18/06/2020,SUMATERA UTARA,23,0,7,16,986,234,66,686
19/06/2020,SUMATERA UTARA,31,0,16,15,1017,250,66,701
20/06/2020,SUMATERA UTARA,58,2,5,51,1075,255,68,752
21/06/2020,SUMATERA UTARA,13,2,4,7,1088,259,70,759
22/06/2020,SUMATERA UTARA,20,3,4,13,1108,263,73,772
23/06/2020,SUMATERA UTARA,116,3,3,110,1224,266,76,882
24/06/2020,SUMATERA UTARA,54,3,8,43,1278,274,79,925
25/06/2020,SUMATERA UTARA,69,3,18,48,1347,292,82,973
26/06/2020,SUMATERA UTARA,14,4,64,-54,1361,356,86,919
27/06/2020,SUMATERA UTARA,75,5,18,52,1436,374,91,971
28/06/2020,SUMATERA UTARA,22,0,10,12,1458,384,91,983
29/06/2020,SUMATERA UTARA,12,0,18,-6,1470,402,91,977
30/06/2020,SUMATERA UTARA,72,1,5,66,1542,407,92,1043
01/07/2020,SUMATERA UTARA,50,5,13,32,1592,420,97,1075
02/07/2020,SUMATERA UTARA,89,2,6,81,1681,426,99,1156
03/07/2020,SUMATERA UTARA,33,1,13,19,1714,439,100,1175
04/07/2020,SUMATERA UTARA,44,3,21,20,1758,460,103,1195
05/07/2020,SUMATERA UTARA,12,0,19,-7,1770,479,103,1188
06/07/2020,SUMATERA UTARA,19,4,7,8,1789,486,107,1196
07/07/2020,SUMATERA UTARA,24,1,9,14,1813,495,108,1210
08/07/2020,SUMATERA UTARA,155,1,10,144,1968,505,109,1354
09/07/2020,SUMATERA UTARA,109,5,12,92,2077,517,114,1446
10/07/2020,SUMATERA UTARA,108,1,12,95,2185,529,115,1541
11/07/2020,SUMATERA UTARA,88,4,16,68,2273,545,119,1609
12/07/2020,SUMATERA UTARA,39,4,22,13,2312,567,123,1622
13/07/2020,SUMATERA UTARA,46,2,13,31,2358,580,125,1653
14/07/2020,SUMATERA UTARA,130,5,20,105,2488,600,130,1758
15/07/2020,SUMATERA UTARA,96,0,8,88,2584,608,130,1846
16/07/2020,SUMATERA UTARA,98,5,29,64,2682,637,135,1910
17/07/2020,SUMATERA UTARA,83,7,21,55,2765,658,142,1965
18/07/2020,SUMATERA UTARA,149,3,39,107,2914,697,145,2072
19/07/2020,SUMATERA UTARA,14,1,25,-12,2928,722,146,2060
20/07/2020,SUMATERA UTARA,15,3,49,-37,2943,771,149,2023
21/07/2020,SUMATERA UTARA,42,4,30,8,2985,801,153,2031
22/07/2020,SUMATERA UTARA,166,7,26,133,3151,827,160,2164
23/07/2020,SUMATERA UTARA,104,8,16,80,3255,843,168,2244
24/07/2020,SUMATERA UTARA,56,3,33,20,3311,876,171,2264
25/07/2020,SUMATERA UTARA,52,3,24,25,3363,900,174,2289
26/07/2020,SUMATERA UTARA,20,4,19,-3,3383,919,178,2286
27/07/2020,SUMATERA UTARA,48,1,13,34,3431,932,179,2320
28/07/2020,SUMATERA UTARA,80,1,18,61,3511,950,180,2381
29/07/2020,SUMATERA UTARA,241,3,30,208,3752,980,183,2589
30/07/2020,SUMATERA UTARA,68,4,268,-204,3820,1248,187,2385
31/07/2020,SUMATERA UTARA,104,5,106,-7,3924,1354,192,2378
01/08/2020,SUMATERA UTARA,31,1,131,-101,3955,1485,193,2277
02/08/2020,SUMATERA UTARA,174,8,129,37,4129,1614,201,2314
03/08/2020,SUMATERA UTARA,57,2,39,16,4186,1653,203,2330
04/08/2020,SUMATERA UTARA,68,6,64,-2,4254,1717,209,2328
05/08/2020,SUMATERA UTARA,130,2,74,54,4384,1791,211,2382
06/08/2020,SUMATERA UTARA,86,1,69,16,4470,1860,212,2398
07/08/2020,SUMATERA UTARA,216,9,52,155,4686,1912,221,2553
08/08/2020,SUMATERA UTARA,101,1,124,-24,4787,2036,222,2529
09/08/2020,SUMATERA UTARA,25,2,35,-12,4812,2071,224,2517
10/08/2020,SUMATERA UTARA,129,1,27,101,4941,2098,225,2618
11/08/2020,SUMATERA UTARA,207,4,40,163,5148,2138,229,2781
12/08/2020,SUMATERA UTARA,109,2,51,56,5257,2189,231,2837
13/08/2020,SUMATERA UTARA,94,5,148,-59,5351,2337,236,2778
14/08/2020,SUMATERA UTARA,69,4,101,-36,5420,2438,240,2742
15/08/2020,SUMATERA UTARA,195,3,73,119,5615,2511,243,2861
16/08/2020,SUMATERA UTARA,51,2,102,-53,5666,2613,245,2808
17/08/2020,SUMATERA UTARA,17,3,46,-32,5683,2659,248,2776
18/08/2020,SUMATERA UTARA,130,8,81,41,5813,2740,256,2817
19/08/2020,SUMATERA UTARA,78,3,94,-19,5891,2834,259,2798
20/08/2020,SUMATERA UTARA,59,9,80,-30,5950,2914,268,2768
21/08/2020,SUMATERA UTARA,21,2,70,-51,5971,2984,270,2717
22/08/2020,SUMATERA UTARA,73,6,80,-13,6044,3064,276,2704
23/08/2020,SUMATERA UTARA,78,3,75,0,6122,3139,279,2704
24/08/2020,SUMATERA UTARA,37,6,65,-34,6159,3204,285,2670
25/08/2020,SUMATERA UTARA,134,2,107,25,6293,3311,287,2695
26/08/2020,SUMATERA UTARA,137,2,129,6,6430,3440,289,2701
27/08/2020,SUMATERA UTARA,104,6,117,-19,6534,3557,295,2682
28/08/2020,SUMATERA UTARA,86,7,133,-54,6620,3690,302,2628
29/08/2020,SUMATERA UTARA,103,6,112,-15,6723,3802,308,2613
30/08/2020,SUMATERA UTARA,39,3,102,-66,6762,3904,311,2547
31/08/2020,SUMATERA UTARA,58,3,60,-5,6820,3964,314,2542
01/09/2020,SUMATERA UTARA,115,4,99,12,6935,4063,318,2554
02/09/2020,SUMATERA UTARA,182,2,105,75,7117,4168,320,2629
03/09/2020,SUMATERA UTARA,141,3,111,27,7258,4279,323,2656
04/09/2020,SUMATERA UTARA,125,4,55,66,7383,4334,327,2722
05/09/2020,SUMATERA UTARA,162,6,114,42,7545,4448,333,2764
06/09/2020,SUMATERA UTARA,81,2,103,-24,7626,4551,335,2740
07/09/2020,SUMATERA UTARA,92,4,93,-5,7718,4644,339,2735
08/09/2020,SUMATERA UTARA,107,3,86,18,7825,4730,342,2753
09/09/2020,SUMATERA UTARA,132,1,91,40,7957,4821,343,2793
10/09/2020,SUMATERA UTARA,146,3,61,82,8103,4882,346,2875
11/09/2020,SUMATERA UTARA,131,3,75,53,8234,4957,349,2928
12/09/2020,SUMATERA UTARA,121,6,83,32,8355,5040,355,2960
13/09/2020,SUMATERA UTARA,103,0,64,39,8458,5104,355,2999
14/09/2020,SUMATERA UTARA,94,6,57,31,8552,5161,361,3030
15/09/2020,SUMATERA UTARA,249,6,90,153,8801,5251,367,3183
16/09/2020,SUMATERA UTARA,126,4,66,56,8927,5317,371,3239
17/09/2020,SUMATERA UTARA,117,8,71,38,9044,5388,379,3277
18/09/2020,SUMATERA UTARA,125,10,71,44,9169,5459,389,3321
19/09/2020,SUMATERA UTARA,97,5,76,16,9266,5535,394,3337
20/09/2020,SUMATERA UTARA,95,5,94,-4,9361,5629,399,3333
21/09/2020,SUMATERA UTARA,100,2,77,21,9461,5706,401,3354
22/09/2020,SUMATERA UTARA,98,1,44,53,9559,5750,402,3407
23/09/2020,SUMATERA UTARA,87,5,115,-33,9646,5865,407,3374
24/09/2020,SUMATERA UTARA,96,3,139,-46,9742,6004,410,3328
25/09/2020,SUMATERA UTARA,94,5,100,-11,9836,6104,415,3317
26/09/2020,SUMATERA UTARA,98,2,153,-57,9934,6257,417,3260
27/09/2020,SUMATERA UTARA,97,3,180,-86,10031,6437,420,3174
28/09/2020,SUMATERA UTARA,85,4,194,-113,10116,6631,424,3061
29/09/2020,SUMATERA UTARA,88,2,172,-86,10204,6803,426,2975
30/09/2020,SUMATERA UTARA,102,4,170,-72,10306,6973,430,2903
01/10/2020,SUMATERA UTARA,111,4,153,-46,10417,7126,434,2857
02/10/2020,SUMATERA UTARA,89,2,180,-93,10506,7306,436,2764
03/10/2020,SUMATERA UTARA,86,2,129,-45,10592,7435,438,2719
04/10/2020,SUMATERA UTARA,83,5,110,-32,10675,7545,443,2687
05/10/2020,SUMATERA UTARA,89,3,121,-35,10764,7666,446,2652
06/10/2020,SUMATERA UTARA,98,2,204,-108,10862,7870,448,2544
07/10/2020,SUMATERA UTARA,96,5,178,-87,10958,8048,453,2457
08/10/2020,SUMATERA UTARA,99,7,189,-97,11057,8237,460,2360
09/10/2020,SUMATERA UTARA,95,2,163,-70,11152,8400,462,2290
10/10/2020,SUMATERA UTARA,88,0,149,-61,11240,8549,462,2229
11/10/2020,SUMATERA UTARA,85,6,158,-79,11325,8707,468,2150
12/10/2020,SUMATERA UTARA,87,5,174,-92,11412,8881,473,2058
13/10/2020,SUMATERA UTARA,89,7,134,-52,11501,9015,480,2006
14/10/2020,SUMATERA UTARA,88,5,161,-78,11589,9176,485,1928
15/10/2020,SUMATERA UTARA,90,4,110,-24,11679,9286,489,1904
16/10/2020,SUMATERA UTARA,89,3,111,-25,11768,9397,492,1879
17/10/2020,SUMATERA UTARA,86,5,100,-19,11854,9497,497,1860
18/10/2020,SUMATERA UTARA,83,2,106,-25,11937,9603,499,1835
19/10/2020,SUMATERA UTARA,91,4,118,-31,12028,9721,503,1804
20/10/2020,SUMATERA UTARA,90,4,93,-7,12118,9814,507,1797
21/10/2020,SUMATERA UTARA,87,3,80,4,12205,9894,510,1801
22/10/2020,SUMATERA UTARA,83,3,84,-4,12288,9978,513,1797
23/10/2020,SUMATERA UTARA,91,2,72,17,12379,10050,515,1814
24/10/2020,SUMATERA UTARA,84,0,78,6,12463,10128,515,1820
25/10/2020,SUMATERA UTARA,90,2,75,13,12553,10203,517,1833
26/10/2020,SUMATERA UTARA,93,7,85,1,12646,10288,524,1834
27/10/2020,SUMATERA UTARA,90,1,92,-3,12736,10380,525,1831
28/10/2020,SUMATERA UTARA,92,2,88,2,12828,10468,527,1833
29/10/2020,SUMATERA UTARA,83,3,82,-2,12911,10550,530,1831
30/10/2020,SUMATERA UTARA,89,1,74,14,13000,10624,531,1845
31/10/2020,SUMATERA UTARA,93,4,90,-1,13093,10714,535,1844
01/11/2020,SUMATERA UTARA,91,2,72,17,13184,10786,537,1861
02/11/2020,SUMATERA UTARA,79,6,69,4,13263,10855,543,1865
03/11/2020,SUMATERA UTARA,78,4,72,2,13341,10927,547,1867
04/11/2020,SUMATERA UTARA,79,6,75,-2,13420,11002,553,1865
05/11/2020,SUMATERA UTARA,77,4,63,10,13497,11065,557,1875
06/11/2020,SUMATERA UTARA,78,4,60,14,13575,11125,561,1889
07/11/2020,SUMATERA UTARA,76,2,63,11,13651,11188,563,1900
08/11/2020,SUMATERA UTARA,78,2,58,18,13729,11246,565,1918
09/11/2020,SUMATERA UTARA,75,2,64,9,13804,11310,567,1927
10/11/2020,SUMATERA UTARA,72,3,66,3,13876,11376,570,1930
11/11/2020,SUMATERA UTARA,80,1,60,19,13956,11436,571,1949
12/11/2020,SUMATERA UTARA,79,2,77,0,14035,11513,573,1949
13/11/2020,SUMATERA UTARA,88,5,63,20,14123,11576,578,1969
14/11/2020,SUMATERA UTARA,77,1,59,17,14200,11635,579,1986
15/11/2020,SUMATERA UTARA,85,0,67,18,14285,11702,579,2004
16/11/2020,SUMATERA UTARA,118,4,106,8,14403,11808,583,2012
17/11/2020,SUMATERA UTARA,101,1,105,-5,14504,11913,584,2007
18/11/2020,SUMATERA UTARA,85,2,72,11,14589,11985,586,2018
19/11/2020,SUMATERA UTARA,79,2,77,0,14668,12062,588,2018
20/11/2020,SUMATERA UTARA,79,1,71,7,14747,12133,589,2025
21/11/2020,SUMATERA UTARA,76,3,77,-4,14823,12210,592,2021
22/11/2020,SUMATERA UTARA,74,3,69,2,14897,12279,595,2023
23/11/2020,SUMATERA UTARA,84,0,81,3,14981,12360,595,2026
24/11/2020,SUMATERA UTARA,81,2,77,2,15062,12437,597,2028
25/11/2020,SUMATERA UTARA,84,3,81,0,15146,12518,600,2028
26/11/2020,SUMATERA UTARA,82,0,75,7,15228,12593,600,2035
27/11/2020,SUMATERA UTARA,92,4,87,1,15320,12680,604,2036
28/11/2020,SUMATERA UTARA,93,5,91,-3,15413,12771,609,2033
29/11/2020,SUMATERA UTARA,88,3,78,7,15501,12849,612,2040
30/11/2020,SUMATERA UTARA,77,3,69,5,15578,12918,615,2045
01/12/2020,SUMATERA UTARA,86,2,83,1,15664,13001,617,2046
02/12/2020,SUMATERA UTARA,88,2,77,9,15752,13078,619,2055
03/12/2020,SUMATERA UTARA,86,4,80,2,15838,13158,623,2057
04/12/2020,SUMATERA UTARA,79,2,81,-4,15917,13239,625,2053
05/12/2020,SUMATERA UTARA,78,1,77,0,15995,13316,626,2053
06/12/2020,SUMATERA UTARA,87,3,83,1,16082,13399,629,2054
07/12/2020,SUMATERA UTARA,85,3,80,2,16167,13479,632,2056
08/12/2020,SUMATERA UTARA,87,1,81,5,16254,13560,633,2061
09/12/2020,SUMATERA UTARA,80,1,74,5,16334,13634,634,2066
10/12/2020,SUMATERA UTARA,83,3,81,-1,16417,13715,637,2065
11/12/2020,SUMATERA UTARA,82,2,76,4,16499,13791,639,2069
12/12/2020,SUMATERA UTARA,87,1,81,5,16586,13872,640,2074
13/12/2020,SUMATERA UTARA,89,0,83,6,16675,13955,640,2080
14/12/2020,SUMATERA UTARA,87,4,82,1,16762,14037,644,2081
15/12/2020,SUMATERA UTARA,74,1,75,-2,16836,14112,645,2079
16/12/2020,SUMATERA UTARA,79,0,78,1,16915,14190,645,2080
17/12/2020,SUMATERA UTARA,84,1,80,3,16999,14270,646,2083
18/12/2020,SUMATERA UTARA,89,1,75,13,17088,14345,647,2096
19/12/2020,SUMATERA UTARA,86,2,81,3,17174,14426,649,2099
20/12/2020,SUMATERA UTARA,82,4,83,-5,17256,14509,653,2094
21/12/2020,SUMATERA UTARA,90,2,84,4,17346,14593,655,2098
22/12/2020,SUMATERA UTARA,73,5,76,-8,17419,14669,660,2090
23/12/2020,SUMATERA UTARA,76,4,87,-15,17495,14756,664,2075
24/12/2020,SUMATERA UTARA,80,5,81,-6,17575,14837,669,2069
25/12/2020,SUMATERA UTARA,75,1,79,-5,17650,14916,670,2064
26/12/2020,SUMATERA UTARA,75,0,74,1,17725,14990,670,2065
27/12/2020,SUMATERA UTARA,78,2,80,-4,17803,15070,672,2061
28/12/2020,SUMATERA UTARA,82,2,83,-3,17885,15153,674,2058
29/12/2020,SUMATERA UTARA,85,1,82,2,17970,15235,675,2060
30/12/2020,SUMATERA UTARA,89,4,84,1,18059,15319,679,2061
31/12/2020,SUMATERA UTARA,83,0,82,1,18142,15401,679,2062
01/01/2021,SUMATERA UTARA,84,2,89,-7,18226,15490,681,2055
02/01/2021,SUMATERA UTARA,86,2,82,2,18312,15572,683,2057
03/01/2021,SUMATERA UTARA,89,0,84,5,18401,15656,683,2062
04/01/2021,SUMATERA UTARA,92,1,88,3,18493,15744,684,2065
05/01/2021,SUMATERA UTARA,86,2,83,1,18579,15827,686,2066
06/01/2021,SUMATERA UTARA,87,3,89,-5,18666,15916,689,2061
07/01/2021,SUMATERA UTARA,83,2,84,-3,18749,16000,691,2058
08/01/2021,SUMATERA UTARA,92,4,80,8,18841,16080,695,2066
09/01/2021,SUMATERA UTARA,89,1,91,-3,18930,16171,696,2063
10/01/2021,SUMATERA UTARA,90,1,86,3,19020,16257,697,2066
11/01/2021,SUMATERA UTARA,95,3,89,3,19115,16346,700,2069
12/01/2021,SUMATERA UTARA,90,1,95,-6,19205,16441,701,2063
13/01/2021,SUMATERA UTARA,96,4,91,1,19301,16532,705,2064
14/01/2021,SUMATERA UTARA,89,2,93,-6,19390,16625,707,2058
15/01/2021,SUMATERA UTARA,98,0,83,15,19488,16708,707,2073
16/01/2021,SUMATERA UTARA,74,1,83,-10,19562,16791,708,2063
17/01/2021,SUMATERA UTARA,78,3,89,-14,19640,16880,711,2049
18/01/2021,SUMATERA UTARA,74,4,85,-15,19714,16965,715,2034
19/01/2021,SUMATERA UTARA,78,1,86,-9,19792,17051,716,2025
20/01/2021,SUMATERA UTARA,80,2,90,-12,19872,17141,718,2013
21/01/2021,SUMATERA UTARA,83,1,80,2,19955,17221,719,2015
22/01/2021,SUMATERA UTARA,84,4,86,-6,20039,17307,723,2009
23/01/2021,SUMATERA UTARA,87,1,83,3,20126,17390,724,2012
24/01/2021,SUMATERA UTARA,88,2,81,5,20214,17471,726,2017
25/01/2021,SUMATERA UTARA,92,4,85,3,20306,17556,730,2020
26/01/2021,SUMATERA UTARA,90,2,89,-1,20396,17645,732,2019
27/01/2021,SUMATERA UTARA,93,3,90,0,20489,17735,735,2019
28/01/2021,SUMATERA UTARA,95,3,81,11,20584,17816,738,2030
29/01/2021,SUMATERA UTARA,91,2,89,0,20675,17905,740,2030
30/01/2021,SUMATERA UTARA,92,2,80,10,20767,17985,742,2040
31/01/2021,SUMATERA UTARA,91,1,88,2,20858,18073,743,2042
01/02/2021,SUMATERA UTARA,97,2,92,3,20955,18165,745,2045
02/02/2021,SUMATERA UTARA,136,3,101,32,21091,18266,748,2077
03/02/2021,SUMATERA UTARA,135,5,104,26,21226,18370,753,2103
04/02/2021,SUMATERA UTARA,126,3,112,11,21352,18482,756,2114
05/02/2021,SUMATERA UTARA,115,4,109,2,21467,18591,760,2116
06/02/2021,SUMATERA UTARA,99,2,107,-10,21566,18698,762,2106
07/02/2021,SUMATERA UTARA,169,0,140,29,21735,18838,762,2135
08/02/2021,SUMATERA UTARA,146,3,121,22,21881,18959,765,2157
09/02/2021,SUMATERA UTARA,174,2,138,34,22055,19097,767,2191
10/02/2021,SUMATERA UTARA,224,4,104,116,22279,19201,771,2307
11/02/2021,SUMATERA UTARA,131,2,113,16,22410,19314,773,2323
12/02/2021,SUMATERA UTARA,168,4,104,60,22578,19418,777,2383
13/02/2021,SUMATERA UTARA,154,0,105,49,22732,19523,777,2432
14/02/2021,SUMATERA UTARA,126,4,107,15,22858,19630,781,2447
15/02/2021,SUMATERA UTARA,134,4,117,13,22992,19747,785,2460
16/02/2021,SUMATERA UTARA,109,3,77,29,23101,19824,788,2489
17/02/2021,SUMATERA UTARA,128,5,175,-52,23229,19999,793,2437
18/02/2021,SUMATERA UTARA,99,5,147,-53,23328,20146,798,2384
19/02/2021,SUMATERA UTARA,127,5,116,6,23455,20262,803,2390
20/02/2021,SUMATERA UTARA,99,2,117,-20,23554,20379,805,2370
21/02/2021,SUMATERA UTARA,97,3,98,-4,23651,20477,808,2366
22/02/2021,SUMATERA UTARA,97,5,106,-14,23748,20583,813,2352
23/02/2021,SUMATERA UTARA,139,6,107,26,23887,20690,819,2378
24/02/2021,SUMATERA UTARA,122,1,100,21,24009,20790,820,2399
25/02/2021,SUMATERA UTARA,153,4,107,42,24162,20897,824,2441
26/02/2021,SUMATERA UTARA,130,5,116,9,24292,21013,829,2450
27/02/2021,SUMATERA UTARA,119,3,118,-2,24411,21131,832,2448
28/02/2021,SUMATERA UTARA,110,5,106,-1,24521,21237,837,2447
01/03/2021,SUMATERA UTARA,138,1,100,37,24659,21337,838,2484
02/03/2021,SUMATERA UTARA,129,3,108,18,24788,21445,841,2502
03/03/2021,SUMATERA UTARA,134,4,119,11,24922,21564,845,2513
04/03/2021,SUMATERA UTARA,136,2,116,18,25058,21680,847,2531
05/03/2021,SUMATERA UTARA,99,4,128,-33,25157,21808,851,2498
06/03/2021,SUMATERA UTARA,87,3,90,-6,25244,21898,854,2492
07/03/2021,SUMATERA UTARA,78,2,88,-12,25322,21986,856,2480
08/03/2021,SUMATERA UTARA,94,3,97,-6,25416,22083,859,2474
09/03/2021,SUMATERA UTARA,98,6,91,1,25514,22174,865,2475
10/03/2021,SUMATERA UTARA,90,0,86,4,25604,22260,865,2479
11/03/2021,SUMATERA UTARA,92,2,93,-3,25696,22353,867,2476
12/03/2021,SUMATERA UTARA,83,4,79,0,25779,22432,871,2476
13/03/2021,SUMATERA UTARA,91,2,86,3,25870,22518,873,2479
14/03/2021,SUMATERA UTARA,88,3,90,-5,25958,22608,876,2474
15/03/2021,SUMATERA UTARA,102,5,92,5,26060,22700,881,2479
16/03/2021,SUMATERA UTARA,79,2,85,-8,26139,22785,883,2471
17/03/2021,SUMATERA UTARA,88,5,92,-9,26227,22877,888,2462
18/03/2021,SUMATERA UTARA,87,1,86,0,26314,22963,889,2462
19/03/2021,SUMATERA UTARA,85,2,98,-15,26399,23061,891,2447
20/03/2021,SUMATERA UTARA,86,3,83,0,26485,23144,894,2447
21/03/2021,SUMATERA UTARA,53,3,60,-10,26538,23204,897,2437
22/03/2021,SUMATERA UTARA,85,2,81,2,26623,23285,899,2439
23/03/2021,SUMATERA UTARA,97,0,71,26,26720,23356,899,2465
24/03/2021,SUMATERA UTARA,91,1,74,16,26811,23430,900,2481
25/03/2021,SUMATERA UTARA,74,0,95,-21,26885,23525,900,2460
26/03/2021,SUMATERA UTARA,79,1,80,-2,26964,23605,901,2458
27/03/2021,SUMATERA UTARA,80,3,76,1,27044,23681,904,2459
28/03/2021,SUMATERA UTARA,69,2,86,-19,27113,23767,906,2440
29/03/2021,SUMATERA UTARA,74,1,78,-5,27187,23845,907,2435
30/03/2021,SUMATERA UTARA,69,2,73,-6,27256,23918,909,2429
31/03/2021,SUMATERA UTARA,95,3,90,2,27351,24008,912,2431
01/04/2021,SUMATERA UTARA,65,2,74,-11,27416,24082,914,2420
02/04/2021,SUMATERA UTARA,61,1,81,-21,27477,24163,915,2399
03/04/2021,SUMATERA UTARA,64,3,78,-17,27541,24241,918,2382
04/04/2021,SUMATERA UTARA,73,1,82,-10,27614,24323,919,2372
05/04/2021,SUMATERA UTARA,74,0,75,-1,27688,24398,919,2371
06/04/2021,SUMATERA UTARA,77,5,74,-2,27765,24472,924,2369
07/04/2021,SUMATERA UTARA,76,1,96,-21,27841,24568,925,2348
08/04/2021,SUMATERA UTARA,71,2,81,-12,27912,24649,927,2336
09/04/2021,SUMATERA UTARA,79,1,77,1,27991,24726,928,2337
10/04/2021,SUMATERA UTARA,78,2,84,-8,28069,24810,930,2329
11/04/2021,SUMATERA UTARA,75,2,73,0,28144,24883,932,2329
12/04/2021,SUMATERA UTARA,69,3,76,-10,28213,24959,935,2319
13/04/2021,SUMATERA UTARA,67,2,70,-5,28280,25029,937,2314
14/04/2021,SUMATERA UTARA,60,3,71,-14,28340,25100,940,2300
15/04/2021,SUMATERA UTARA,68,1,75,-8,28408,25175,941,2292
16/04/2021,SUMATERA UTARA,66,3,68,-5,28474,25243,944,2287
17/04/2021,SUMATERA UTARA,63,1,74,-12,28537,25317,945,2275
18/04/2021,SUMATERA UTARA,61,1,69,-9,28598,25386,946,2266
16/03/2020,DAERAH ISTIMEWA YOGYAKARTA,1,0,0,1,1,0,0,1
17/03/2020,DAERAH ISTIMEWA YOGYAKARTA,0,0,0,0,1,0,0,1
18/03/2020,DAERAH ISTIMEWA YOGYAKARTA,0,0,0,0,1,0,0,1
19/03/2020,DAERAH ISTIMEWA YOGYAKARTA,0,0,0,0,1,0,0,1
20/03/2020,DAERAH ISTIMEWA YOGYAKARTA,0,0,1,-1,1,1,0,0
21/03/2020,DAERAH ISTIMEWA YOGYAKARTA,0,0,0,0,1,1,0,0
22/03/2020,DAERAH ISTIMEWA YOGYAKARTA,0,0,0,0,1,1,0,0
23/03/2020,DAERAH ISTIMEWA YOGYAKARTA,0,1,0,-1,1,1,1,-1
24/03/2020,DAERAH ISTIMEWA YOGYAKARTA,0,0,0,0,1,1,1,-1
25/03/2020,DAERAH ISTIMEWA YOGYAKARTA,0,1,0,-1,1,1,2,-2
26/03/2020,DAERAH ISTIMEWA YOGYAKARTA,0,0,0,0,1,1,2,-2
27/03/2020,DAERAH ISTIMEWA YOGYAKARTA,1,0,0,1,2,1,2,-1
28/03/2020,DAERAH ISTIMEWA YOGYAKARTA,0,0,0,0,2,1,2,-1
29/03/2020,DAERAH ISTIMEWA YOGYAKARTA,0,0,0,0,2,1,2,-1
30/03/2020,DAERAH ISTIMEWA YOGYAKARTA,1,0,1,0,3,2,2,-1
31/03/2020,DAERAH ISTIMEWA YOGYAKARTA,5,0,0,5,8,2,2,4
01/04/2020,DAERAH ISTIMEWA YOGYAKARTA,5,0,1,4,13,3,2,8
02/04/2020,DAERAH ISTIMEWA YOGYAKARTA,0,1,0,-1,13,3,3,7
03/04/2020,DAERAH ISTIMEWA YOGYAKARTA,0,0,0,0,13,3,3,7
04/04/2020,DAERAH ISTIMEWA YOGYAKARTA,5,0,0,5,18,3,3,12
05/04/2020,DAERAH ISTIMEWA YOGYAKARTA,1,0,0,1,19,3,3,13
06/04/2020,DAERAH ISTIMEWA YOGYAKARTA,3,0,1,2,22,4,3,15
07/04/2020,DAERAH ISTIMEWA YOGYAKARTA,1,0,0,1,23,4,3,16
08/04/2020,DAERAH ISTIMEWA YOGYAKARTA,0,3,3,-6,23,7,6,10
09/04/2020,DAERAH ISTIMEWA YOGYAKARTA,2,0,3,-1,25,10,6,9
10/04/2020,DAERAH ISTIMEWA YOGYAKARTA,0,0,3,-3,25,13,6,6
11/04/2020,DAERAH ISTIMEWA YOGYAKARTA,0,0,0,0,25,13,6,6
12/04/2020,DAERAH ISTIMEWA YOGYAKARTA,0,0,5,-5,25,18,6,1
13/04/2020,DAERAH ISTIMEWA YOGYAKARTA,16,0,0,16,41,18,6,17
14/04/2020,DAERAH ISTIMEWA YOGYAKARTA,5,0,4,1,46,22,6,18
15/04/2020,DAERAH ISTIMEWA YOGYAKARTA,1,0,0,1,47,22,6,19
16/04/2020,DAERAH ISTIMEWA YOGYAKARTA,1,0,0,1,48,22,6,20
17/04/2020,DAERAH ISTIMEWA YOGYAKARTA,1,1,3,-3,49,25,7,17
18/04/2020,DAERAH ISTIMEWA YOGYAKARTA,3,0,2,1,52,27,7,18
19/04/2020,DAERAH ISTIMEWA YOGYAKARTA,0,0,1,-1,52,28,7,17
20/04/2020,DAERAH ISTIMEWA YOGYAKARTA,2,0,0,2,54,28,7,19
21/04/2020,DAERAH ISTIMEWA YOGYAKARTA,3,0,3,0,57,31,7,19
22/04/2020,DAERAH ISTIMEWA YOGYAKARTA,3,0,5,-2,60,36,7,17
23/04/2020,DAERAH ISTIMEWA YOGYAKARTA,1,0,1,0,61,37,7,17
24/04/2020,DAERAH ISTIMEWA YOGYAKARTA,1,0,0,1,62,37,7,18
25/04/2020,DAERAH ISTIMEWA YOGYAKARTA,2,0,0,2,64,37,7,20
26/04/2020,DAERAH ISTIMEWA YOGYAKARTA,3,0,0,3,67,37,7,23
27/04/2020,DAERAH ISTIMEWA YOGYAKARTA,1,0,2,-1,68,39,7,22
28/04/2020,DAERAH ISTIMEWA YOGYAKARTA,10,0,1,9,78,40,7,31
29/04/2020,DAERAH ISTIMEWA YOGYAKARTA,1,0,3,-2,79,43,7,29
30/04/2020,DAERAH ISTIMEWA YOGYAKARTA,1,0,0,1,80,43,7,30
01/05/2020,DAERAH ISTIMEWA YOGYAKARTA,9,0,5,4,89,48,7,34
02/05/2020,DAERAH ISTIMEWA YOGYAKARTA,10,0,0,10,99,48,7,44
03/05/2020,DAERAH ISTIMEWA YOGYAKARTA,1,0,0,1,100,48,7,45
04/05/2020,DAERAH ISTIMEWA YOGYAKARTA,0,0,4,-4,100,52,7,41
05/05/2020,DAERAH ISTIMEWA YOGYAKARTA,6,0,1,5,106,53,7,46
06/05/2020,DAERAH ISTIMEWA YOGYAKARTA,1,0,5,-4,107,58,7,42
07/05/2020,DAERAH ISTIMEWA YOGYAKARTA,15,0,1,14,122,59,7,56
08/05/2020,DAERAH ISTIMEWA YOGYAKARTA,6,0,0,6,128,59,7,62
09/05/2020,DAERAH ISTIMEWA YOGYAKARTA,3,0,2,1,131,61,7,63
10/05/2020,DAERAH ISTIMEWA YOGYAKARTA,7,0,0,7,138,61,7,70
11/05/2020,DAERAH ISTIMEWA YOGYAKARTA,6,1,6,-1,144,67,8,69
12/05/2020,DAERAH ISTIMEWA YOGYAKARTA,10,0,0,10,154,67,8,79
13/05/2020,DAERAH ISTIMEWA YOGYAKARTA,12,0,1,11,166,68,8,90
14/05/2020,DAERAH ISTIMEWA YOGYAKARTA,4,0,7,-3,170,75,8,87
15/05/2020,DAERAH ISTIMEWA YOGYAKARTA,3,0,12,-9,173,87,8,78
16/05/2020,DAERAH ISTIMEWA YOGYAKARTA,6,0,1,5,179,88,8,83
17/05/2020,DAERAH ISTIMEWA YOGYAKARTA,5,0,3,2,184,91,8,85
18/05/2020,DAERAH ISTIMEWA YOGYAKARTA,1,0,3,-2,185,94,8,83
19/05/2020,DAERAH ISTIMEWA YOGYAKARTA,7,0,12,-5,192,106,8,78
20/05/2020,DAERAH ISTIMEWA YOGYAKARTA,2,0,8,-6,194,114,8,72
21/05/2020,DAERAH ISTIMEWA YOGYAKARTA,6,0,7,-1,200,121,8,71
22/05/2020,DAERAH ISTIMEWA YOGYAKARTA,5,0,2,3,205,123,8,74
23/05/2020,DAERAH ISTIMEWA YOGYAKARTA,5,0,6,-1,210,129,8,73
24/05/2020,DAERAH ISTIMEWA YOGYAKARTA,1,0,4,-3,211,133,8,70
25/05/2020,DAERAH ISTIMEWA YOGYAKARTA,0,0,1,-1,211,134,8,69
26/05/2020,DAERAH ISTIMEWA YOGYAKARTA,0,0,4,-4,211,138,8,65
27/05/2020,DAERAH ISTIMEWA YOGYAKARTA,2,0,9,-7,213,147,8,58
28/05/2020,DAERAH ISTIMEWA YOGYAKARTA,0,0,8,-8,213,155,8,50
29/05/2020,DAERAH ISTIMEWA YOGYAKARTA,2,0,6,-4,215,161,8,46
30/05/2020,DAERAH ISTIMEWA YOGYAKARTA,3,0,1,2,218,162,8,48
31/05/2020,DAERAH ISTIMEWA YOGYAKARTA,3,0,7,-4,221,169,8,44
01/06/2020,DAERAH ISTIMEWA YOGYAKARTA,1,0,0,1,222,169,8,45
02/06/2020,DAERAH ISTIMEWA YOGYAKARTA,0,0,1,-1,222,170,8,44
03/06/2020,DAERAH ISTIMEWA YOGYAKARTA,0,0,1,-1,222,171,8,43
04/06/2020,DAERAH ISTIMEWA YOGYAKARTA,0,0,3,-3,222,174,8,40
05/06/2020,DAERAH ISTIMEWA YOGYAKARTA,1,0,6,-5,223,180,8,35
06/06/2020,DAERAH ISTIMEWA YOGYAKARTA,4,0,5,-1,227,185,8,34
07/06/2020,DAERAH ISTIMEWA YOGYAKARTA,2,0,2,0,229,187,8,34
08/06/2020,DAERAH ISTIMEWA YOGYAKARTA,3,0,7,-4,232,194,8,30
09/06/2020,DAERAH ISTIMEWA YOGYAKARTA,2,0,0,2,234,194,8,32
10/06/2020,DAERAH ISTIMEWA YOGYAKARTA,1,0,1,0,235,195,8,32
11/06/2020,DAERAH ISTIMEWA YOGYAKARTA,2,0,5,-3,237,200,8,29
12/06/2020,DAERAH ISTIMEWA YOGYAKARTA,10,0,5,5,247,205,8,34
13/06/2020,DAERAH ISTIMEWA YOGYAKARTA,2,0,6,-4,249,211,8,30
14/06/2020,DAERAH ISTIMEWA YOGYAKARTA,5,0,1,4,254,212,8,34
15/06/2020,DAERAH ISTIMEWA YOGYAKARTA,3,0,2,1,257,214,8,35
16/06/2020,DAERAH ISTIMEWA YOGYAKARTA,1,0,4,-3,258,218,8,32
17/06/2020,DAERAH ISTIMEWA YOGYAKARTA,3,0,2,1,261,220,8,33
18/06/2020,DAERAH ISTIMEWA YOGYAKARTA,0,0,7,-7,261,227,8,26
19/06/2020,DAERAH ISTIMEWA YOGYAKARTA,1,0,4,-3,262,231,8,23
20/06/2020,DAERAH ISTIMEWA YOGYAKARTA,8,0,0,8,270,231,8,31
21/06/2020,DAERAH ISTIMEWA YOGYAKARTA,3,0,7,-4,273,238,8,27
22/06/2020,DAERAH ISTIMEWA YOGYAKARTA,0,0,0,0,273,238,8,27
23/06/2020,DAERAH ISTIMEWA YOGYAKARTA,3,0,5,-2,276,243,8,25
24/06/2020,DAERAH ISTIMEWA YOGYAKARTA,1,0,13,-12,277,256,8,13
25/06/2020,DAERAH ISTIMEWA YOGYAKARTA,7,0,3,4,284,259,8,17
26/06/2020,DAERAH ISTIMEWA YOGYAKARTA,3,0,3,0,287,262,8,17
27/06/2020,DAERAH ISTIMEWA YOGYAKARTA,2,0,1,1,289,263,8,18
28/06/2020,DAERAH ISTIMEWA YOGYAKARTA,2,0,1,1,291,264,8,19
29/06/2020,DAERAH ISTIMEWA YOGYAKARTA,0,0,1,-1,291,265,8,18
30/06/2020,DAERAH ISTIMEWA YOGYAKARTA,7,0,1,6,298,266,8,24
01/07/2020,DAERAH ISTIMEWA YOGYAKARTA,1,0,3,-2,299,269,8,22
02/07/2020,DAERAH ISTIMEWA YOGYAKARTA,6,1,4,1,305,273,9,23
03/07/2020,DAERAH ISTIMEWA YOGYAKARTA,4,0,3,1,309,276,9,24
04/07/2020,DAERAH ISTIMEWA YOGYAKARTA,1,0,1,0,310,277,9,24
05/07/2020,DAERAH ISTIMEWA YOGYAKARTA,6,0,0,6,316,277,9,30
06/07/2020,DAERAH ISTIMEWA YOGYAKARTA,8,0,5,3,324,282,9,33
07/07/2020,DAERAH ISTIMEWA YOGYAKARTA,7,0,3,4,331,285,9,37
08/07/2020,DAERAH ISTIMEWA YOGYAKARTA,3,1,1,1,334,286,10,38
09/07/2020,DAERAH ISTIMEWA YOGYAKARTA,7,0,4,3,341,290,10,41
10/07/2020,DAERAH ISTIMEWA YOGYAKARTA,7,0,3,4,348,293,10,45
11/07/2020,DAERAH ISTIMEWA YOGYAKARTA,7,0,1,6,355,294,10,51
12/07/2020,DAERAH ISTIMEWA YOGYAKARTA,1,0,3,-2,356,297,10,49
13/07/2020,DAERAH ISTIMEWA YOGYAKARTA,8,0,8,0,364,305,10,49
14/07/2020,DAERAH ISTIMEWA YOGYAKARTA,8,1,5,2,372,310,11,51
15/07/2020,DAERAH ISTIMEWA YOGYAKARTA,9,0,3,6,381,313,11,57
16/07/2020,DAERAH ISTIMEWA YOGYAKARTA,8,0,0,8,389,313,11,65
17/07/2020,DAERAH ISTIMEWA YOGYAKARTA,4,0,2,2,393,315,11,67
18/07/2020,DAERAH ISTIMEWA YOGYAKARTA,8,0,8,0,401,323,11,67
19/07/2020,DAERAH ISTIMEWA YOGYAKARTA,15,1,0,14,416,323,12,81
20/07/2020,DAERAH ISTIMEWA YOGYAKARTA,6,1,3,2,422,326,13,83
21/07/2020,DAERAH ISTIMEWA YOGYAKARTA,28,1,3,24,450,329,14,107
22/07/2020,DAERAH ISTIMEWA YOGYAKARTA,21,2,1,18,471,330,16,125
23/07/2020,DAERAH ISTIMEWA YOGYAKARTA,10,0,4,6,481,334,16,131
24/07/2020,DAERAH ISTIMEWA YOGYAKARTA,23,1,6,16,504,340,17,147
25/07/2020,DAERAH ISTIMEWA YOGYAKARTA,17,1,6,10,521,346,18,157
26/07/2020,DAERAH ISTIMEWA YOGYAKARTA,7,1,0,6,528,346,19,163
27/07/2020,DAERAH ISTIMEWA YOGYAKARTA,15,0,4,11,543,350,19,174
28/07/2020,DAERAH ISTIMEWA YOGYAKARTA,14,1,5,8,557,355,20,182
29/07/2020,DAERAH ISTIMEWA YOGYAKARTA,15,0,12,3,572,367,20,185
30/07/2020,DAERAH ISTIMEWA YOGYAKARTA,23,0,14,9,595,381,20,194
31/07/2020,DAERAH ISTIMEWA YOGYAKARTA,64,0,17,47,659,398,20,241
01/08/2020,DAERAH ISTIMEWA YOGYAKARTA,67,1,11,55,726,409,21,296
02/08/2020,DAERAH ISTIMEWA YOGYAKARTA,19,0,10,9,745,419,21,305
03/08/2020,DAERAH ISTIMEWA YOGYAKARTA,12,0,13,-1,757,432,21,304
04/08/2020,DAERAH ISTIMEWA YOGYAKARTA,12,0,14,-2,769,446,21,302
05/08/2020,DAERAH ISTIMEWA YOGYAKARTA,17,0,29,-12,786,475,21,290
06/08/2020,DAERAH ISTIMEWA YOGYAKARTA,18,0,20,-2,804,495,21,288
07/08/2020,DAERAH ISTIMEWA YOGYAKARTA,19,0,29,-10,823,524,21,278
08/08/2020,DAERAH ISTIMEWA YOGYAKARTA,16,2,27,-13,839,551,23,265
09/08/2020,DAERAH ISTIMEWA YOGYAKARTA,8,1,18,-11,847,569,24,254
10/08/2020,DAERAH ISTIMEWA YOGYAKARTA,14,1,23,-10,861,592,25,244
11/08/2020,DAERAH ISTIMEWA YOGYAKARTA,4,0,16,-12,865,608,25,232
12/08/2020,DAERAH ISTIMEWA YOGYAKARTA,20,1,25,-6,885,633,26,226
13/08/2020,DAERAH ISTIMEWA YOGYAKARTA,11,0,13,-2,896,646,26,224
14/08/2020,DAERAH ISTIMEWA YOGYAKARTA,35,2,12,21,931,658,28,245
15/08/2020,DAERAH ISTIMEWA YOGYAKARTA,46,0,4,42,977,662,28,287
16/08/2020,DAERAH ISTIMEWA YOGYAKARTA,33,0,13,20,1010,675,28,307
17/08/2020,DAERAH ISTIMEWA YOGYAKARTA,16,0,7,9,1026,682,28,316
18/08/2020,DAERAH ISTIMEWA YOGYAKARTA,18,1,13,4,1044,695,29,320
19/08/2020,DAERAH ISTIMEWA YOGYAKARTA,31,0,18,13,1075,713,29,333
20/08/2020,DAERAH ISTIMEWA YOGYAKARTA,48,2,52,-6,1123,765,31,327
21/08/2020,DAERAH ISTIMEWA YOGYAKARTA,25,1,28,-4,1148,793,32,323
22/08/2020,DAERAH ISTIMEWA YOGYAKARTA,15,1,15,-1,1163,808,33,322
23/08/2020,DAERAH ISTIMEWA YOGYAKARTA,15,0,18,-3,1178,826,33,319
24/08/2020,DAERAH ISTIMEWA YOGYAKARTA,14,1,20,-7,1192,846,34,312
25/08/2020,DAERAH ISTIMEWA YOGYAKARTA,41,0,11,30,1233,857,34,342
26/08/2020,DAERAH ISTIMEWA YOGYAKARTA,16,2,35,-21,1249,892,36,321
27/08/2020,DAERAH ISTIMEWA YOGYAKARTA,42,0,31,11,1291,923,36,332
28/08/2020,DAERAH ISTIMEWA YOGYAKARTA,20,0,24,-4,1311,947,36,328
29/08/2020,DAERAH ISTIMEWA YOGYAKARTA,47,1,21,25,1358,968,37,353
30/08/2020,DAERAH ISTIMEWA YOGYAKARTA,24,0,8,16,1382,976,37,369
31/08/2020,DAERAH ISTIMEWA YOGYAKARTA,28,2,50,-24,1410,1026,39,345
01/09/2020,DAERAH ISTIMEWA YOGYAKARTA,20,0,10,10,1430,1036,39,355
02/09/2020,DAERAH ISTIMEWA YOGYAKARTA,29,2,25,2,1459,1061,41,357
03/09/2020,DAERAH ISTIMEWA YOGYAKARTA,33,2,14,17,1492,1075,43,374
04/09/2020,DAERAH ISTIMEWA YOGYAKARTA,18,1,21,-4,1510,1096,44,370
05/09/2020,DAERAH ISTIMEWA YOGYAKARTA,21,1,20,0,1531,1116,45,370
06/09/2020,DAERAH ISTIMEWA YOGYAKARTA,11,1,41,-31,1542,1157,46,339
07/09/2020,DAERAH ISTIMEWA YOGYAKARTA,14,0,32,-18,1556,1189,46,321
08/09/2020,DAERAH ISTIMEWA YOGYAKARTA,24,1,27,-4,1580,1216,47,317
09/09/2020,DAERAH ISTIMEWA YOGYAKARTA,50,1,52,-3,1630,1268,48,314
10/09/2020,DAERAH ISTIMEWA YOGYAKARTA,50,1,30,19,1680,1298,49,333
11/09/2020,DAERAH ISTIMEWA YOGYAKARTA,49,1,15,33,1729,1313,50,366
12/09/2020,DAERAH ISTIMEWA YOGYAKARTA,43,0,12,31,1772,1325,50,397
13/09/2020,DAERAH ISTIMEWA YOGYAKARTA,49,2,7,40,1821,1332,52,437
14/09/2020,DAERAH ISTIMEWA YOGYAKARTA,33,1,23,9,1854,1355,53,446
15/09/2020,DAERAH ISTIMEWA YOGYAKARTA,26,0,15,11,1880,1370,53,457
16/09/2020,DAERAH ISTIMEWA YOGYAKARTA,48,0,50,-2,1928,1420,53,455
17/09/2020,DAERAH ISTIMEWA YOGYAKARTA,41,0,20,21,1969,1440,53,476
18/09/2020,DAERAH ISTIMEWA YOGYAKARTA,53,0,31,22,2022,1471,53,498
19/09/2020,DAERAH ISTIMEWA YOGYAKARTA,74,1,20,53,2096,1491,54,551
20/09/2020,DAERAH ISTIMEWA YOGYAKARTA,70,4,15,51,2166,1506,58,602
21/09/2020,DAERAH ISTIMEWA YOGYAKARTA,64,2,37,25,2230,1543,60,627
22/09/2020,DAERAH ISTIMEWA YOGYAKARTA,67,0,35,32,2297,1578,60,659
23/09/2020,DAERAH ISTIMEWA YOGYAKARTA,63,1,56,6,2360,1634,61,665
24/09/2020,DAERAH ISTIMEWA YOGYAKARTA,22,3,18,1,2382,1652,64,666
25/09/2020,DAERAH ISTIMEWA YOGYAKARTA,61,0,25,36,2443,1677,64,702
26/09/2020,DAERAH ISTIMEWA YOGYAKARTA,41,0,40,1,2484,1717,64,703
27/09/2020,DAERAH ISTIMEWA YOGYAKARTA,20,1,26,-7,2504,1743,65,696
28/09/2020,DAERAH ISTIMEWA YOGYAKARTA,39,0,53,-14,2543,1796,65,682
29/09/2020,DAERAH ISTIMEWA YOGYAKARTA,49,2,59,-12,2592,1855,67,670
30/09/2020,DAERAH ISTIMEWA YOGYAKARTA,36,0,29,7,2628,1884,67,677
01/10/2020,DAERAH ISTIMEWA YOGYAKARTA,37,2,49,-14,2665,1933,69,663
02/10/2020,DAERAH ISTIMEWA YOGYAKARTA,20,4,23,-7,2685,1956,73,656
03/10/2020,DAERAH ISTIMEWA YOGYAKARTA,72,1,19,52,2757,1975,74,708
04/10/2020,DAERAH ISTIMEWA YOGYAKARTA,19,1,70,-52,2776,2045,75,656
05/10/2020,DAERAH ISTIMEWA YOGYAKARTA,22,0,76,-54,2798,2121,75,602
06/10/2020,DAERAH ISTIMEWA YOGYAKARTA,20,0,40,-20,2818,2161,75,582
07/10/2020,DAERAH ISTIMEWA YOGYAKARTA,20,0,20,0,2838,2181,75,582
08/10/2020,DAERAH ISTIMEWA YOGYAKARTA,51,1,9,41,2889,2190,76,623
09/10/2020,DAERAH ISTIMEWA YOGYAKARTA,56,2,31,23,2945,2221,78,646
10/10/2020,DAERAH ISTIMEWA YOGYAKARTA,69,0,13,56,3014,2234,78,702
11/10/2020,DAERAH ISTIMEWA YOGYAKARTA,35,1,37,-3,3049,2271,79,699
12/10/2020,DAERAH ISTIMEWA YOGYAKARTA,43,1,83,-41,3092,2354,80,658
13/10/2020,DAERAH ISTIMEWA YOGYAKARTA,38,1,39,-2,3130,2393,81,656
14/10/2020,DAERAH ISTIMEWA YOGYAKARTA,26,2,20,4,3156,2413,83,660
15/10/2020,DAERAH ISTIMEWA YOGYAKARTA,45,2,55,-12,3201,2468,85,648
16/10/2020,DAERAH ISTIMEWA YOGYAKARTA,45,0,32,13,3246,2500,85,661
17/10/2020,DAERAH ISTIMEWA YOGYAKARTA,24,0,48,-24,3270,2548,85,637
18/10/2020,DAERAH ISTIMEWA YOGYAKARTA,40,1,64,-25,3310,2612,86,612
19/10/2020,DAERAH ISTIMEWA YOGYAKARTA,18,0,75,-57,3328,2687,86,555
20/10/2020,DAERAH ISTIMEWA YOGYAKARTA,13,0,51,-38,3341,2738,86,517
21/10/2020,DAERAH ISTIMEWA YOGYAKARTA,33,2,20,11,3374,2758,88,528
22/10/2020,DAERAH ISTIMEWA YOGYAKARTA,45,0,19,26,3419,2777,88,554
23/10/2020,DAERAH ISTIMEWA YOGYAKARTA,28,0,25,3,3447,2802,88,557
24/10/2020,DAERAH ISTIMEWA YOGYAKARTA,44,0,36,8,3491,2838,88,565
25/10/2020,DAERAH ISTIMEWA YOGYAKARTA,44,0,68,-24,3535,2906,88,541
26/10/2020,DAERAH ISTIMEWA YOGYAKARTA,26,0,29,-3,3561,2935,88,538
27/10/2020,DAERAH ISTIMEWA YOGYAKARTA,41,1,32,8,3602,2967,89,546
28/10/2020,DAERAH ISTIMEWA YOGYAKARTA,45,1,41,3,3647,3008,90,549
29/10/2020,DAERAH ISTIMEWA YOGYAKARTA,82,1,51,30,3729,3059,91,579
30/10/2020,DAERAH ISTIMEWA YOGYAKARTA,59,1,60,-2,3788,3119,92,577
31/10/2020,DAERAH ISTIMEWA YOGYAKARTA,32,1,23,8,3820,3142,93,585
01/11/2020,DAERAH ISTIMEWA YOGYAKARTA,16,0,13,3,3836,3155,93,588
02/11/2020,DAERAH ISTIMEWA YOGYAKARTA,32,1,49,-18,3868,3204,94,570
03/11/2020,DAERAH ISTIMEWA YOGYAKARTA,49,1,22,26,3917,3226,95,596
04/11/2020,DAERAH ISTIMEWA YOGYAKARTA,40,2,47,-9,3957,3273,97,587
05/11/2020,DAERAH ISTIMEWA YOGYAKARTA,168,2,30,136,4125,3303,99,723
06/11/2020,DAERAH ISTIMEWA YOGYAKARTA,25,1,31,-7,4150,3334,100,716
07/11/2020,DAERAH ISTIMEWA YOGYAKARTA,38,2,48,-12,4188,3382,102,704
08/11/2020,DAERAH ISTIMEWA YOGYAKARTA,34,1,32,1,4222,3414,103,705
09/11/2020,DAERAH ISTIMEWA YOGYAKARTA,32,2,62,-32,4254,3476,105,673
10/11/2020,DAERAH ISTIMEWA YOGYAKARTA,21,1,19,1,4275,3495,106,674
11/11/2020,DAERAH ISTIMEWA YOGYAKARTA,30,1,44,-15,4305,3539,107,659
12/11/2020,DAERAH ISTIMEWA YOGYAKARTA,79,3,24,52,4384,3563,110,711
13/11/2020,DAERAH ISTIMEWA YOGYAKARTA,61,2,29,30,4445,3592,112,741
14/11/2020,DAERAH ISTIMEWA YOGYAKARTA,51,1,23,27,4496,3615,113,768
15/11/2020,DAERAH ISTIMEWA YOGYAKARTA,7,1,7,-1,4503,3622,114,767
16/11/2020,DAERAH ISTIMEWA YOGYAKARTA,67,0,15,52,4570,3637,114,819
17/11/2020,DAERAH ISTIMEWA YOGYAKARTA,90,1,30,59,4660,3667,115,878
18/11/2020,DAERAH ISTIMEWA YOGYAKARTA,153,2,41,110,4813,3708,117,988
19/11/2020,DAERAH ISTIMEWA YOGYAKARTA,108,0,50,58,4921,3758,117,1046
20/11/2020,DAERAH ISTIMEWA YOGYAKARTA,68,2,59,7,4989,3817,119,1053
21/11/2020,DAERAH ISTIMEWA YOGYAKARTA,56,2,27,27,5045,3844,121,1080
22/11/2020,DAERAH ISTIMEWA YOGYAKARTA,77,4,9,64,5122,3853,125,1144
23/11/2020,DAERAH ISTIMEWA YOGYAKARTA,82,2,100,-20,5204,3953,127,1124
24/11/2020,DAERAH ISTIMEWA YOGYAKARTA,84,6,40,38,5288,3993,133,1162
25/11/2020,DAERAH ISTIMEWA YOGYAKARTA,150,3,143,4,5438,4136,136,1166
26/11/2020,DAERAH ISTIMEWA YOGYAKARTA,103,1,61,41,5541,4197,137,1207
27/11/2020,DAERAH ISTIMEWA YOGYAKARTA,89,3,30,56,5630,4227,140,1263
28/11/2020,DAERAH ISTIMEWA YOGYAKARTA,138,4,53,81,5768,4280,144,1344
29/11/2020,DAERAH ISTIMEWA YOGYAKARTA,139,1,51,87,5907,4331,145,1431
30/11/2020,DAERAH ISTIMEWA YOGYAKARTA,41,0,66,-25,5948,4397,145,1406
01/12/2020,DAERAH ISTIMEWA YOGYAKARTA,110,1,68,41,6058,4465,146,1447
02/12/2020,DAERAH ISTIMEWA YOGYAKARTA,122,1,30,91,6180,4495,147,1538
03/12/2020,DAERAH ISTIMEWA YOGYAKARTA,189,1,77,111,6369,4572,148,1649
04/12/2020,DAERAH ISTIMEWA YOGYAKARTA,181,0,76,105,6550,4648,148,1754
05/12/2020,DAERAH ISTIMEWA YOGYAKARTA,167,2,84,81,6717,4732,150,1835
06/12/2020,DAERAH ISTIMEWA YOGYAKARTA,224,2,83,139,6941,4815,152,1974
07/12/2020,DAERAH ISTIMEWA YOGYAKARTA,99,0,59,40,7040,4874,152,2014
08/12/2020,DAERAH ISTIMEWA YOGYAKARTA,168,1,69,98,7208,4943,153,2112
09/12/2020,DAERAH ISTIMEWA YOGYAKARTA,198,2,218,-22,7406,5161,155,2090
10/12/2020,DAERAH ISTIMEWA YOGYAKARTA,191,7,104,80,7597,5265,162,2170
11/12/2020,DAERAH ISTIMEWA YOGYAKARTA,157,3,116,38,7754,5381,165,2208
12/12/2020,DAERAH ISTIMEWA YOGYAKARTA,227,1,99,127,7981,5480,166,2335
13/12/2020,DAERAH ISTIMEWA YOGYAKARTA,151,2,130,19,8132,5610,168,2354
14/12/2020,DAERAH ISTIMEWA YOGYAKARTA,111,1,57,53,8243,5667,169,2407
15/12/2020,DAERAH ISTIMEWA YOGYAKARTA,160,3,107,50,8403,5774,172,2457
16/12/2020,DAERAH ISTIMEWA YOGYAKARTA,218,3,71,144,8621,5845,175,2601
17/12/2020,DAERAH ISTIMEWA YOGYAKARTA,224,2,60,162,8845,5905,177,2763
18/12/2020,DAERAH ISTIMEWA YOGYAKARTA,211,2,199,10,9056,6104,179,2773
19/12/2020,DAERAH ISTIMEWA YOGYAKARTA,216,3,74,139,9272,6178,182,2912
20/12/2020,DAERAH ISTIMEWA YOGYAKARTA,210,8,203,-1,9482,6381,190,2911
21/12/2020,DAERAH ISTIMEWA YOGYAKARTA,186,7,175,4,9668,6556,197,2915
22/12/2020,DAERAH ISTIMEWA YOGYAKARTA,242,8,45,189,9910,6601,205,3104
23/12/2020,DAERAH ISTIMEWA YOGYAKARTA,219,1,146,72,10129,6747,206,3176
24/12/2020,DAERAH ISTIMEWA YOGYAKARTA,253,7,164,82,10382,6911,213,3258
25/12/2020,DAERAH ISTIMEWA YOGYAKARTA,256,12,155,89,10638,7066,225,3347
26/12/2020,DAERAH ISTIMEWA YOGYAKARTA,274,6,100,168,10912,7166,231,3515
27/12/2020,DAERAH ISTIMEWA YOGYAKARTA,183,3,149,31,11095,7315,234,3546
28/12/2020,DAERAH ISTIMEWA YOGYAKARTA,210,4,107,99,11305,7422,238,3645
29/12/2020,DAERAH ISTIMEWA YOGYAKARTA,282,10,295,-23,11587,7717,248,3622
30/12/2020,DAERAH ISTIMEWA YOGYAKARTA,296,11,339,-54,11883,8056,259,3568
31/12/2020,DAERAH ISTIMEWA YOGYAKARTA,257,0,119,138,12140,8175,259,3706
01/01/2021,DAERAH ISTIMEWA YOGYAKARTA,233,13,113,107,12373,8288,272,3813
02/01/2021,DAERAH ISTIMEWA YOGYAKARTA,291,2,217,72,12664,8505,274,3885
03/01/2021,DAERAH ISTIMEWA YOGYAKARTA,218,13,221,-16,12882,8726,287,3869
04/01/2021,DAERAH ISTIMEWA YOGYAKARTA,146,3,133,10,13028,8859,290,3879
05/01/2021,DAERAH ISTIMEWA YOGYAKARTA,297,3,45,249,13325,8904,293,4128
06/01/2021,DAERAH ISTIMEWA YOGYAKARTA,272,4,290,-22,13597,9194,297,4106
07/01/2021,DAERAH ISTIMEWA YOGYAKARTA,355,4,180,171,13952,9374,301,4277
08/01/2021,DAERAH ISTIMEWA YOGYAKARTA,379,7,147,225,14331,9521,308,4502
09/01/2021,DAERAH ISTIMEWA YOGYAKARTA,301,7,136,158,14632,9657,315,4660
10/01/2021,DAERAH ISTIMEWA YOGYAKARTA,282,9,234,39,14914,9891,324,4699
11/01/2021,DAERAH ISTIMEWA YOGYAKARTA,285,9,200,76,15199,10091,333,4775
12/01/2021,DAERAH ISTIMEWA YOGYAKARTA,268,3,150,115,15467,10241,336,4890
13/01/2021,DAERAH ISTIMEWA YOGYAKARTA,319,5,178,136,15786,10419,341,5026
14/01/2021,DAERAH ISTIMEWA YOGYAKARTA,291,8,128,155,16077,10547,349,5181
15/01/2021,DAERAH ISTIMEWA YOGYAKARTA,262,18,248,-4,16339,10795,367,5177
16/01/2021,DAERAH ISTIMEWA YOGYAKARTA,302,12,298,-8,16641,11093,379,5169
17/01/2021,DAERAH ISTIMEWA YOGYAKARTA,277,9,173,95,16918,11266,388,5264
18/01/2021,DAERAH ISTIMEWA YOGYAKARTA,295,6,287,2,17213,11553,394,5266
19/01/2021,DAERAH ISTIMEWA YOGYAKARTA,287,1,107,179,17500,11660,395,5445
20/01/2021,DAERAH ISTIMEWA YOGYAKARTA,287,13,188,86,17787,11848,408,5531
21/01/2021,DAERAH ISTIMEWA YOGYAKARTA,456,9,207,240,18243,12055,417,5771
22/01/2021,DAERAH ISTIMEWA YOGYAKARTA,478,5,374,99,18721,12429,422,5870
23/01/2021,DAERAH ISTIMEWA YOGYAKARTA,473,8,117,348,19194,12546,430,6218
24/01/2021,DAERAH ISTIMEWA YOGYAKARTA,210,9,186,15,19404,12732,439,6233
25/01/2021,DAERAH ISTIMEWA YOGYAKARTA,310,15,408,-113,19714,13140,454,6120
26/01/2021,DAERAH ISTIMEWA YOGYAKARTA,325,6,311,8,20039,13451,460,6128
27/01/2021,DAERAH ISTIMEWA YOGYAKARTA,427,15,383,29,20466,13834,475,6157
28/01/2021,DAERAH ISTIMEWA YOGYAKARTA,359,9,383,-33,20825,14217,484,6124
29/01/2021,DAERAH ISTIMEWA YOGYAKARTA,414,3,210,201,21239,14427,487,6325
30/01/2021,DAERAH ISTIMEWA YOGYAKARTA,317,7,262,48,21556,14689,494,6373
31/01/2021,DAERAH ISTIMEWA YOGYAKARTA,254,14,409,-169,21810,15098,508,6204
01/02/2021,DAERAH ISTIMEWA YOGYAKARTA,222,7,260,-45,22032,15358,515,6159
02/02/2021,DAERAH ISTIMEWA YOGYAKARTA,226,6,271,-51,22258,15629,521,6108
03/02/2021,DAERAH ISTIMEWA YOGYAKARTA,312,4,312,-4,22570,15941,525,6104
04/02/2021,DAERAH ISTIMEWA YOGYAKARTA,321,6,229,86,22891,16170,531,6190
05/02/2021,DAERAH ISTIMEWA YOGYAKARTA,280,2,165,113,23171,16335,533,6303
06/02/2021,DAERAH ISTIMEWA YOGYAKARTA,217,4,266,-53,23388,16601,537,6250
07/02/2021,DAERAH ISTIMEWA YOGYAKARTA,145,3,215,-73,23533,16816,540,6177
08/02/2021,DAERAH ISTIMEWA YOGYAKARTA,206,13,255,-62,23739,17071,553,6115
09/02/2021,DAERAH ISTIMEWA YOGYAKARTA,228,4,328,-104,23967,17399,557,6011
10/02/2021,DAERAH ISTIMEWA YOGYAKARTA,291,7,257,27,24258,17656,564,6038
11/02/2021,DAERAH ISTIMEWA YOGYAKARTA,261,3,259,-1,24519,17915,567,6037
12/02/2021,DAERAH ISTIMEWA YOGYAKARTA,278,11,175,92,24797,18090,578,6129
13/02/2021,DAERAH ISTIMEWA YOGYAKARTA,113,9,370,-266,24910,18460,587,5863
14/02/2021,DAERAH ISTIMEWA YOGYAKARTA,108,9,247,-148,25018,18707,596,5715
15/02/2021,DAERAH ISTIMEWA YOGYAKARTA,135,5,139,-9,25153,18846,601,5706
16/02/2021,DAERAH ISTIMEWA YOGYAKARTA,165,5,262,-102,25318,19108,606,5604
17/02/2021,DAERAH ISTIMEWA YOGYAKARTA,229,3,227,-1,25547,19335,609,5603
18/02/2021,DAERAH ISTIMEWA YOGYAKARTA,255,11,118,126,25802,19453,620,5729
19/02/2021,DAERAH ISTIMEWA YOGYAKARTA,263,4,259,0,26065,19712,624,5729
20/02/2021,DAERAH ISTIMEWA YOGYAKARTA,201,5,128,68,26266,19840,629,5797
21/02/2021,DAERAH ISTIMEWA YOGYAKARTA,175,8,257,-90,26441,20097,637,5707
22/02/2021,DAERAH ISTIMEWA YOGYAKARTA,138,7,227,-96,26579,20324,644,5611
23/02/2021,DAERAH ISTIMEWA YOGYAKARTA,228,10,242,-24,26807,20566,654,5587
24/02/2021,DAERAH ISTIMEWA YOGYAKARTA,201,6,253,-58,27008,20819,660,5529
25/02/2021,DAERAH ISTIMEWA YOGYAKARTA,228,3,256,-31,27236,21075,663,5498
26/02/2021,DAERAH ISTIMEWA YOGYAKARTA,174,4,223,-53,27410,21298,667,5445
27/02/2021,DAERAH ISTIMEWA YOGYAKARTA,228,7,218,3,27638,21516,674,5448
28/02/2021,DAERAH ISTIMEWA YOGYAKARTA,170,4,259,-93,27808,21775,678,5355
01/03/2021,DAERAH ISTIMEWA YOGYAKARTA,144,4,274,-134,27952,22049,682,5221
02/03/2021,DAERAH ISTIMEWA YOGYAKARTA,150,4,266,-120,28102,22315,686,5101
03/03/2021,DAERAH ISTIMEWA YOGYAKARTA,229,7,160,62,28331,22475,693,5163
04/03/2021,DAERAH ISTIMEWA YOGYAKARTA,228,5,280,-57,28559,22755,698,5106
05/03/2021,DAERAH ISTIMEWA YOGYAKARTA,175,0,95,80,28734,22850,698,5186
06/03/2021,DAERAH ISTIMEWA YOGYAKARTA,89,5,249,-165,28823,23099,703,5021
07/03/2021,DAERAH ISTIMEWA YOGYAKARTA,149,4,105,40,28972,23204,707,5061
08/03/2021,DAERAH ISTIMEWA YOGYAKARTA,167,6,161,0,29139,23365,713,5061
09/03/2021,DAERAH ISTIMEWA YOGYAKARTA,176,2,190,-16,29315,23555,715,5045
10/03/2021,DAERAH ISTIMEWA YOGYAKARTA,178,6,141,31,29493,23696,721,5076
11/03/2021,DAERAH ISTIMEWA YOGYAKARTA,128,1,295,-168,29621,23991,722,4908
12/03/2021,DAERAH ISTIMEWA YOGYAKARTA,203,0,170,33,29824,24161,722,4941
13/03/2021,DAERAH ISTIMEWA YOGYAKARTA,188,3,259,-74,30012,24420,725,4867
14/03/2021,DAERAH ISTIMEWA YOGYAKARTA,90,4,266,-180,30102,24686,729,4687
15/03/2021,DAERAH ISTIMEWA YOGYAKARTA,140,3,151,-14,30242,24837,732,4673
16/03/2021,DAERAH ISTIMEWA YOGYAKARTA,170,6,212,-48,30412,25049,738,4625
17/03/2021,DAERAH ISTIMEWA YOGYAKARTA,270,1,75,194,30682,25124,739,4819
18/03/2021,DAERAH ISTIMEWA YOGYAKARTA,257,6,125,126,30939,25249,745,4945
19/03/2021,DAERAH ISTIMEWA YOGYAKARTA,161,3,200,-42,31100,25449,748,4903
20/03/2021,DAERAH ISTIMEWA YOGYAKARTA,242,5,100,137,31342,25549,753,5040
21/03/2021,DAERAH ISTIMEWA YOGYAKARTA,95,4,60,31,31437,25609,757,5071
22/03/2021,DAERAH ISTIMEWA YOGYAKARTA,143,4,174,-35,31580,25783,761,5036
23/03/2021,DAERAH ISTIMEWA YOGYAKARTA,205,3,220,-18,31785,26003,764,5018
24/03/2021,DAERAH ISTIMEWA YOGYAKARTA,254,4,150,100,32039,26153,768,5118
25/03/2021,DAERAH ISTIMEWA YOGYAKARTA,258,1,193,64,32297,26346,769,5182
26/03/2021,DAERAH ISTIMEWA YOGYAKARTA,232,8,140,84,32529,26486,777,5266
27/03/2021,DAERAH ISTIMEWA YOGYAKARTA,140,11,200,-71,32669,26686,788,5195
28/03/2021,DAERAH ISTIMEWA YOGYAKARTA,127,6,179,-58,32796,26865,794,5137
29/03/2021,DAERAH ISTIMEWA YOGYAKARTA,106,6,172,-72,32902,27037,800,5065
30/03/2021,DAERAH ISTIMEWA YOGYAKARTA,283,5,238,40,33185,27275,805,5105
31/03/2021,DAERAH ISTIMEWA YOGYAKARTA,272,4,231,37,33457,27506,809,5142
01/04/2021,DAERAH ISTIMEWA YOGYAKARTA,176,5,280,-109,33633,27786,814,5033
02/04/2021,DAERAH ISTIMEWA YOGYAKARTA,254,3,165,86,33887,27951,817,5119
03/04/2021,DAERAH ISTIMEWA YOGYAKARTA,118,7,231,-120,34005,28182,824,4999
04/04/2021,DAERAH ISTIMEWA YOGYAKARTA,123,2,183,-62,34128,28365,826,4937
05/04/2021,DAERAH ISTIMEWA YOGYAKARTA,135,1,227,-93,34263,28592,827,4844
06/04/2021,DAERAH ISTIMEWA YOGYAKARTA,233,7,207,19,34496,28799,834,4863
07/04/2021,DAERAH ISTIMEWA YOGYAKARTA,272,1,200,71,34768,28999,835,4934
08/04/2021,DAERAH ISTIMEWA YOGYAKARTA,220,5,210,5,34988,29209,840,4939
09/04/2021,DAERAH ISTIMEWA YOGYAKARTA,222,6,151,65,35210,29360,846,5004
10/04/2021,DAERAH ISTIMEWA YOGYAKARTA,230,7,177,46,35440,29537,853,5050
11/04/2021,DAERAH ISTIMEWA YOGYAKARTA,130,6,203,-79,35570,29740,859,4971
12/04/2021,DAERAH ISTIMEWA YOGYAKARTA,131,3,265,-137,35701,30005,862,4834
13/04/2021,DAERAH ISTIMEWA YOGYAKARTA,232,7,231,-6,35933,30236,869,4828
14/04/2021,DAERAH ISTIMEWA YOGYAKARTA,292,5,290,-3,36225,30526,874,4825
15/04/2021,DAERAH ISTIMEWA YOGYAKARTA,221,5,267,-51,36446,30793,879,4774
16/04/2021,DAERAH ISTIMEWA YOGYAKARTA,218,6,200,12,36664,30993,885,4786
17/04/2021,DAERAH ISTIMEWA YOGYAKARTA,158,9,281,-132,36822,31274,894,4654
18/04/2021,DAERAH ISTIMEWA YOGYAKARTA,143,6,225,-88,36965,31499,900,4566
28/03/2020,KALIMANTAN UTARA,2,0,0,2,2,0,0,2
29/03/2020,KALIMANTAN UTARA,0,0,0,0,2,0,0,2
30/03/2020,KALIMANTAN UTARA,0,0,0,0,2,0,0,2
31/03/2020,KALIMANTAN UTARA,0,0,0,0,2,0,0,2
01/04/2020,KALIMANTAN UTARA,0,0,0,0,2,0,0,2
02/04/2020,KALIMANTAN UTARA,0,0,0,0,2,0,0,2
03/04/2020,KALIMANTAN UTARA,6,0,0,6,8,0,0,8
04/04/2020,KALIMANTAN UTARA,0,0,0,0,8,0,0,8
05/04/2020,KALIMANTAN UTARA,0,0,0,0,8,0,0,8
06/04/2020,KALIMANTAN UTARA,7,0,0,7,15,0,0,15
07/04/2020,KALIMANTAN UTARA,0,0,0,0,15,0,0,15
08/04/2020,KALIMANTAN UTARA,1,0,0,1,16,0,0,16
09/04/2020,KALIMANTAN UTARA,0,0,0,0,16,0,0,16
10/04/2020,KALIMANTAN UTARA,0,0,0,0,16,0,0,16
11/04/2020,KALIMANTAN UTARA,0,1,0,-1,16,0,1,15
12/04/2020,KALIMANTAN UTARA,0,0,0,0,16,0,1,15
13/04/2020,KALIMANTAN UTARA,0,0,0,0,16,0,1,15
14/04/2020,KALIMANTAN UTARA,0,0,0,0,16,0,1,15
15/04/2020,KALIMANTAN UTARA,4,0,1,3,20,1,1,18
16/04/2020,KALIMANTAN UTARA,8,0,1,7,28,2,1,25
17/04/2020,KALIMANTAN UTARA,19,0,0,19,47,2,1,44
18/04/2020,KALIMANTAN UTARA,3,0,0,3,50,2,1,47
19/04/2020,KALIMANTAN UTARA,19,0,0,19,69,2,1,66
20/04/2020,KALIMANTAN UTARA,4,0,0,4,73,2,1,70
21/04/2020,KALIMANTAN UTARA,4,0,0,4,77,2,1,74
22/04/2020,KALIMANTAN UTARA,0,0,0,0,77,2,1,74
23/04/2020,KALIMANTAN UTARA,0,0,0,0,77,2,1,74
24/04/2020,KALIMANTAN UTARA,0,0,0,0,77,2,1,74
25/04/2020,KALIMANTAN UTARA,6,0,0,6,83,2,1,80
26/04/2020,KALIMANTAN UTARA,6,0,0,6,89,2,1,86
27/04/2020,KALIMANTAN UTARA,1,0,0,1,90,2,1,87
28/04/2020,KALIMANTAN UTARA,2,0,0,2,92,2,1,89
29/04/2020,KALIMANTAN UTARA,0,0,2,-2,92,4,1,87
30/04/2020,KALIMANTAN UTARA,8,0,0,8,100,4,1,95
01/05/2020,KALIMANTAN UTARA,15,0,1,14,115,5,1,109
02/05/2020,KALIMANTAN UTARA,7,0,0,7,122,5,1,116
03/05/2020,KALIMANTAN UTARA,0,0,0,0,122,5,1,116
04/05/2020,KALIMANTAN UTARA,8,0,0,8,130,5,1,124
05/05/2020,KALIMANTAN UTARA,1,0,1,0,131,6,1,124
06/05/2020,KALIMANTAN UTARA,0,0,0,0,131,6,1,124
07/05/2020,KALIMANTAN UTARA,0,0,0,0,131,6,1,124
08/05/2020,KALIMANTAN UTARA,0,0,0,0,131,6,1,124
09/05/2020,KALIMANTAN UTARA,0,0,0,0,131,6,1,124
10/05/2020,KALIMANTAN UTARA,0,0,1,-1,131,7,1,123
11/05/2020,KALIMANTAN UTARA,1,0,0,1,132,7,1,124
12/05/2020,KALIMANTAN UTARA,0,0,5,-5,132,12,1,119
13/05/2020,KALIMANTAN UTARA,6,0,6,0,138,18,1,119
14/05/2020,KALIMANTAN UTARA,0,0,2,-2,138,20,1,117
15/05/2020,KALIMANTAN UTARA,3,0,9,-6,141,29,1,111
16/05/2020,KALIMANTAN UTARA,12,0,12,0,153,41,1,111
17/05/2020,KALIMANTAN UTARA,2,0,0,2,155,41,1,113
18/05/2020,KALIMANTAN UTARA,0,0,5,-5,155,46,1,108
19/05/2020,KALIMANTAN UTARA,5,0,5,0,160,51,1,108
20/05/2020,KALIMANTAN UTARA,0,0,0,0,160,51,1,108
21/05/2020,KALIMANTAN UTARA,2,0,3,-1,162,54,1,107
22/05/2020,KALIMANTAN UTARA,1,0,3,-2,163,57,1,105
23/05/2020,KALIMANTAN UTARA,0,0,0,0,163,57,1,105
24/05/2020,KALIMANTAN UTARA,1,0,2,-1,164,59,1,104
25/05/2020,KALIMANTAN UTARA,0,0,7,-7,164,66,1,97
26/05/2020,KALIMANTAN UTARA,0,1,3,-4,164,69,2,93
27/05/2020,KALIMANTAN UTARA,1,0,0,1,165,69,2,94
28/05/2020,KALIMANTAN UTARA,0,0,1,-1,165,70,2,93
29/05/2020,KALIMANTAN UTARA,0,0,2,-2,165,72,2,91
30/05/2020,KALIMANTAN UTARA,0,0,0,0,165,72,2,91
31/05/2020,KALIMANTAN UTARA,0,0,0,0,165,72,2,91
01/06/2020,KALIMANTAN UTARA,0,0,8,-8,165,80,2,83
02/06/2020,KALIMANTAN UTARA,0,0,2,-2,165,82,2,81
03/06/2020,KALIMANTAN UTARA,0,0,7,-7,165,89,2,74
04/06/2020,KALIMANTAN UTARA,0,0,0,0,165,89,2,74
05/06/2020,KALIMANTAN UTARA,2,0,5,-3,167,94,2,71
06/06/2020,KALIMANTAN UTARA,1,0,14,-13,168,108,2,58
07/06/2020,KALIMANTAN UTARA,1,0,11,-10,169,119,2,48
08/06/2020,KALIMANTAN UTARA,0,0,10,-10,169,129,2,38
09/06/2020,KALIMANTAN UTARA,1,0,1,0,170,130,2,38
10/06/2020,KALIMANTAN UTARA,0,0,3,-3,170,133,2,35
11/06/2020,KALIMANTAN UTARA,0,0,2,-2,170,135,2,33
12/06/2020,KALIMANTAN UTARA,0,0,0,0,170,135,2,33
13/06/2020,KALIMANTAN UTARA,0,0,2,-2,170,137,2,31
14/06/2020,KALIMANTAN UTARA,0,0,0,0,170,137,2,31
15/06/2020,KALIMANTAN UTARA,0,0,0,0,170,137,2,31
16/06/2020,KALIMANTAN UTARA,1,0,8,-7,171,145,2,24
17/06/2020,KALIMANTAN UTARA,0,0,0,0,171,145,2,24
18/06/2020,KALIMANTAN UTARA,0,0,2,-2,171,147,2,22
19/06/2020,KALIMANTAN UTARA,2,0,2,0,173,149,2,22
20/06/2020,KALIMANTAN UTARA,2,0,0,2,175,149,2,24
21/06/2020,KALIMANTAN UTARA,1,0,0,1,176,149,2,25
22/06/2020,KALIMANTAN UTARA,1,0,0,1,177,149,2,26
23/06/2020,KALIMANTAN UTARA,0,0,0,0,177,149,2,26
24/06/2020,KALIMANTAN UTARA,2,0,2,0,179,151,2,26
25/06/2020,KALIMANTAN UTARA,9,0,0,9,188,151,2,35
26/06/2020,KALIMANTAN UTARA,9,0,0,9,197,151,2,44
27/06/2020,KALIMANTAN UTARA,4,0,3,1,201,154,2,45
28/06/2020,KALIMANTAN UTARA,0,0,3,-3,201,157,2,42
29/06/2020,KALIMANTAN UTARA,3,0,0,3,204,157,2,45
30/06/2020,KALIMANTAN UTARA,2,0,2,0,206,159,2,45
01/07/2020,KALIMANTAN UTARA,0,0,5,-5,206,164,2,40
02/07/2020,KALIMANTAN UTARA,0,0,1,-1,206,165,2,39
03/07/2020,KALIMANTAN UTARA,0,0,6,-6,206,171,2,33
04/07/2020,KALIMANTAN UTARA,0,0,3,-3,206,174,2,30
05/07/2020,KALIMANTAN UTARA,0,0,0,0,206,174,2,30
06/07/2020,KALIMANTAN UTARA,0,0,0,0,206,174,2,30
07/07/2020,KALIMANTAN UTARA,0,0,3,-3,206,177,2,27
08/07/2020,KALIMANTAN UTARA,0,0,1,-1,206,178,2,26
09/07/2020,KALIMANTAN UTARA,8,0,9,-1,214,187,2,25
10/07/2020,KALIMANTAN UTARA,0,0,1,-1,214,188,2,24
11/07/2020,KALIMANTAN UTARA,0,0,0,0,214,188,2,24
12/07/2020,KALIMANTAN UTARA,0,0,0,0,214,188,2,24
13/07/2020,KALIMANTAN UTARA,1,0,0,1,215,188,2,25
14/07/2020,KALIMANTAN UTARA,0,0,0,0,215,188,2,25
15/07/2020,KALIMANTAN UTARA,0,0,0,0,215,188,2,25
16/07/2020,KALIMANTAN UTARA,0,0,1,-1,215,189,2,24
17/07/2020,KALIMANTAN UTARA,1,0,2,-1,216,191,2,23
18/07/2020,KALIMANTAN UTARA,0,0,1,-1,216,192,2,22
19/07/2020,KALIMANTAN UTARA,0,0,0,0,216,192,2,22
20/07/2020,KALIMANTAN UTARA,1,0,17,-16,217,209,2,6
21/07/2020,KALIMANTAN UTARA,0,0,0,0,217,209,2,6
22/07/2020,KALIMANTAN UTARA,0,0,0,0,217,209,2,6
23/07/2020,KALIMANTAN UTARA,1,0,0,1,218,209,2,7
24/07/2020,KALIMANTAN UTARA,0,0,2,-2,218,211,2,5
25/07/2020,KALIMANTAN UTARA,48,0,1,47,266,212,2,52
26/07/2020,KALIMANTAN UTARA,0,0,0,0,266,212,2,52
27/07/2020,KALIMANTAN UTARA,0,0,2,-2,266,214,2,50
28/07/2020,KALIMANTAN UTARA,2,0,0,2,268,214,2,52
29/07/2020,KALIMANTAN UTARA,0,0,0,0,268,214,2,52
30/07/2020,KALIMANTAN UTARA,12,0,0,12,280,214,2,64
31/07/2020,KALIMANTAN UTARA,3,0,0,3,283,214,2,67
01/08/2020,KALIMANTAN UTARA,1,0,0,1,284,214,2,68
02/08/2020,KALIMANTAN UTARA,0,0,0,0,284,214,2,68
03/08/2020,KALIMANTAN UTARA,0,0,1,-1,284,215,2,67
04/08/2020,KALIMANTAN UTARA,3,0,50,-47,287,265,2,20
05/08/2020,KALIMANTAN UTARA,0,0,0,0,287,265,2,20
06/08/2020,KALIMANTAN UTARA,4,0,0,4,291,265,2,24
07/08/2020,KALIMANTAN UTARA,0,0,0,0,291,265,2,24
08/08/2020,KALIMANTAN UTARA,1,0,0,1,292,265,2,25
09/08/2020,KALIMANTAN UTARA,2,0,1,1,294,266,2,26
10/08/2020,KALIMANTAN UTARA,2,0,13,-11,296,279,2,15
11/08/2020,KALIMANTAN UTARA,3,0,0,3,299,279,2,18
12/08/2020,KALIMANTAN UTARA,4,0,0,4,303,279,2,22
13/08/2020,KALIMANTAN UTARA,9,0,7,2,312,286,2,24
14/08/2020,KALIMANTAN UTARA,0,0,0,0,312,286,2,24
15/08/2020,KALIMANTAN UTARA,13,0,0,13,325,286,2,37
16/08/2020,KALIMANTAN UTARA,3,0,0,3,328,286,2,40
17/08/2020,KALIMANTAN UTARA,1,0,2,-1,329,288,2,39
18/08/2020,KALIMANTAN UTARA,0,0,6,-6,329,294,2,33
19/08/2020,KALIMANTAN UTARA,3,0,4,-1,332,298,2,32
20/08/2020,KALIMANTAN UTARA,5,0,0,5,337,298,2,37
21/08/2020,KALIMANTAN UTARA,2,0,0,2,339,298,2,39
22/08/2020,KALIMANTAN UTARA,1,0,9,-8,340,307,2,31
23/08/2020,KALIMANTAN UTARA,9,0,4,5,349,311,2,36
24/08/2020,KALIMANTAN UTARA,8,0,3,5,357,314,2,41
25/08/2020,KALIMANTAN UTARA,3,0,2,1,360,316,2,42
26/08/2020,KALIMANTAN UTARA,1,0,2,-1,361,318,2,41
27/08/2020,KALIMANTAN UTARA,0,0,2,-2,361,320,2,39
28/08/2020,KALIMANTAN UTARA,12,0,3,9,373,323,2,48
29/08/2020,KALIMANTAN UTARA,6,0,1,5,379,324,2,53
30/08/2020,KALIMANTAN UTARA,3,0,1,2,382,325,2,55
31/08/2020,KALIMANTAN UTARA,2,0,4,-2,384,329,2,53
01/09/2020,KALIMANTAN UTARA,8,0,6,2,392,335,2,55
02/09/2020,KALIMANTAN UTARA,4,0,1,3,396,336,2,58
03/09/2020,KALIMANTAN UTARA,26,0,15,11,422,351,2,69
04/09/2020,KALIMANTAN UTARA,4,0,5,-1,426,356,2,68
05/09/2020,KALIMANTAN UTARA,9,0,3,6,435,359,2,74
06/09/2020,KALIMANTAN UTARA,8,0,0,8,443,359,2,82
07/09/2020,KALIMANTAN UTARA,5,0,1,4,448,360,2,86
08/09/2020,KALIMANTAN UTARA,7,0,7,0,455,367,2,86
09/09/2020,KALIMANTAN UTARA,1,0,1,0,456,368,2,86
10/09/2020,KALIMANTAN UTARA,2,0,6,-4,458,374,2,82
11/09/2020,KALIMANTAN UTARA,2,0,4,-2,460,378,2,80
12/09/2020,KALIMANTAN UTARA,5,1,1,3,465,379,3,83
13/09/2020,KALIMANTAN UTARA,4,0,6,-2,469,385,3,81
14/09/2020,KALIMANTAN UTARA,5,0,9,-4,474,394,3,77
15/09/2020,KALIMANTAN UTARA,5,0,0,5,479,394,3,82
16/09/2020,KALIMANTAN UTARA,2,0,10,-8,481,404,3,74
17/09/2020,KALIMANTAN UTARA,2,0,8,-6,483,412,3,68
18/09/2020,KALIMANTAN UTARA,2,0,4,-2,485,416,3,66
19/09/2020,KALIMANTAN UTARA,3,0,5,-2,488,421,3,64
20/09/2020,KALIMANTAN UTARA,1,0,0,1,489,421,3,65
21/09/2020,KALIMANTAN UTARA,3,0,2,1,492,423,3,66
22/09/2020,KALIMANTAN UTARA,11,0,6,5,503,429,3,71
23/09/2020,KALIMANTAN UTARA,29,0,4,25,532,433,3,96
24/09/2020,KALIMANTAN UTARA,18,0,1,17,550,434,3,113
25/09/2020,KALIMANTAN UTARA,6,1,14,-9,556,448,4,104
26/09/2020,KALIMANTAN UTARA,7,0,0,7,563,448,4,111
27/09/2020,KALIMANTAN UTARA,6,0,2,4,569,450,4,115
28/09/2020,KALIMANTAN UTARA,4,0,0,4,573,450,4,119
29/09/2020,KALIMANTAN UTARA,2,0,1,1,575,451,4,120
30/09/2020,KALIMANTAN UTARA,2,0,44,-42,577,495,4,78
01/10/2020,KALIMANTAN UTARA,6,0,7,-1,583,502,4,77
02/10/2020,KALIMANTAN UTARA,6,0,1,5,589,503,4,82
03/10/2020,KALIMANTAN UTARA,7,0,21,-14,596,524,4,68
04/10/2020,KALIMANTAN UTARA,7,1,4,2,603,528,5,70
05/10/2020,KALIMANTAN UTARA,2,0,3,-1,605,531,5,69
06/10/2020,KALIMANTAN UTARA,5,0,19,-14,610,550,5,55
07/10/2020,KALIMANTAN UTARA,13,0,3,10,623,553,5,65
08/10/2020,KALIMANTAN UTARA,6,0,2,4,629,555,5,69
09/10/2020,KALIMANTAN UTARA,3,0,4,-1,632,559,5,68
10/10/2020,KALIMANTAN UTARA,5,0,7,-2,637,566,5,66
11/10/2020,KALIMANTAN UTARA,8,0,2,6,645,568,5,72
12/10/2020,KALIMANTAN UTARA,4,0,0,4,649,568,5,76
13/10/2020,KALIMANTAN UTARA,13,0,6,7,662,574,5,83
14/10/2020,KALIMANTAN UTARA,11,0,10,1,673,584,5,84
15/10/2020,KALIMANTAN UTARA,0,0,4,-4,673,588,5,80
16/10/2020,KALIMANTAN UTARA,14,0,5,9,687,593,5,89
17/10/2020,KALIMANTAN UTARA,4,0,4,0,691,597,5,89
18/10/2020,KALIMANTAN UTARA,23,1,13,9,714,610,6,98
19/10/2020,KALIMANTAN UTARA,1,0,9,-8,715,619,6,90
20/10/2020,KALIMANTAN UTARA,0,0,0,0,715,619,6,90
21/10/2020,KALIMANTAN UTARA,20,1,9,10,735,628,7,100
22/10/2020,KALIMANTAN UTARA,17,0,5,12,752,633,7,112
23/10/2020,KALIMANTAN UTARA,9,0,12,-3,761,645,7,109
24/10/2020,KALIMANTAN UTARA,5,0,9,-4,766,654,7,105
25/10/2020,KALIMANTAN UTARA,14,0,8,6,780,662,7,111
26/10/2020,KALIMANTAN UTARA,2,0,2,0,782,664,7,111
27/10/2020,KALIMANTAN UTARA,9,0,8,1,791,672,7,112
28/10/2020,KALIMANTAN UTARA,14,0,7,7,805,679,7,119
29/10/2020,KALIMANTAN UTARA,9,0,4,5,814,683,7,124
30/10/2020,KALIMANTAN UTARA,7,0,0,7,821,683,7,131
31/10/2020,KALIMANTAN UTARA,1,0,18,-17,822,701,7,114
01/11/2020,KALIMANTAN UTARA,4,0,15,-11,826,716,7,103
02/11/2020,KALIMANTAN UTARA,3,1,6,-4,829,722,8,99
03/11/2020,KALIMANTAN UTARA,12,1,7,4,841,729,9,103
04/11/2020,KALIMANTAN UTARA,15,0,3,12,856,732,9,115
05/11/2020,KALIMANTAN UTARA,16,0,20,-4,872,752,9,111
06/11/2020,KALIMANTAN UTARA,7,1,7,-1,879,759,10,110
07/11/2020,KALIMANTAN UTARA,11,0,14,-3,890,773,10,107
08/11/2020,KALIMANTAN UTARA,3,0,10,-7,893,783,10,100
09/11/2020,KALIMANTAN UTARA,4,0,3,1,897,786,10,101
10/11/2020,KALIMANTAN UTARA,6,0,7,-1,903,793,10,100
11/11/2020,KALIMANTAN UTARA,12,0,9,3,915,802,10,103
12/11/2020,KALIMANTAN UTARA,13,1,0,12,928,802,11,115
13/11/2020,KALIMANTAN UTARA,6,0,7,-1,934,809,11,114
14/11/2020,KALIMANTAN UTARA,24,0,20,4,958,829,11,118
15/11/2020,KALIMANTAN UTARA,20,0,14,6,978,843,11,124
16/11/2020,KALIMANTAN UTARA,2,0,0,2,980,843,11,126
17/11/2020,KALIMANTAN UTARA,15,0,10,5,995,853,11,131
18/11/2020,KALIMANTAN UTARA,14,0,0,14,1009,853,11,145
19/11/2020,KALIMANTAN UTARA,0,0,3,-3,1009,856,11,142
20/11/2020,KALIMANTAN UTARA,48,0,1,47,1057,857,11,189
21/11/2020,KALIMANTAN UTARA,31,0,0,31,1088,857,11,220
22/11/2020,KALIMANTAN UTARA,48,4,15,29,1136,872,15,249
23/11/2020,KALIMANTAN UTARA,10,0,22,-12,1146,894,15,237
24/11/2020,KALIMANTAN UTARA,89,0,14,75,1235,908,15,312
25/11/2020,KALIMANTAN UTARA,48,0,1,47,1283,909,15,359
26/11/2020,KALIMANTAN UTARA,37,1,12,24,1320,921,16,383
27/11/2020,KALIMANTAN UTARA,57,1,10,46,1377,931,17,429
28/11/2020,KALIMANTAN UTARA,33,0,6,27,1410,937,17,456
29/11/2020,KALIMANTAN UTARA,31,0,12,19,1441,949,17,475
30/11/2020,KALIMANTAN UTARA,24,1,32,-9,1465,981,18,466
01/12/2020,KALIMANTAN UTARA,58,0,14,44,1523,995,18,510
02/12/2020,KALIMANTAN UTARA,69,0,21,48,1592,1016,18,558
03/12/2020,KALIMANTAN UTARA,30,0,6,24,1622,1022,18,582
04/12/2020,KALIMANTAN UTARA,32,0,48,-16,1654,1070,18,566
05/12/2020,KALIMANTAN UTARA,61,0,0,61,1715,1070,18,627
06/12/2020,KALIMANTAN UTARA,120,1,27,92,1835,1097,19,719
07/12/2020,KALIMANTAN UTARA,46,1,1,44,1881,1098,20,763
08/12/2020,KALIMANTAN UTARA,36,3,0,33,1917,1098,23,796
09/12/2020,KALIMANTAN UTARA,31,0,78,-47,1948,1176,23,749
10/12/2020,KALIMANTAN UTARA,58,1,0,57,2006,1176,24,806
11/12/2020,KALIMANTAN UTARA,71,1,0,70,2077,1176,25,876
12/12/2020,KALIMANTAN UTARA,85,1,15,69,2162,1191,26,945
13/12/2020,KALIMANTAN UTARA,44,0,62,-18,2206,1253,26,927
14/12/2020,KALIMANTAN UTARA,88,0,45,43,2294,1298,26,970
15/12/2020,KALIMANTAN UTARA,74,2,7,65,2368,1305,28,1035
16/12/2020,KALIMANTAN UTARA,95,0,8,87,2463,1313,28,1122
17/12/2020,KALIMANTAN UTARA,79,0,0,79,2542,1313,28,1201
18/12/2020,KALIMANTAN UTARA,85,2,76,7,2627,1389,30,1208
19/12/2020,KALIMANTAN UTARA,60,0,101,-41,2687,1490,30,1167
20/12/2020,KALIMANTAN UTARA,119,4,37,78,2806,1527,34,1245
21/12/2020,KALIMANTAN UTARA,99,0,0,99,2905,1527,34,1344
22/12/2020,KALIMANTAN UTARA,44,2,41,1,2949,1568,36,1345
23/12/2020,KALIMANTAN UTARA,87,0,0,87,3036,1568,36,1432
24/12/2020,KALIMANTAN UTARA,43,0,71,-28,3079,1639,36,1404
25/12/2020,KALIMANTAN UTARA,90,0,39,51,3169,1678,36,1455
26/12/2020,KALIMANTAN UTARA,56,0,0,56,3225,1678,36,1511
27/12/2020,KALIMANTAN UTARA,91,0,0,91,3316,1678,36,1602
28/12/2020,KALIMANTAN UTARA,202,4,10,188,3518,1688,40,1790
29/12/2020,KALIMANTAN UTARA,166,0,1,165,3684,1689,40,1955
30/12/2020,KALIMANTAN UTARA,56,17,330,-291,3740,2019,57,1664
31/12/2020,KALIMANTAN UTARA,54,0,27,27,3794,2046,57,1691
01/01/2021,KALIMANTAN UTARA,35,1,103,-69,3829,2149,58,1622
02/01/2021,KALIMANTAN UTARA,50,0,120,-70,3879,2269,58,1552
03/01/2021,KALIMANTAN UTARA,114,0,0,114,3993,2269,58,1666
04/01/2021,KALIMANTAN UTARA,166,0,1,165,4159,2270,58,1831
05/01/2021,KALIMANTAN UTARA,89,5,1,83,4248,2271,63,1914
06/01/2021,KALIMANTAN UTARA,205,0,123,82,4453,2394,63,1996
07/01/2021,KALIMANTAN UTARA,178,2,69,107,4631,2463,65,2103
08/01/2021,KALIMANTAN UTARA,63,0,1,62,4694,2464,65,2165
09/01/2021,KALIMANTAN UTARA,82,0,3,79,4776,2467,65,2244
10/01/2021,KALIMANTAN UTARA,67,0,0,67,4843,2467,65,2311
11/01/2021,KALIMANTAN UTARA,134,0,1,133,4977,2468,65,2444
12/01/2021,KALIMANTAN UTARA,162,0,0,162,5139,2468,65,2606
13/01/2021,KALIMANTAN UTARA,134,0,3,131,5273,2471,65,2737
14/01/2021,KALIMANTAN UTARA,79,0,0,79,5352,2471,65,2816
15/01/2021,KALIMANTAN UTARA,62,0,1,61,5414,2472,65,2877
16/01/2021,KALIMANTAN UTARA,191,0,0,191,5605,2472,65,3068
17/01/2021,KALIMANTAN UTARA,25,0,1,24,5630,2473,65,3092
18/01/2021,KALIMANTAN UTARA,40,0,0,40,5670,2473,65,3132
19/01/2021,KALIMANTAN UTARA,188,0,1,187,5858,2474,65,3319
20/01/2021,KALIMANTAN UTARA,191,1,0,190,6049,2474,66,3509
21/01/2021,KALIMANTAN UTARA,49,0,1,48,6098,2475,66,3557
22/01/2021,KALIMANTAN UTARA,84,0,78,6,6182,2553,66,3563
23/01/2021,KALIMANTAN UTARA,243,0,0,243,6425,2553,66,3806
24/01/2021,KALIMANTAN UTARA,76,0,0,76,6501,2553,66,3882
25/01/2021,KALIMANTAN UTARA,84,1,190,-107,6585,2743,67,3775
26/01/2021,KALIMANTAN UTARA,110,6,555,-451,6695,3298,73,3324
27/01/2021,KALIMANTAN UTARA,61,12,794,-745,6756,4092,85,2579
28/01/2021,KALIMANTAN UTARA,45,2,113,-70,6801,4205,87,2509
29/01/2021,KALIMANTAN UTARA,23,3,280,-260,6824,4485,90,2249
30/01/2021,KALIMANTAN UTARA,201,1,95,105,7025,4580,91,2354
31/01/2021,KALIMANTAN UTARA,15,0,0,15,7040,4580,91,2369
01/02/2021,KALIMANTAN UTARA,108,8,90,10,7148,4670,99,2379
02/02/2021,KALIMANTAN UTARA,114,1,183,-70,7262,4853,100,2309
03/02/2021,KALIMANTAN UTARA,278,5,55,218,7540,4908,105,2527
04/02/2021,KALIMANTAN UTARA,71,1,42,28,7611,4950,106,2555
05/02/2021,KALIMANTAN UTARA,50,1,35,14,7661,4985,107,2569
06/02/2021,KALIMANTAN UTARA,188,0,0,188,7849,4985,107,2757
07/02/2021,KALIMANTAN UTARA,63,0,0,63,7912,4985,107,2820
08/02/2021,KALIMANTAN UTARA,134,0,55,79,8046,5040,107,2899
09/02/2021,KALIMANTAN UTARA,104,0,0,104,8150,5040,107,3003
10/02/2021,KALIMANTAN UTARA,55,4,28,23,8205,5068,111,3026
11/02/2021,KALIMANTAN UTARA,63,0,237,-174,8268,5305,111,2852
12/02/2021,KALIMANTAN UTARA,65,6,157,-98,8333,5462,117,2754
13/02/2021,KALIMANTAN UTARA,139,0,0,139,8472,5462,117,2893
14/02/2021,KALIMANTAN UTARA,79,0,0,79,8551,5462,117,2972
15/02/2021,KALIMANTAN UTARA,185,6,63,116,8736,5525,123,3088
16/02/2021,KALIMANTAN UTARA,75,0,0,75,8811,5525,123,3163
17/02/2021,KALIMANTAN UTARA,60,1,11,48,8871,5536,124,3211
18/02/2021,KALIMANTAN UTARA,120,0,1,119,8991,5537,124,3330
19/02/2021,KALIMANTAN UTARA,60,0,73,-13,9051,5610,124,3317
20/02/2021,KALIMANTAN UTARA,20,0,90,-70,9071,5700,124,3247
21/02/2021,KALIMANTAN UTARA,11,0,0,11,9082,5700,124,3258
22/02/2021,KALIMANTAN UTARA,95,1,58,36,9177,5758,125,3294
23/02/2021,KALIMANTAN UTARA,193,8,362,-177,9370,6120,133,3117
24/02/2021,KALIMANTAN UTARA,8,8,923,-923,9378,7043,141,2194
25/02/2021,KALIMANTAN UTARA,47,1,117,-71,9425,7160,142,2123
26/02/2021,KALIMANTAN UTARA,12,3,49,-40,9437,7209,145,2083
27/02/2021,KALIMANTAN UTARA,185,0,1,184,9622,7210,145,2267
28/02/2021,KALIMANTAN UTARA,72,0,0,72,9694,7210,145,2339
01/03/2021,KALIMANTAN UTARA,112,0,73,39,9806,7283,145,2378
02/03/2021,KALIMANTAN UTARA,48,2,207,-161,9854,7490,147,2217
03/03/2021,KALIMANTAN UTARA,28,1,2,25,9882,7492,148,2242
04/03/2021,KALIMANTAN UTARA,65,1,67,-3,9947,7559,149,2239
05/03/2021,KALIMANTAN UTARA,30,2,167,-139,9977,7726,151,2100
06/03/2021,KALIMANTAN UTARA,61,0,35,26,10038,7761,151,2126
07/03/2021,KALIMANTAN UTARA,29,2,11,16,10067,7772,153,2142
08/03/2021,KALIMANTAN UTARA,40,1,160,-121,10107,7932,154,2021
09/03/2021,KALIMANTAN UTARA,75,0,122,-47,10182,8054,154,1974
10/03/2021,KALIMANTAN UTARA,34,1,214,-181,10216,8268,155,1793
11/03/2021,KALIMANTAN UTARA,46,2,102,-58,10262,8370,157,1735
12/03/2021,KALIMANTAN UTARA,137,0,357,-220,10399,8727,157,1515
13/03/2021,KALIMANTAN UTARA,2,0,43,-41,10401,8770,157,1474
14/03/2021,KALIMANTAN UTARA,32,1,5,26,10433,8775,158,1500
15/03/2021,KALIMANTAN UTARA,45,0,35,10,10478,8810,158,1510
16/03/2021,KALIMANTAN UTARA,37,3,40,-6,10515,8850,161,1504
17/03/2021,KALIMANTAN UTARA,69,1,53,15,10584,8903,162,1519
18/03/2021,KALIMANTAN UTARA,29,1,29,-1,10613,8932,163,1518
19/03/2021,KALIMANTAN UTARA,45,1,41,3,10658,8973,164,1521
20/03/2021,KALIMANTAN UTARA,45,0,26,19,10703,8999,164,1540
21/03/2021,KALIMANTAN UTARA,21,0,14,7,10724,9013,164,1547
22/03/2021,KALIMANTAN UTARA,106,0,8,98,10830,9021,164,1645
23/03/2021,KALIMANTAN UTARA,41,2,71,-32,10871,9092,166,1613
24/03/2021,KALIMANTAN UTARA,16,0,53,-37,10887,9145,166,1576
25/03/2021,KALIMANTAN UTARA,37,1,10,26,10924,9155,167,1602
26/03/2021,KALIMANTAN UTARA,48,1,62,-15,10972,9217,168,1587
27/03/2021,KALIMANTAN UTARA,27,2,18,7,10999,9235,170,1594
28/03/2021,KALIMANTAN UTARA,59,0,31,28,11058,9266,170,1622
29/03/2021,KALIMANTAN UTARA,15,1,6,8,11073,9272,171,1630
30/03/2021,KALIMANTAN UTARA,34,0,137,-103,11107,9409,171,1527
31/03/2021,KALIMANTAN UTARA,25,1,8,16,11132,9417,172,1543
01/04/2021,KALIMANTAN UTARA,22,2,25,-5,11154,9442,174,1538
02/04/2021,KALIMANTAN UTARA,16,0,38,-22,11170,9480,174,1516
03/04/2021,KALIMANTAN UTARA,62,1,31,30,11232,9511,175,1546
04/04/2021,KALIMANTAN UTARA,43,0,23,20,11275,9534,175,1566
05/04/2021,KALIMANTAN UTARA,7,1,3,3,11282,9537,176,1569
06/04/2021,KALIMANTAN UTARA,14,1,65,-52,11296,9602,177,1517
07/04/2021,KALIMANTAN UTARA,6,1,38,-33,11302,9640,178,1484
08/04/2021,KALIMANTAN UTARA,0,0,0,0,11302,9640,178,1484
09/04/2021,KALIMANTAN UTARA,42,1,66,-25,11344,9706,179,1459
10/04/2021,KALIMANTAN UTARA,27,0,11,16,11371,9717,179,1475
11/04/2021,KALIMANTAN UTARA,10,0,51,-41,11381,9768,179,1434
12/04/2021,KALIMANTAN UTARA,17,0,177,-160,11398,9945,179,1274
13/04/2021,KALIMANTAN UTARA,14,1,135,-122,11412,10080,180,1152
14/04/2021,KALIMANTAN UTARA,17,0,91,-74,11429,10171,180,1078
15/04/2021,KALIMANTAN UTARA,28,0,20,8,11457,10191,180,1086
16/04/2021,KALIMANTAN UTARA,7,1,10,-4,11464,10201,181,1082
17/04/2021,KALIMANTAN UTARA,15,0,21,-6,11479,10222,181,1076
18/04/2021,KALIMANTAN UTARA,55,0,14,41,11534,10236,181,1117
30/03/2020,KEPULAUAN RIAU,1,2,0,-1,1,0,2,-1
31/03/2020,KEPULAUAN RIAU,1,0,0,1,2,0,2,0
01/04/2020,KEPULAUAN RIAU,0,0,0,0,2,0,2,0
02/04/2020,KEPULAUAN RIAU,0,1,2,-3,2,2,3,-3
03/04/2020,KEPULAUAN RIAU,2,0,0,2,4,2,3,-1
04/04/2020,KEPULAUAN RIAU,0,0,0,0,4,2,3,-1
05/04/2020,KEPULAUAN RIAU,1,0,0,1,5,2,3,0
06/04/2020,KEPULAUAN RIAU,0,0,0,0,5,2,3,0
07/04/2020,KEPULAUAN RIAU,0,0,0,0,5,2,3,0
08/04/2020,KEPULAUAN RIAU,0,0,0,0,5,2,3,0
09/04/2020,KEPULAUAN RIAU,11,0,0,11,16,2,3,11
10/04/2020,KEPULAUAN RIAU,0,0,0,0,16,2,3,11
11/04/2020,KEPULAUAN RIAU,0,2,0,-2,16,2,5,9
12/04/2020,KEPULAUAN RIAU,0,0,0,0,16,2,5,9
13/04/2020,KEPULAUAN RIAU,0,0,0,0,16,2,5,9
14/04/2020,KEPULAUAN RIAU,6,2,0,4,22,2,7,13
15/04/2020,KEPULAUAN RIAU,5,0,3,2,27,5,7,15
16/04/2020,KEPULAUAN RIAU,7,0,0,7,34,5,7,22
17/04/2020,KEPULAUAN RIAU,19,0,1,18,53,6,7,40
18/04/2020,KEPULAUAN RIAU,21,0,0,21,74,6,7,61
19/04/2020,KEPULAUAN RIAU,0,0,1,-1,74,7,7,60
20/04/2020,KEPULAUAN RIAU,0,1,1,-2,74,8,8,58
21/04/2020,KEPULAUAN RIAU,2,0,1,1,76,9,8,59
22/04/2020,KEPULAUAN RIAU,0,0,0,0,76,9,8,59
23/04/2020,KEPULAUAN RIAU,2,0,0,2,78,9,8,61
24/04/2020,KEPULAUAN RIAU,0,0,0,0,78,9,8,61
25/04/2020,KEPULAUAN RIAU,0,0,2,-2,78,11,8,59
26/04/2020,KEPULAUAN RIAU,2,0,0,2,80,11,8,61
27/04/2020,KEPULAUAN RIAU,1,0,0,1,81,11,8,62
28/04/2020,KEPULAUAN RIAU,3,0,0,3,84,11,8,65
29/04/2020,KEPULAUAN RIAU,0,0,4,-4,84,15,8,61
30/04/2020,KEPULAUAN RIAU,0,0,0,0,84,15,8,61
01/05/2020,KEPULAUAN RIAU,0,0,23,-23,84,38,8,38
02/05/2020,KEPULAUAN RIAU,0,0,11,-11,84,49,8,27
03/05/2020,KEPULAUAN RIAU,3,1,1,1,87,50,9,28
04/05/2020,KEPULAUAN RIAU,0,0,1,-1,87,51,9,27
05/05/2020,KEPULAUAN RIAU,5,0,6,-1,92,57,9,26
06/05/2020,KEPULAUAN RIAU,1,0,6,-5,93,63,9,21
07/05/2020,KEPULAUAN RIAU,0,0,4,-4,93,67,9,17
08/05/2020,KEPULAUAN RIAU,2,0,2,0,95,69,9,17
09/05/2020,KEPULAUAN RIAU,1,1,1,-1,96,70,10,16
10/05/2020,KEPULAUAN RIAU,0,0,1,-1,96,71,10,15
11/05/2020,KEPULAUAN RIAU,3,0,7,-4,99,78,10,11
12/05/2020,KEPULAUAN RIAU,2,0,1,1,101,79,10,12
13/05/2020,KEPULAUAN RIAU,5,0,0,5,106,79,10,17
14/05/2020,KEPULAUAN RIAU,0,0,0,0,106,79,10,17
15/05/2020,KEPULAUAN RIAU,4,0,3,1,110,82,10,18
16/05/2020,KEPULAUAN RIAU,1,0,0,1,111,82,10,19
17/05/2020,KEPULAUAN RIAU,0,1,0,-1,111,82,11,18
18/05/2020,KEPULAUAN RIAU,11,0,1,10,122,83,11,28
19/05/2020,KEPULAUAN RIAU,13,0,0,13,135,83,11,41
20/05/2020,KEPULAUAN RIAU,0,0,0,0,135,83,11,41
21/05/2020,KEPULAUAN RIAU,0,0,0,0,135,83,11,41
22/05/2020,KEPULAUAN RIAU,1,0,4,-3,136,87,11,38
23/05/2020,KEPULAUAN RIAU,8,1,1,6,144,88,12,44
24/05/2020,KEPULAUAN RIAU,4,0,0,4,148,88,12,48
25/05/2020,KEPULAUAN RIAU,0,0,0,0,148,88,12,48
26/05/2020,KEPULAUAN RIAU,0,1,1,-2,148,89,13,46
27/05/2020,KEPULAUAN RIAU,8,0,2,6,156,91,13,52
28/05/2020,KEPULAUAN RIAU,13,1,7,5,169,98,14,57
29/05/2020,KEPULAUAN RIAU,3,0,5,-2,172,103,14,55
30/05/2020,KEPULAUAN RIAU,18,0,0,18,190,103,14,73
31/05/2020,KEPULAUAN RIAU,0,1,0,-1,190,103,15,72
01/06/2020,KEPULAUAN RIAU,0,0,0,0,190,103,15,72
02/06/2020,KEPULAUAN RIAU,12,0,0,12,202,103,15,84
03/06/2020,KEPULAUAN RIAU,0,0,1,-1,202,104,15,83
04/06/2020,KEPULAUAN RIAU,11,0,1,10,213,105,15,93
05/06/2020,KEPULAUAN RIAU,3,0,11,-8,216,116,15,85
06/06/2020,KEPULAUAN RIAU,4,0,5,-1,220,121,15,84
07/06/2020,KEPULAUAN RIAU,1,0,0,1,221,121,15,85
08/06/2020,KEPULAUAN RIAU,1,0,3,-2,222,124,15,83
09/06/2020,KEPULAUAN RIAU,0,0,0,0,222,124,15,83
10/06/2020,KEPULAUAN RIAU,0,0,5,-5,222,129,15,78
11/06/2020,KEPULAUAN RIAU,10,0,0,10,232,129,15,88
12/06/2020,KEPULAUAN RIAU,0,0,10,-10,232,139,15,78
13/06/2020,KEPULAUAN RIAU,1,0,6,-5,233,145,15,73
14/06/2020,KEPULAUAN RIAU,0,0,13,-13,233,158,15,60
15/06/2020,KEPULAUAN RIAU,15,0,3,12,248,161,15,72
16/06/2020,KEPULAUAN RIAU,0,0,2,-2,248,163,15,70
17/06/2020,KEPULAUAN RIAU,9,0,10,-1,257,173,15,69
18/06/2020,KEPULAUAN RIAU,1,0,0,1,258,173,15,70
19/06/2020,KEPULAUAN RIAU,2,0,10,-8,260,183,15,62
20/06/2020,KEPULAUAN RIAU,1,0,1,0,261,184,15,62
21/06/2020,KEPULAUAN RIAU,13,0,0,13,274,184,15,75
22/06/2020,KEPULAUAN RIAU,2,0,10,-8,276,194,15,67
23/06/2020,KEPULAUAN RIAU,0,0,1,-1,276,195,15,66
24/06/2020,KEPULAUAN RIAU,3,0,1,2,279,196,15,68
25/06/2020,KEPULAUAN RIAU,7,0,12,-5,286,208,15,63
26/06/2020,KEPULAUAN RIAU,0,0,11,-11,286,219,15,52
27/06/2020,KEPULAUAN RIAU,0,0,17,-17,286,236,15,35
28/06/2020,KEPULAUAN RIAU,2,0,2,0,288,238,15,35
29/06/2020,KEPULAUAN RIAU,0,0,3,-3,288,241,15,32
30/06/2020,KEPULAUAN RIAU,0,0,2,-2,288,243,15,30
01/07/2020,KEPULAUAN RIAU,9,0,1,8,297,244,15,38
02/07/2020,KEPULAUAN RIAU,5,0,11,-6,302,255,15,32
03/07/2020,KEPULAUAN RIAU,3,0,4,-1,305,259,15,31
04/07/2020,KEPULAUAN RIAU,1,0,0,1,306,259,15,32
05/07/2020,KEPULAUAN RIAU,2,0,4,-2,308,263,15,30
06/07/2020,KEPULAUAN RIAU,0,0,0,0,308,263,15,30
07/07/2020,KEPULAUAN RIAU,0,0,5,-5,308,268,15,25
08/07/2020,KEPULAUAN RIAU,5,0,12,-7,313,280,15,18
09/07/2020,KEPULAUAN RIAU,3,0,0,3,316,280,15,21
10/07/2020,KEPULAUAN RIAU,0,0,4,-4,316,284,15,17
11/07/2020,KEPULAUAN RIAU,6,0,7,-1,322,291,15,16
12/07/2020,KEPULAUAN RIAU,5,0,1,4,327,292,15,20
13/07/2020,KEPULAUAN RIAU,0,0,1,-1,327,293,15,19
14/07/2020,KEPULAUAN RIAU,5,0,1,4,332,294,15,23
15/07/2020,KEPULAUAN RIAU,4,0,5,-1,336,299,15,22
16/07/2020,KEPULAUAN RIAU,0,0,0,0,336,299,15,22
17/07/2020,KEPULAUAN RIAU,0,0,0,0,336,299,15,22
18/07/2020,KEPULAUAN RIAU,3,0,0,3,339,299,15,25
19/07/2020,KEPULAUAN RIAU,1,0,0,1,340,299,15,26
20/07/2020,KEPULAUAN RIAU,1,0,2,-1,341,301,15,25
21/07/2020,KEPULAUAN RIAU,0,0,0,0,341,301,15,25
22/07/2020,KEPULAUAN RIAU,4,0,1,3,345,302,15,28
23/07/2020,KEPULAUAN RIAU,0,0,4,-4,345,306,15,24
24/07/2020,KEPULAUAN RIAU,2,0,9,-7,347,315,15,17
25/07/2020,KEPULAUAN RIAU,3,0,1,2,350,316,15,19
26/07/2020,KEPULAUAN RIAU,1,1,0,0,351,316,16,19
27/07/2020,KEPULAUAN RIAU,2,0,0,2,353,316,16,21
28/07/2020,KEPULAUAN RIAU,8,1,6,1,361,322,17,22
29/07/2020,KEPULAUAN RIAU,8,1,0,7,369,322,18,29
30/07/2020,KEPULAUAN RIAU,0,0,0,0,369,322,18,29
31/07/2020,KEPULAUAN RIAU,77,1,0,76,446,322,19,105
01/08/2020,KEPULAUAN RIAU,41,0,0,41,487,322,19,146
02/08/2020,KEPULAUAN RIAU,2,0,0,2,489,322,19,148
03/08/2020,KEPULAUAN RIAU,0,0,0,0,489,322,19,148
04/08/2020,KEPULAUAN RIAU,0,0,0,0,489,322,19,148
05/08/2020,KEPULAUAN RIAU,7,3,0,4,496,322,22,152
06/08/2020,KEPULAUAN RIAU,0,0,0,0,496,322,22,152
07/08/2020,KEPULAUAN RIAU,17,0,1,16,513,323,22,168
08/08/2020,KEPULAUAN RIAU,9,0,0,9,522,323,22,177
09/08/2020,KEPULAUAN RIAU,8,1,0,7,530,323,23,184
10/08/2020,KEPULAUAN RIAU,21,0,2,19,551,325,23,203
11/08/2020,KEPULAUAN RIAU,16,0,6,10,567,331,23,213
12/08/2020,KEPULAUAN RIAU,27,1,0,26,594,331,24,239
13/08/2020,KEPULAUAN RIAU,15,1,31,-17,609,362,25,222
14/08/2020,KEPULAUAN RIAU,12,0,18,-6,621,380,25,216
15/08/2020,KEPULAUAN RIAU,22,1,5,16,643,385,26,232
16/08/2020,KEPULAUAN RIAU,10,1,2,7,653,387,27,239
17/08/2020,KEPULAUAN RIAU,12,0,8,4,665,395,27,243
18/08/2020,KEPULAUAN RIAU,0,0,0,0,665,395,27,243
19/08/2020,KEPULAUAN RIAU,15,0,10,5,680,405,27,248
20/08/2020,KEPULAUAN RIAU,1,2,11,-12,681,416,29,236
21/08/2020,KEPULAUAN RIAU,23,1,30,-8,704,446,30,228
22/08/2020,KEPULAUAN RIAU,0,1,0,-1,704,446,31,227
23/08/2020,KEPULAUAN RIAU,39,2,17,20,743,463,33,247
24/08/2020,KEPULAUAN RIAU,11,0,3,8,754,466,33,255
25/08/2020,KEPULAUAN RIAU,10,1,48,-39,764,514,34,216
26/08/2020,KEPULAUAN RIAU,7,0,11,-4,771,525,34,212
27/08/2020,KEPULAUAN RIAU,50,3,6,41,821,531,37,253
28/08/2020,KEPULAUAN RIAU,41,0,6,35,862,537,37,288
29/08/2020,KEPULAUAN RIAU,35,2,13,20,897,550,39,308
30/08/2020,KEPULAUAN RIAU,1,0,0,1,898,550,39,309
31/08/2020,KEPULAUAN RIAU,88,1,23,64,986,573,40,373
01/09/2020,KEPULAUAN RIAU,27,0,0,27,1013,573,40,400
02/09/2020,KEPULAUAN RIAU,47,0,6,41,1060,579,40,441
03/09/2020,KEPULAUAN RIAU,37,0,8,29,1097,587,40,470
04/09/2020,KEPULAUAN RIAU,65,0,9,56,1162,596,40,526
05/09/2020,KEPULAUAN RIAU,17,0,1,16,1179,597,40,542
06/09/2020,KEPULAUAN RIAU,0,0,0,0,1179,597,40,542
07/09/2020,KEPULAUAN RIAU,53,2,52,-1,1232,649,42,541
08/09/2020,KEPULAUAN RIAU,24,1,6,17,1256,655,43,558
09/09/2020,KEPULAUAN RIAU,52,0,1,51,1308,656,43,609
10/09/2020,KEPULAUAN RIAU,28,1,1,26,1336,657,44,635
11/09/2020,KEPULAUAN RIAU,17,0,70,-53,1353,727,44,582
12/09/2020,KEPULAUAN RIAU,21,4,37,-20,1374,764,48,562
13/09/2020,KEPULAUAN RIAU,33,0,2,31,1407,766,48,593
14/09/2020,KEPULAUAN RIAU,19,0,75,-56,1426,841,48,537
15/09/2020,KEPULAUAN RIAU,8,0,25,-17,1434,866,48,520
16/09/2020,KEPULAUAN RIAU,21,0,9,12,1455,875,48,532
17/09/2020,KEPULAUAN RIAU,34,0,1,33,1489,876,48,565
18/09/2020,KEPULAUAN RIAU,88,4,279,-195,1577,1155,52,370
19/09/2020,KEPULAUAN RIAU,46,1,18,27,1623,1173,53,397
20/09/2020,KEPULAUAN RIAU,12,1,0,11,1635,1173,54,408
21/09/2020,KEPULAUAN RIAU,85,0,0,85,1720,1173,54,493
22/09/2020,KEPULAUAN RIAU,23,0,6,17,1743,1179,54,510
23/09/2020,KEPULAUAN RIAU,117,0,19,98,1860,1198,54,608
24/09/2020,KEPULAUAN RIAU,11,0,16,-5,1871,1214,54,603
25/09/2020,KEPULAUAN RIAU,147,0,13,134,2018,1227,54,737
26/09/2020,KEPULAUAN RIAU,92,0,65,27,2110,1292,54,764
27/09/2020,KEPULAUAN RIAU,56,0,1,55,2166,1293,54,819
28/09/2020,KEPULAUAN RIAU,12,0,104,-92,2178,1397,54,727
29/09/2020,KEPULAUAN RIAU,17,0,15,2,2195,1412,54,729
30/09/2020,KEPULAUAN RIAU,34,0,3,31,2229,1415,54,760
01/10/2020,KEPULAUAN RIAU,16,0,1,15,2245,1416,54,775
02/10/2020,KEPULAUAN RIAU,23,0,9,14,2268,1425,54,789
03/10/2020,KEPULAUAN RIAU,33,0,31,2,2301,1456,54,791
04/10/2020,KEPULAUAN RIAU,37,1,1,35,2338,1457,55,826
05/10/2020,KEPULAUAN RIAU,39,3,85,-49,2377,1542,58,777
06/10/2020,KEPULAUAN RIAU,29,0,44,-15,2406,1586,58,762
07/10/2020,KEPULAUAN RIAU,10,0,100,-90,2416,1686,58,672
08/10/2020,KEPULAUAN RIAU,29,1,132,-104,2445,1818,59,568
09/10/2020,KEPULAUAN RIAU,0,0,0,0,2445,1818,59,568
10/10/2020,KEPULAUAN RIAU,75,0,133,-58,2520,1951,59,510
11/10/2020,KEPULAUAN RIAU,22,1,44,-23,2542,1995,60,487
12/10/2020,KEPULAUAN RIAU,72,0,43,29,2614,2038,60,516
13/10/2020,KEPULAUAN RIAU,22,0,53,-31,2636,2091,60,485
14/10/2020,KEPULAUAN RIAU,20,6,1,13,2656,2092,66,498
15/10/2020,KEPULAUAN RIAU,38,1,67,-30,2694,2159,67,468
16/10/2020,KEPULAUAN RIAU,69,0,70,-1,2763,2229,67,467
17/10/2020,KEPULAUAN RIAU,0,1,0,-1,2763,2229,68,466
18/10/2020,KEPULAUAN RIAU,68,1,35,32,2831,2264,69,498
19/10/2020,KEPULAUAN RIAU,47,1,1,45,2878,2265,70,543
20/10/2020,KEPULAUAN RIAU,32,2,78,-48,2910,2343,72,495
21/10/2020,KEPULAUAN RIAU,97,1,0,96,3007,2343,73,591
22/10/2020,KEPULAUAN RIAU,0,0,0,0,3007,2343,73,591
23/10/2020,KEPULAUAN RIAU,114,7,26,81,3121,2369,80,672
24/10/2020,KEPULAUAN RIAU,81,6,34,41,3202,2403,86,713
25/10/2020,KEPULAUAN RIAU,155,1,52,102,3357,2455,87,815
26/10/2020,KEPULAUAN RIAU,138,3,67,68,3495,2522,90,883
27/10/2020,KEPULAUAN RIAU,103,0,0,103,3598,2522,90,986
28/10/2020,KEPULAUAN RIAU,135,1,22,112,3733,2544,91,1098
29/10/2020,KEPULAUAN RIAU,163,2,23,138,3896,2567,93,1236
30/10/2020,KEPULAUAN RIAU,67,1,35,31,3963,2602,94,1267
31/10/2020,KEPULAUAN RIAU,40,0,56,-16,4003,2658,94,1251
01/11/2020,KEPULAUAN RIAU,17,0,3,14,4020,2661,94,1265
02/11/2020,KEPULAUAN RIAU,22,0,107,-85,4042,2768,94,1180
03/11/2020,KEPULAUAN RIAU,64,1,0,63,4106,2768,95,1243
04/11/2020,KEPULAUAN RIAU,34,0,31,3,4140,2799,95,1246
05/11/2020,KEPULAUAN RIAU,44,1,68,-25,4184,2867,96,1221
06/11/2020,KEPULAUAN RIAU,42,0,26,16,4226,2893,96,1237
07/11/2020,KEPULAUAN RIAU,43,4,28,11,4269,2921,100,1248
08/11/2020,KEPULAUAN RIAU,84,5,82,-3,4353,3003,105,1245
09/11/2020,KEPULAUAN RIAU,28,5,49,-26,4381,3052,110,1219
10/11/2020,KEPULAUAN RIAU,0,0,0,0,4381,3052,110,1219
11/11/2020,KEPULAUAN RIAU,158,0,16,142,4539,3068,110,1361
12/11/2020,KEPULAUAN RIAU,97,5,0,92,4636,3068,115,1453
13/11/2020,KEPULAUAN RIAU,74,1,65,8,4710,3133,116,1461
14/11/2020,KEPULAUAN RIAU,21,0,114,-93,4731,3247,116,1368
15/11/2020,KEPULAUAN RIAU,0,1,132,-133,4731,3379,117,1235
16/11/2020,KEPULAUAN RIAU,2,2,0,0,4733,3379,119,1235
17/11/2020,KEPULAUAN RIAU,1,1,102,-102,4734,3481,120,1133
18/11/2020,KEPULAUAN RIAU,0,0,2,-2,4734,3483,120,1131
19/11/2020,KEPULAUAN RIAU,21,0,1,20,4755,3484,120,1151
20/11/2020,KEPULAUAN RIAU,7,0,3,4,4762,3487,120,1155
21/11/2020,KEPULAUAN RIAU,0,0,0,0,4762,3487,120,1155
22/11/2020,KEPULAUAN RIAU,174,0,0,174,4936,3487,120,1329
23/11/2020,KEPULAUAN RIAU,273,0,13,260,5209,3500,120,1589
24/11/2020,KEPULAUAN RIAU,45,0,3,42,5254,3503,120,1631
25/11/2020,KEPULAUAN RIAU,28,7,388,-367,5282,3891,127,1264
26/11/2020,KEPULAUAN RIAU,18,2,109,-93,5300,4000,129,1171
27/11/2020,KEPULAUAN RIAU,46,3,32,11,5346,4032,132,1182
28/11/2020,KEPULAUAN RIAU,26,0,54,-28,5372,4086,132,1154
29/11/2020,KEPULAUAN RIAU,67,3,46,18,5439,4132,135,1172
30/11/2020,KEPULAUAN RIAU,14,0,12,2,5453,4144,135,1174
01/12/2020,KEPULAUAN RIAU,33,0,39,-6,5486,4183,135,1168
02/12/2020,KEPULAUAN RIAU,32,1,0,31,5518,4183,136,1199
03/12/2020,KEPULAUAN RIAU,77,0,223,-146,5595,4406,136,1053
04/12/2020,KEPULAUAN RIAU,56,0,0,56,5651,4406,136,1109
05/12/2020,KEPULAUAN RIAU,86,0,147,-61,5737,4553,136,1048
06/12/2020,KEPULAUAN RIAU,113,4,77,32,5850,4630,140,1080
07/12/2020,KEPULAUAN RIAU,45,5,16,24,5895,4646,145,1104
08/12/2020,KEPULAUAN RIAU,50,3,10,37,5945,4656,148,1141
09/12/2020,KEPULAUAN RIAU,12,0,1,11,5957,4657,148,1152
10/12/2020,KEPULAUAN RIAU,72,0,29,43,6029,4686,148,1195
11/12/2020,KEPULAUAN RIAU,45,1,301,-257,6074,4987,149,938
12/12/2020,KEPULAUAN RIAU,59,0,146,-87,6133,5133,149,851
13/12/2020,KEPULAUAN RIAU,78,3,54,21,6211,5187,152,872
14/12/2020,KEPULAUAN RIAU,97,2,53,42,6308,5240,154,914
15/12/2020,KEPULAUAN RIAU,20,0,21,-1,6328,5261,154,913
16/12/2020,KEPULAUAN RIAU,53,2,68,-17,6381,5329,156,896
17/12/2020,KEPULAUAN RIAU,82,0,18,64,6463,5347,156,960
18/12/2020,KEPULAUAN RIAU,11,2,29,-20,6474,5376,158,940
19/12/2020,KEPULAUAN RIAU,49,0,35,14,6523,5411,158,954
20/12/2020,KEPULAUAN RIAU,0,0,69,-69,6523,5480,158,885
21/12/2020,KEPULAUAN RIAU,154,0,9,145,6677,5489,158,1030
22/12/2020,KEPULAUAN RIAU,33,2,56,-25,6710,5545,160,1005
23/12/2020,KEPULAUAN RIAU,45,0,73,-28,6755,5618,160,977
24/12/2020,KEPULAUAN RIAU,17,1,108,-92,6772,5726,161,885
25/12/2020,KEPULAUAN RIAU,78,1,43,34,6850,5769,162,919
26/12/2020,KEPULAUAN RIAU,15,2,50,-37,6865,5819,164,882
27/12/2020,KEPULAUAN RIAU,8,0,12,-4,6873,5831,164,878
28/12/2020,KEPULAUAN RIAU,33,3,74,-44,6906,5905,167,834
29/12/2020,KEPULAUAN RIAU,22,3,42,-23,6928,5947,170,811
30/12/2020,KEPULAUAN RIAU,35,0,43,-8,6963,5990,170,803
31/12/2020,KEPULAUAN RIAU,27,0,62,-35,6990,6052,170,768
01/01/2021,KEPULAUAN RIAU,19,1,8,10,7009,6060,171,778
02/01/2021,KEPULAUAN RIAU,19,0,98,-79,7028,6158,171,699
03/01/2021,KEPULAUAN RIAU,13,0,21,-8,7041,6179,171,691
04/01/2021,KEPULAUAN RIAU,63,0,54,9,7104,6233,171,700
05/01/2021,KEPULAUAN RIAU,30,2,55,-27,7134,6288,173,673
06/01/2021,KEPULAUAN RIAU,25,0,58,-33,7159,6346,173,640
07/01/2021,KEPULAUAN RIAU,22,2,8,12,7181,6354,175,652
08/01/2021,KEPULAUAN RIAU,26,0,50,-24,7207,6404,175,628
09/01/2021,KEPULAUAN RIAU,60,1,100,-41,7267,6504,176,587
10/01/2021,KEPULAUAN RIAU,34,0,39,-5,7301,6543,176,582
11/01/2021,KEPULAUAN RIAU,19,0,23,-4,7320,6566,176,578
12/01/2021,KEPULAUAN RIAU,32,2,30,0,7352,6596,178,578
13/01/2021,KEPULAUAN RIAU,28,2,16,10,7380,6612,180,588
14/01/2021,KEPULAUAN RIAU,51,1,62,-12,7431,6674,181,576
15/01/2021,KEPULAUAN RIAU,26,1,14,11,7457,6688,182,587
16/01/2021,KEPULAUAN RIAU,63,0,4,59,7520,6692,182,646
17/01/2021,KEPULAUAN RIAU,29,2,31,-4,7549,6723,184,642
18/01/2021,KEPULAUAN RIAU,85,2,24,59,7634,6747,186,701
19/01/2021,KEPULAUAN RIAU,30,0,31,-1,7664,6778,186,700
20/01/2021,KEPULAUAN RIAU,34,1,28,5,7698,6806,187,705
21/01/2021,KEPULAUAN RIAU,30,2,21,7,7728,6827,189,712
22/01/2021,KEPULAUAN RIAU,60,2,21,37,7788,6848,191,749
23/01/2021,KEPULAUAN RIAU,15,0,15,0,7803,6863,191,749
24/01/2021,KEPULAUAN RIAU,23,0,64,-41,7826,6927,191,708
25/01/2021,KEPULAUAN RIAU,32,0,3,29,7858,6930,191,737
26/01/2021,KEPULAUAN RIAU,28,1,30,-3,7886,6960,192,734
27/01/2021,KEPULAUAN RIAU,18,1,25,-8,7904,6985,193,726
28/01/2021,KEPULAUAN RIAU,37,2,21,14,7941,7006,195,740
29/01/2021,KEPULAUAN RIAU,27,0,22,5,7968,7028,195,745
30/01/2021,KEPULAUAN RIAU,26,0,59,-33,7994,7087,195,712
31/01/2021,KEPULAUAN RIAU,100,2,33,65,8094,7120,197,777
01/02/2021,KEPULAUAN RIAU,50,3,10,37,8144,7130,200,814
02/02/2021,KEPULAUAN RIAU,26,2,172,-148,8170,7302,202,666
03/02/2021,KEPULAUAN RIAU,19,0,0,19,8189,7302,202,685
04/02/2021,KEPULAUAN RIAU,36,0,53,-17,8225,7355,202,668
05/02/2021,KEPULAUAN RIAU,25,0,161,-136,8250,7516,202,532
06/02/2021,KEPULAUAN RIAU,19,1,33,-15,8269,7549,203,517
07/02/2021,KEPULAUAN RIAU,31,0,51,-20,8300,7600,203,497
08/02/2021,KEPULAUAN RIAU,10,0,67,-57,8310,7667,203,440
09/02/2021,KEPULAUAN RIAU,51,4,32,15,8361,7699,207,455
10/02/2021,KEPULAUAN RIAU,37,0,80,-43,8398,7779,207,412
11/02/2021,KEPULAUAN RIAU,25,0,33,-8,8423,7812,207,404
12/02/2021,KEPULAUAN RIAU,11,0,69,-58,8434,7881,207,346
13/02/2021,KEPULAUAN RIAU,20,1,7,12,8454,7888,208,358
14/02/2021,KEPULAUAN RIAU,33,0,17,16,8487,7905,208,374
15/02/2021,KEPULAUAN RIAU,8,0,1,7,8495,7906,208,381
16/02/2021,KEPULAUAN RIAU,14,0,7,7,8509,7913,208,388
17/02/2021,KEPULAUAN RIAU,13,1,3,9,8522,7916,209,397
18/02/2021,KEPULAUAN RIAU,25,0,108,-83,8547,8024,209,314
19/02/2021,KEPULAUAN RIAU,11,2,71,-62,8558,8095,211,252
20/02/2021,KEPULAUAN RIAU,17,2,30,-15,8575,8125,213,237
21/02/2021,KEPULAUAN RIAU,24,3,22,-1,8599,8147,216,236
22/02/2021,KEPULAUAN RIAU,22,0,21,1,8621,8168,216,237
23/02/2021,KEPULAUAN RIAU,16,0,1,15,8637,8169,216,252
24/02/2021,KEPULAUAN RIAU,15,1,19,-5,8652,8188,217,247
25/02/2021,KEPULAUAN RIAU,8,0,75,-67,8660,8263,217,180
26/02/2021,KEPULAUAN RIAU,19,0,14,5,8679,8277,217,185
27/02/2021,KEPULAUAN RIAU,11,0,7,4,8690,8284,217,189
28/02/2021,KEPULAUAN RIAU,7,1,4,2,8697,8288,218,191
01/03/2021,KEPULAUAN RIAU,13,1,20,-8,8710,8308,219,183
02/03/2021,KEPULAUAN RIAU,9,0,12,-3,8719,8320,219,180
03/03/2021,KEPULAUAN RIAU,6,0,19,-13,8725,8339,219,167
04/03/2021,KEPULAUAN RIAU,12,0,17,-5,8737,8356,219,162
05/03/2021,KEPULAUAN RIAU,19,0,17,2,8756,8373,219,164
06/03/2021,KEPULAUAN RIAU,13,0,18,-5,8769,8391,219,159
07/03/2021,KEPULAUAN RIAU,13,0,17,-4,8782,8408,219,155
08/03/2021,KEPULAUAN RIAU,17,1,3,13,8799,8411,220,168
09/03/2021,KEPULAUAN RIAU,3,0,22,-19,8802,8433,220,149
10/03/2021,KEPULAUAN RIAU,14,0,20,-6,8816,8453,220,143
11/03/2021,KEPULAUAN RIAU,18,0,9,9,8834,8462,220,152
12/03/2021,KEPULAUAN RIAU,3,0,13,-10,8837,8475,220,142
13/03/2021,KEPULAUAN RIAU,4,1,5,-2,8841,8480,221,140
14/03/2021,KEPULAUAN RIAU,27,0,8,19,8868,8488,221,159
15/03/2021,KEPULAUAN RIAU,4,1,3,0,8872,8491,222,159
16/03/2021,KEPULAUAN RIAU,2,0,22,-20,8874,8513,222,139
17/03/2021,KEPULAUAN RIAU,37,1,4,32,8911,8517,223,171
18/03/2021,KEPULAUAN RIAU,8,1,18,-11,8919,8535,224,160
19/03/2021,KEPULAUAN RIAU,19,0,4,15,8938,8539,224,175
20/03/2021,KEPULAUAN RIAU,12,0,3,9,8950,8542,224,184
21/03/2021,KEPULAUAN RIAU,5,0,15,-10,8955,8557,224,174
22/03/2021,KEPULAUAN RIAU,33,1,25,7,8988,8582,225,181
23/03/2021,KEPULAUAN RIAU,15,0,6,9,9003,8588,225,190
24/03/2021,KEPULAUAN RIAU,31,1,1,29,9034,8589,226,219
25/03/2021,KEPULAUAN RIAU,42,0,22,20,9076,8611,226,239
26/03/2021,KEPULAUAN RIAU,17,2,17,-2,9093,8628,228,237
27/03/2021,KEPULAUAN RIAU,25,0,1,24,9118,8629,228,261
28/03/2021,KEPULAUAN RIAU,20,0,8,12,9138,8637,228,273
29/03/2021,KEPULAUAN RIAU,11,0,2,9,9149,8639,228,282
30/03/2021,KEPULAUAN RIAU,8,0,38,-30,9157,8677,228,252
31/03/2021,KEPULAUAN RIAU,23,0,4,19,9180,8681,228,271
01/04/2021,KEPULAUAN RIAU,31,0,18,13,9211,8699,228,284
02/04/2021,KEPULAUAN RIAU,32,1,35,-4,9243,8734,229,280
03/04/2021,KEPULAUAN RIAU,56,0,43,13,9299,8777,229,293
04/04/2021,KEPULAUAN RIAU,10,0,0,10,9309,8777,229,303
05/04/2021,KEPULAUAN RIAU,44,0,5,39,9353,8782,229,342
06/04/2021,KEPULAUAN RIAU,23,0,17,6,9376,8799,229,348
07/04/2021,KEPULAUAN RIAU,34,1,21,12,9410,8820,230,360
08/04/2021,KEPULAUAN RIAU,26,2,18,6,9436,8838,232,366
09/04/2021,KEPULAUAN RIAU,58,1,5,52,9494,8843,233,418
10/04/2021,KEPULAUAN RIAU,25,1,29,-5,9519,8872,234,413
11/04/2021,KEPULAUAN RIAU,38,0,7,31,9557,8879,234,444
12/04/2021,KEPULAUAN RIAU,24,2,49,-27,9581,8928,236,417
13/04/2021,KEPULAUAN RIAU,87,1,22,64,9668,8950,237,481
14/04/2021,KEPULAUAN RIAU,45,0,15,30,9713,8965,237,511
15/04/2021,KEPULAUAN RIAU,129,0,10,119,9842,8975,237,630
16/04/2021,KEPULAUAN RIAU,66,2,12,52,9908,8987,239,682
17/04/2021,KEPULAUAN RIAU,69,0,37,32,9977,9024,239,714
18/04/2021,KEPULAUAN RIAU,88,0,2,86,10065,9026,239,800
29/03/2020,KALIMANTAN BARAT,5,0,2,3,5,2,0,3
30/03/2020,KALIMANTAN BARAT,1,0,0,1,6,2,0,4
31/03/2020,KALIMANTAN BARAT,0,0,0,0,6,2,0,4
01/04/2020,KALIMANTAN BARAT,1,0,0,1,7,2,0,5
02/04/2020,KALIMANTAN BARAT,0,1,0,-1,7,2,1,4
03/04/2020,KALIMANTAN BARAT,0,0,0,0,7,2,1,4
04/04/2020,KALIMANTAN BARAT,0,0,0,0,7,2,1,4
05/04/2020,KALIMANTAN BARAT,0,0,0,0,7,2,1,4
06/04/2020,KALIMANTAN BARAT,0,0,0,0,7,2,1,4
07/04/2020,KALIMANTAN BARAT,0,0,1,-1,7,3,1,3
08/04/2020,KALIMANTAN BARAT,0,0,0,0,7,3,1,3
09/04/2020,KALIMANTAN BARAT,0,0,0,0,7,3,1,3
10/04/2020,KALIMANTAN BARAT,0,0,0,0,7,3,1,3
11/04/2020,KALIMANTAN BARAT,0,0,0,0,7,3,1,3
12/04/2020,KALIMANTAN BARAT,3,0,0,3,10,3,1,6
13/04/2020,KALIMANTAN BARAT,0,0,0,0,10,3,1,6
14/04/2020,KALIMANTAN BARAT,0,0,2,-2,10,5,1,4
15/04/2020,KALIMANTAN BARAT,0,0,0,0,10,5,1,4
16/04/2020,KALIMANTAN BARAT,8,0,0,8,18,5,1,12
17/04/2020,KALIMANTAN BARAT,0,0,0,0,18,5,1,12
18/04/2020,KALIMANTAN BARAT,0,0,0,0,18,5,1,12
19/04/2020,KALIMANTAN BARAT,0,0,0,0,18,5,1,12
20/04/2020,KALIMANTAN BARAT,0,0,0,0,18,5,1,12
21/04/2020,KALIMANTAN BARAT,6,0,1,5,24,6,1,17
22/04/2020,KALIMANTAN BARAT,4,0,1,3,28,7,1,20
23/04/2020,KALIMANTAN BARAT,19,0,0,19,47,7,1,39
24/04/2020,KALIMANTAN BARAT,0,0,0,0,47,7,1,39
25/04/2020,KALIMANTAN BARAT,1,0,0,1,48,7,1,40
26/04/2020,KALIMANTAN BARAT,0,0,0,0,48,7,1,40
27/04/2020,KALIMANTAN BARAT,0,0,0,0,48,7,1,40
28/04/2020,KALIMANTAN BARAT,0,0,0,0,48,7,1,40
29/04/2020,KALIMANTAN BARAT,7,0,0,7,55,7,1,47
30/04/2020,KALIMANTAN BARAT,0,0,0,0,55,7,1,47
01/05/2020,KALIMANTAN BARAT,3,0,0,3,58,7,1,50
02/05/2020,KALIMANTAN BARAT,7,0,0,7,65,7,1,57
03/05/2020,KALIMANTAN BARAT,2,0,0,2,67,7,1,59
04/05/2020,KALIMANTAN BARAT,3,0,0,3,70,7,1,62
05/05/2020,KALIMANTAN BARAT,0,0,0,0,70,7,1,62
06/05/2020,KALIMANTAN BARAT,17,0,3,14,87,10,1,76
07/05/2020,KALIMANTAN BARAT,5,0,0,5,92,10,1,81
08/05/2020,KALIMANTAN BARAT,0,0,0,0,92,10,1,81
09/05/2020,KALIMANTAN BARAT,23,0,0,23,115,10,1,104
10/05/2020,KALIMANTAN BARAT,2,0,0,2,117,10,1,106
11/05/2020,KALIMANTAN BARAT,0,0,0,0,117,10,1,106
12/05/2020,KALIMANTAN BARAT,3,0,9,-6,120,19,1,100
13/05/2020,KALIMANTAN BARAT,6,1,2,3,126,21,2,103
14/05/2020,KALIMANTAN BARAT,0,0,0,0,126,21,2,103
15/05/2020,KALIMANTAN BARAT,0,0,0,0,126,21,2,103
16/05/2020,KALIMANTAN BARAT,2,0,0,2,128,21,2,105
17/05/2020,KALIMANTAN BARAT,1,0,2,-1,129,23,2,104
18/05/2020,KALIMANTAN BARAT,0,0,8,-8,129,31,2,96
19/05/2020,KALIMANTAN BARAT,0,0,0,0,129,31,2,96
20/05/2020,KALIMANTAN BARAT,0,0,0,0,129,31,2,96
21/05/2020,KALIMANTAN BARAT,1,0,5,-4,130,36,2,92
22/05/2020,KALIMANTAN BARAT,7,0,1,6,137,37,2,98
23/05/2020,KALIMANTAN BARAT,28,0,0,28,165,37,2,126
24/05/2020,KALIMANTAN BARAT,0,0,0,0,165,37,2,126
25/05/2020,KALIMANTAN BARAT,7,0,5,2,172,42,2,128
26/05/2020,KALIMANTAN BARAT,1,0,1,0,173,43,2,128
27/05/2020,KALIMANTAN BARAT,7,0,0,7,180,43,2,135
28/05/2020,KALIMANTAN BARAT,1,0,0,1,181,43,2,136
29/05/2020,KALIMANTAN BARAT,0,0,3,-3,181,46,2,133
30/05/2020,KALIMANTAN BARAT,0,0,0,0,181,46,2,133
31/05/2020,KALIMANTAN BARAT,5,0,5,0,186,51,2,133
01/06/2020,KALIMANTAN BARAT,7,0,3,4,193,54,2,137
02/06/2020,KALIMANTAN BARAT,0,0,0,0,193,54,2,137
03/06/2020,KALIMANTAN BARAT,6,0,24,-18,199,78,2,119
04/06/2020,KALIMANTAN BARAT,0,0,15,-15,199,93,2,104
05/06/2020,KALIMANTAN BARAT,3,0,15,-12,202,108,2,92
06/06/2020,KALIMANTAN BARAT,5,0,5,0,207,113,2,92
07/06/2020,KALIMANTAN BARAT,0,0,0,0,207,113,2,92
08/06/2020,KALIMANTAN BARAT,0,0,3,-3,207,116,2,89
09/06/2020,KALIMANTAN BARAT,24,0,1,23,231,117,2,112
10/06/2020,KALIMANTAN BARAT,11,0,20,-9,242,137,2,103
11/06/2020,KALIMANTAN BARAT,0,0,7,-7,242,144,2,96
12/06/2020,KALIMANTAN BARAT,22,0,1,21,264,145,2,117
13/06/2020,KALIMANTAN BARAT,0,0,4,-4,264,149,2,113
14/06/2020,KALIMANTAN BARAT,1,0,9,-8,265,158,2,105
15/06/2020,KALIMANTAN BARAT,0,0,7,-7,265,165,2,98
16/06/2020,KALIMANTAN BARAT,2,0,1,1,267,166,2,99
17/06/2020,KALIMANTAN BARAT,12,0,0,12,279,166,2,111
18/06/2020,KALIMANTAN BARAT,0,0,6,-6,279,172,2,105
19/06/2020,KALIMANTAN BARAT,14,0,13,1,293,185,2,106
20/06/2020,KALIMANTAN BARAT,2,0,9,-7,295,194,2,99
21/06/2020,KALIMANTAN BARAT,0,0,21,-21,295,215,2,78
22/06/2020,KALIMANTAN BARAT,0,0,3,-3,295,218,2,75
23/06/2020,KALIMANTAN BARAT,15,0,4,11,310,222,2,86
24/06/2020,KALIMANTAN BARAT,0,0,5,-5,310,227,2,81
25/06/2020,KALIMANTAN BARAT,0,0,7,-7,310,234,2,74
26/06/2020,KALIMANTAN BARAT,0,0,6,-6,310,240,2,68
27/06/2020,KALIMANTAN BARAT,8,0,10,-2,318,250,2,66
28/06/2020,KALIMANTAN BARAT,0,0,8,-8,318,258,2,58
29/06/2020,KALIMANTAN BARAT,0,0,4,-4,318,262,2,54
30/06/2020,KALIMANTAN BARAT,0,0,5,-5,318,267,2,49
01/07/2020,KALIMANTAN BARAT,15,0,3,12,333,270,2,61
02/07/2020,KALIMANTAN BARAT,0,0,0,0,333,270,2,61
03/07/2020,KALIMANTAN BARAT,0,0,6,-6,333,276,2,55
04/07/2020,KALIMANTAN BARAT,0,0,4,-4,333,280,2,51
05/07/2020,KALIMANTAN BARAT,3,0,19,-16,336,299,2,35
06/07/2020,KALIMANTAN BARAT,0,0,0,0,336,299,2,35
07/07/2020,KALIMANTAN BARAT,5,0,5,0,341,304,2,35
08/07/2020,KALIMANTAN BARAT,0,0,1,-1,341,305,2,34
09/07/2020,KALIMANTAN BARAT,3,0,2,1,344,307,2,35
10/07/2020,KALIMANTAN BARAT,0,0,0,0,344,307,2,35
11/07/2020,KALIMANTAN BARAT,0,0,19,-19,344,326,2,16
12/07/2020,KALIMANTAN BARAT,3,0,0,3,347,326,2,19
13/07/2020,KALIMANTAN BARAT,5,0,1,4,352,327,2,23
14/07/2020,KALIMANTAN BARAT,0,0,12,-12,352,339,2,11
15/07/2020,KALIMANTAN BARAT,0,0,0,0,352,339,2,11
16/07/2020,KALIMANTAN BARAT,4,0,1,3,356,340,2,14
17/07/2020,KALIMANTAN BARAT,0,0,0,0,356,340,2,14
18/07/2020,KALIMANTAN BARAT,0,0,6,-6,356,346,2,8
19/07/2020,KALIMANTAN BARAT,0,0,4,-4,356,350,2,4
20/07/2020,KALIMANTAN BARAT,0,0,0,0,356,350,2,4
21/07/2020,KALIMANTAN BARAT,0,0,0,0,356,350,2,4
22/07/2020,KALIMANTAN BARAT,0,0,4,-4,356,354,2,0
23/07/2020,KALIMANTAN BARAT,0,0,0,0,356,354,2,0
24/07/2020,KALIMANTAN BARAT,0,0,0,0,356,354,2,0
25/07/2020,KALIMANTAN BARAT,6,0,0,6,362,354,2,6
26/07/2020,KALIMANTAN BARAT,0,0,0,0,362,354,2,6
27/07/2020,KALIMANTAN BARAT,0,0,0,0,362,354,2,6
28/07/2020,KALIMANTAN BARAT,16,0,0,16,378,354,2,22
29/07/2020,KALIMANTAN BARAT,0,0,0,0,378,354,2,22
30/07/2020,KALIMANTAN BARAT,0,0,0,0,378,354,2,22
31/07/2020,KALIMANTAN BARAT,6,0,0,6,384,354,2,28
01/08/2020,KALIMANTAN BARAT,0,0,0,0,384,354,2,28
02/08/2020,KALIMANTAN BARAT,0,0,0,0,384,354,2,28
03/08/2020,KALIMANTAN BARAT,0,0,0,0,384,354,2,28
04/08/2020,KALIMANTAN BARAT,0,0,16,-16,384,370,2,12
05/08/2020,KALIMANTAN BARAT,0,0,0,0,384,370,2,12
06/08/2020,KALIMANTAN BARAT,7,0,0,7,391,370,2,19
07/08/2020,KALIMANTAN BARAT,3,0,3,0,394,373,2,19
08/08/2020,KALIMANTAN BARAT,0,0,0,0,394,373,2,19
09/08/2020,KALIMANTAN BARAT,13,0,6,7,407,379,2,26
10/08/2020,KALIMANTAN BARAT,6,0,0,6,413,379,2,32
11/08/2020,KALIMANTAN BARAT,4,0,0,4,417,379,2,36
12/08/2020,KALIMANTAN BARAT,9,0,0,9,426,379,2,45
13/08/2020,KALIMANTAN BARAT,10,0,18,-8,436,397,2,37
14/08/2020,KALIMANTAN BARAT,5,0,1,4,441,398,2,41
15/08/2020,KALIMANTAN BARAT,3,0,6,-3,444,404,2,38
16/08/2020,KALIMANTAN BARAT,0,0,2,-2,444,406,2,36
17/08/2020,KALIMANTAN BARAT,0,0,0,0,444,406,2,36
18/08/2020,KALIMANTAN BARAT,5,0,2,3,449,408,2,39
19/08/2020,KALIMANTAN BARAT,4,0,1,3,453,409,2,42
20/08/2020,KALIMANTAN BARAT,15,0,14,1,468,423,2,43
21/08/2020,KALIMANTAN BARAT,29,0,0,29,497,423,2,72
22/08/2020,KALIMANTAN BARAT,33,0,5,28,530,428,2,100
23/08/2020,KALIMANTAN BARAT,33,0,19,14,563,447,2,114
24/08/2020,KALIMANTAN BARAT,12,0,0,12,575,447,2,126
25/08/2020,KALIMANTAN BARAT,27,0,0,27,602,447,2,153
26/08/2020,KALIMANTAN BARAT,0,0,20,-20,602,467,2,133
27/08/2020,KALIMANTAN BARAT,6,0,41,-35,608,508,2,98
28/08/2020,KALIMANTAN BARAT,0,0,0,0,608,508,2,98
29/08/2020,KALIMANTAN BARAT,16,0,31,-15,624,539,2,83
30/08/2020,KALIMANTAN BARAT,18,1,0,17,642,539,3,100
31/08/2020,KALIMANTAN BARAT,0,0,17,-17,642,556,3,83
01/09/2020,KALIMANTAN BARAT,8,0,0,8,650,556,3,91
02/09/2020,KALIMANTAN BARAT,6,0,21,-15,656,577,3,76
03/09/2020,KALIMANTAN BARAT,15,0,10,5,671,587,3,81
04/09/2020,KALIMANTAN BARAT,11,0,12,-1,682,599,3,80
05/09/2020,KALIMANTAN BARAT,6,1,14,-9,688,613,4,71
06/09/2020,KALIMANTAN BARAT,13,0,0,13,701,613,4,84
07/09/2020,KALIMANTAN BARAT,0,0,0,0,701,613,4,84
08/09/2020,KALIMANTAN BARAT,7,0,5,2,708,618,4,86
09/09/2020,KALIMANTAN BARAT,12,0,2,10,720,620,4,96
10/09/2020,KALIMANTAN BARAT,5,0,0,5,725,620,4,101
11/09/2020,KALIMANTAN BARAT,8,0,23,-15,733,643,4,86
12/09/2020,KALIMANTAN BARAT,11,0,3,8,744,646,4,94
13/09/2020,KALIMANTAN BARAT,7,0,2,5,751,648,4,99
14/09/2020,KALIMANTAN BARAT,26,0,6,20,777,654,4,119
15/09/2020,KALIMANTAN BARAT,4,1,0,3,781,654,5,122
16/09/2020,KALIMANTAN BARAT,19,0,11,8,800,665,5,130
17/09/2020,KALIMANTAN BARAT,22,0,4,18,822,669,5,148
18/09/2020,KALIMANTAN BARAT,15,0,11,4,837,680,5,152
19/09/2020,KALIMANTAN BARAT,21,0,9,12,858,689,5,164
20/09/2020,KALIMANTAN BARAT,6,0,15,-9,864,704,5,155
21/09/2020,KALIMANTAN BARAT,1,0,15,-14,865,719,5,141
22/09/2020,KALIMANTAN BARAT,11,0,0,11,876,719,5,152
23/09/2020,KALIMANTAN BARAT,6,1,2,3,882,721,6,155
24/09/2020,KALIMANTAN BARAT,16,0,7,9,898,728,6,164
25/09/2020,KALIMANTAN BARAT,34,0,40,-6,932,768,6,158
26/09/2020,KALIMANTAN BARAT,11,0,11,0,943,779,6,158
27/09/2020,KALIMANTAN BARAT,11,1,9,1,954,788,7,159
28/09/2020,KALIMANTAN BARAT,0,0,0,0,954,788,7,159
29/09/2020,KALIMANTAN BARAT,17,0,19,-2,971,807,7,157
30/09/2020,KALIMANTAN BARAT,8,0,2,6,979,809,7,163
01/10/2020,KALIMANTAN BARAT,29,0,14,15,1008,823,7,178
02/10/2020,KALIMANTAN BARAT,6,0,18,-12,1014,841,7,166
03/10/2020,KALIMANTAN BARAT,6,0,5,1,1020,846,7,167
04/10/2020,KALIMANTAN BARAT,19,0,19,0,1039,865,7,167
05/10/2020,KALIMANTAN BARAT,2,0,0,2,1041,865,7,169
06/10/2020,KALIMANTAN BARAT,41,0,8,33,1082,873,7,202
07/10/2020,KALIMANTAN BARAT,10,0,4,6,1092,877,7,208
08/10/2020,KALIMANTAN BARAT,13,0,1,12,1105,878,7,220
09/10/2020,KALIMANTAN BARAT,28,0,30,-2,1133,908,7,218
10/10/2020,KALIMANTAN BARAT,80,0,7,73,1213,915,7,291
11/10/2020,KALIMANTAN BARAT,81,0,43,38,1294,958,7,329
12/10/2020,KALIMANTAN BARAT,0,0,0,0,1294,958,7,329
13/10/2020,KALIMANTAN BARAT,14,0,66,-52,1308,1024,7,277
14/10/2020,KALIMANTAN BARAT,17,0,55,-38,1325,1079,7,239
15/10/2020,KALIMANTAN BARAT,29,0,57,-28,1354,1136,7,211
16/10/2020,KALIMANTAN BARAT,25,0,52,-27,1379,1188,7,184
17/10/2020,KALIMANTAN BARAT,31,0,35,-4,1410,1223,7,180
18/10/2020,KALIMANTAN BARAT,15,1,3,11,1425,1226,8,191
19/10/2020,KALIMANTAN BARAT,0,0,0,0,1425,1226,8,191
20/10/2020,KALIMANTAN BARAT,23,0,28,-5,1448,1254,8,186
21/10/2020,KALIMANTAN BARAT,0,0,0,0,1448,1254,8,186
22/10/2020,KALIMANTAN BARAT,46,0,12,34,1494,1266,8,220
23/10/2020,KALIMANTAN BARAT,31,0,15,16,1525,1281,8,236
24/10/2020,KALIMANTAN BARAT,36,0,6,30,1561,1287,8,266
25/10/2020,KALIMANTAN BARAT,0,0,0,0,1561,1287,8,266
26/10/2020,KALIMANTAN BARAT,13,2,12,-1,1574,1299,10,265
27/10/2020,KALIMANTAN BARAT,29,0,6,23,1603,1305,10,288
28/10/2020,KALIMANTAN BARAT,14,4,22,-12,1617,1327,14,276
29/10/2020,KALIMANTAN BARAT,13,1,0,12,1630,1327,15,288
30/10/2020,KALIMANTAN BARAT,17,3,5,9,1647,1332,18,297
31/10/2020,KALIMANTAN BARAT,5,0,5,0,1652,1337,18,297
01/11/2020,KALIMANTAN BARAT,22,1,0,21,1674,1337,19,318
02/11/2020,KALIMANTAN BARAT,0,0,0,0,1674,1337,19,318
03/11/2020,KALIMANTAN BARAT,35,1,3,31,1709,1340,20,349
04/11/2020,KALIMANTAN BARAT,19,0,7,12,1728,1347,20,361
05/11/2020,KALIMANTAN BARAT,60,0,7,53,1788,1354,20,414
06/11/2020,KALIMANTAN BARAT,79,0,49,30,1867,1403,20,444
07/11/2020,KALIMANTAN BARAT,83,0,6,77,1950,1409,20,521
08/11/2020,KALIMANTAN BARAT,36,0,25,11,1986,1434,20,532
09/11/2020,KALIMANTAN BARAT,0,0,1,-1,1986,1435,20,531
10/11/2020,KALIMANTAN BARAT,0,0,0,0,1986,1435,20,531
11/11/2020,KALIMANTAN BARAT,33,0,22,11,2019,1457,20,542
12/11/2020,KALIMANTAN BARAT,13,0,12,1,2032,1469,20,543
13/11/2020,KALIMANTAN BARAT,13,0,15,-2,2045,1484,20,541
14/11/2020,KALIMANTAN BARAT,12,0,15,-3,2057,1499,20,538
15/11/2020,KALIMANTAN BARAT,13,0,13,0,2070,1512,20,538
16/11/2020,KALIMANTAN BARAT,9,0,20,-11,2079,1532,20,527
17/11/2020,KALIMANTAN BARAT,38,0,15,23,2117,1547,20,550
18/11/2020,KALIMANTAN BARAT,39,0,11,28,2156,1558,20,578
19/11/2020,KALIMANTAN BARAT,28,0,10,18,2184,1568,20,596
20/11/2020,KALIMANTAN BARAT,34,0,26,8,2218,1594,20,604
21/11/2020,KALIMANTAN BARAT,10,0,23,-13,2228,1617,20,591
22/11/2020,KALIMANTAN BARAT,16,0,32,-16,2244,1649,20,575
23/11/2020,KALIMANTAN BARAT,10,0,21,-11,2254,1670,20,564
24/11/2020,KALIMANTAN BARAT,31,0,60,-29,2285,1730,20,535
25/11/2020,KALIMANTAN BARAT,24,0,53,-29,2309,1783,20,506
26/11/2020,KALIMANTAN BARAT,10,0,38,-28,2319,1821,20,478
27/11/2020,KALIMANTAN BARAT,29,0,63,-34,2348,1884,20,444
28/11/2020,KALIMANTAN BARAT,27,0,36,-9,2375,1920,20,435
29/11/2020,KALIMANTAN BARAT,27,0,61,-34,2402,1981,20,401
30/11/2020,KALIMANTAN BARAT,0,0,0,0,2402,1981,20,401
01/12/2020,KALIMANTAN BARAT,33,0,55,-22,2435,2036,20,379
02/12/2020,KALIMANTAN BARAT,23,0,56,-33,2458,2092,20,346
03/12/2020,KALIMANTAN BARAT,24,0,59,-35,2482,2151,20,311
04/12/2020,KALIMANTAN BARAT,34,0,57,-23,2516,2208,20,288
05/12/2020,KALIMANTAN BARAT,32,1,24,7,2548,2232,21,295
06/12/2020,KALIMANTAN BARAT,0,0,31,-31,2548,2263,21,264
07/12/2020,KALIMANTAN BARAT,30,1,0,29,2578,2263,22,293
08/12/2020,KALIMANTAN BARAT,25,0,16,9,2603,2279,22,302
09/12/2020,KALIMANTAN BARAT,57,0,40,17,2660,2319,22,319
10/12/2020,KALIMANTAN BARAT,25,0,27,-2,2685,2346,22,317
11/12/2020,KALIMANTAN BARAT,28,0,30,-2,2713,2376,22,315
12/12/2020,KALIMANTAN BARAT,28,0,23,5,2741,2399,22,320
13/12/2020,KALIMANTAN BARAT,21,0,24,-3,2762,2423,22,317
14/12/2020,KALIMANTAN BARAT,11,0,0,11,2773,2423,22,328
15/12/2020,KALIMANTAN BARAT,13,1,29,-17,2786,2452,23,311
16/12/2020,KALIMANTAN BARAT,34,0,24,10,2820,2476,23,321
17/12/2020,KALIMANTAN BARAT,37,0,12,25,2857,2488,23,346
18/12/2020,KALIMANTAN BARAT,31,0,13,18,2888,2501,23,364
19/12/2020,KALIMANTAN BARAT,36,0,15,21,2924,2516,23,385
20/12/2020,KALIMANTAN BARAT,23,0,16,7,2947,2532,23,392
21/12/2020,KALIMANTAN BARAT,0,0,0,0,2947,2532,23,392
22/12/2020,KALIMANTAN BARAT,19,1,23,-5,2966,2555,24,387
23/12/2020,KALIMANTAN BARAT,22,0,24,-2,2988,2579,24,385
24/12/2020,KALIMANTAN BARAT,26,0,24,2,3014,2603,24,387
25/12/2020,KALIMANTAN BARAT,22,0,23,-1,3036,2626,24,386
26/12/2020,KALIMANTAN BARAT,0,0,0,0,3036,2626,24,386
27/12/2020,KALIMANTAN BARAT,17,0,21,-4,3053,2647,24,382
28/12/2020,KALIMANTAN BARAT,0,0,0,0,3053,2647,24,382
29/12/2020,KALIMANTAN BARAT,22,1,24,-3,3075,2671,25,379
30/12/2020,KALIMANTAN BARAT,15,0,37,-22,3090,2708,25,357
31/12/2020,KALIMANTAN BARAT,25,0,33,-8,3115,2741,25,349
01/01/2021,KALIMANTAN BARAT,18,0,60,-42,3133,2801,25,307
02/01/2021,KALIMANTAN BARAT,0,0,0,0,3133,2801,25,307
03/01/2021,KALIMANTAN BARAT,24,0,52,-28,3157,2853,25,279
04/01/2021,KALIMANTAN BARAT,0,0,0,0,3157,2853,25,279
05/01/2021,KALIMANTAN BARAT,29,1,26,2,3186,2879,26,281
06/01/2021,KALIMANTAN BARAT,24,0,38,-14,3210,2917,26,267
07/01/2021,KALIMANTAN BARAT,26,0,35,-9,3236,2952,26,258
08/01/2021,KALIMANTAN BARAT,33,0,28,5,3269,2980,26,263
09/01/2021,KALIMANTAN BARAT,47,0,22,25,3316,3002,26,288
10/01/2021,KALIMANTAN BARAT,29,0,31,-2,3345,3033,26,286
11/01/2021,KALIMANTAN BARAT,0,0,0,0,3345,3033,26,286
12/01/2021,KALIMANTAN BARAT,35,0,29,6,3380,3062,26,292
13/01/2021,KALIMANTAN BARAT,33,0,30,3,3413,3092,26,295
14/01/2021,KALIMANTAN BARAT,25,0,23,2,3438,3115,26,297
15/01/2021,KALIMANTAN BARAT,34,0,25,9,3472,3140,26,306
16/01/2021,KALIMANTAN BARAT,56,0,29,27,3528,3169,26,333
17/01/2021,KALIMANTAN BARAT,26,0,35,-9,3554,3204,26,324
18/01/2021,KALIMANTAN BARAT,0,0,0,0,3554,3204,26,324
19/01/2021,KALIMANTAN BARAT,45,0,33,12,3599,3237,26,336
20/01/2021,KALIMANTAN BARAT,32,0,28,4,3631,3265,26,340
21/01/2021,KALIMANTAN BARAT,25,0,30,-5,3656,3295,26,335
22/01/2021,KALIMANTAN BARAT,49,0,26,23,3705,3321,26,358
23/01/2021,KALIMANTAN BARAT,37,0,20,17,3742,3341,26,375
24/01/2021,KALIMANTAN BARAT,20,0,21,-1,3762,3362,26,374
25/01/2021,KALIMANTAN BARAT,0,1,0,-1,3762,3362,27,373
26/01/2021,KALIMANTAN BARAT,33,0,28,5,3795,3390,27,378
27/01/2021,KALIMANTAN BARAT,31,0,29,2,3826,3419,27,380
28/01/2021,KALIMANTAN BARAT,13,0,20,-7,3839,3439,27,373
29/01/2021,KALIMANTAN BARAT,31,0,16,15,3870,3455,27,388
30/01/2021,KALIMANTAN BARAT,41,1,31,9,3911,3486,28,397
31/01/2021,KALIMANTAN BARAT,18,0,35,-17,3929,3521,28,380
01/02/2021,KALIMANTAN BARAT,0,0,0,0,3929,3521,28,380
02/02/2021,KALIMANTAN BARAT,37,0,34,3,3966,3555,28,383
03/02/2021,KALIMANTAN BARAT,27,0,29,-2,3993,3584,28,381
04/02/2021,KALIMANTAN BARAT,33,0,31,2,4026,3615,28,383
05/02/2021,KALIMANTAN BARAT,25,0,40,-15,4051,3655,28,368
06/02/2021,KALIMANTAN BARAT,42,0,31,11,4093,3686,28,379
07/02/2021,KALIMANTAN BARAT,23,1,39,-17,4116,3725,29,362
08/02/2021,KALIMANTAN BARAT,0,0,0,0,4116,3725,29,362
09/02/2021,KALIMANTAN BARAT,35,1,28,6,4151,3753,30,368
10/02/2021,KALIMANTAN BARAT,19,0,44,-25,4170,3797,30,343
11/02/2021,KALIMANTAN BARAT,27,0,26,1,4197,3823,30,344
12/02/2021,KALIMANTAN BARAT,33,0,27,6,4230,3850,30,350
13/02/2021,KALIMANTAN BARAT,10,0,23,-13,4240,3873,30,337
14/02/2021,KALIMANTAN BARAT,19,0,16,3,4259,3889,30,340
15/02/2021,KALIMANTAN BARAT,0,0,0,0,4259,3889,30,340
16/02/2021,KALIMANTAN BARAT,37,0,0,37,4296,3889,30,377
17/02/2021,KALIMANTAN BARAT,26,0,0,26,4322,3889,30,403
18/02/2021,KALIMANTAN BARAT,32,0,11,21,4354,3900,30,424
19/02/2021,KALIMANTAN BARAT,26,0,99,-73,4380,3999,30,351
20/02/2021,KALIMANTAN BARAT,35,1,16,18,4415,4015,31,369
21/02/2021,KALIMANTAN BARAT,30,0,21,9,4445,4036,31,378
22/02/2021,KALIMANTAN BARAT,0,0,0,0,4445,4036,31,378
23/02/2021,KALIMANTAN BARAT,28,0,41,-13,4473,4077,31,365
24/02/2021,KALIMANTAN BARAT,27,0,17,10,4500,4094,31,375
25/02/2021,KALIMANTAN BARAT,32,0,27,5,4532,4121,31,380
26/02/2021,KALIMANTAN BARAT,39,0,22,17,4571,4143,31,397
27/02/2021,KALIMANTAN BARAT,27,0,25,2,4598,4168,31,399
28/02/2021,KALIMANTAN BARAT,39,0,27,12,4637,4195,31,411
01/03/2021,KALIMANTAN BARAT,0,0,0,0,4637,4195,31,411
02/03/2021,KALIMANTAN BARAT,22,0,25,-3,4659,4220,31,408
03/03/2021,KALIMANTAN BARAT,34,0,42,-8,4693,4262,31,400
04/03/2021,KALIMANTAN BARAT,41,0,21,20,4734,4283,31,420
05/03/2021,KALIMANTAN BARAT,29,0,30,-1,4763,4313,31,419
06/03/2021,KALIMANTAN BARAT,73,0,26,47,4836,4339,31,466
07/03/2021,KALIMANTAN BARAT,67,0,20,47,4903,4359,31,513
08/03/2021,KALIMANTAN BARAT,0,0,0,0,4903,4359,31,513
09/03/2021,KALIMANTAN BARAT,50,0,44,6,4953,4403,31,519
10/03/2021,KALIMANTAN BARAT,43,0,24,19,4996,4427,31,538
11/03/2021,KALIMANTAN BARAT,42,0,24,18,5038,4451,31,556
12/03/2021,KALIMANTAN BARAT,23,0,32,-9,5061,4483,31,547
13/03/2021,KALIMANTAN BARAT,84,0,27,57,5145,4510,31,604
14/03/2021,KALIMANTAN BARAT,97,0,49,48,5242,4559,31,652
15/03/2021,KALIMANTAN BARAT,0,0,0,0,5242,4559,31,652
16/03/2021,KALIMANTAN BARAT,82,0,34,48,5324,4593,31,700
17/03/2021,KALIMANTAN BARAT,79,0,31,48,5403,4624,31,748
18/03/2021,KALIMANTAN BARAT,51,0,46,5,5454,4670,31,753
19/03/2021,KALIMANTAN BARAT,30,0,58,-28,5484,4728,31,725
20/03/2021,KALIMANTAN BARAT,40,1,64,-25,5524,4792,32,700
21/03/2021,KALIMANTAN BARAT,39,0,53,-14,5563,4845,32,686
22/03/2021,KALIMANTAN BARAT,0,0,0,0,5563,4845,32,686
23/03/2021,KALIMANTAN BARAT,39,0,53,-14,5602,4898,32,672
24/03/2021,KALIMANTAN BARAT,42,0,69,-27,5644,4967,32,645
25/03/2021,KALIMANTAN BARAT,32,0,43,-11,5676,5010,32,634
26/03/2021,KALIMANTAN BARAT,54,0,49,5,5730,5059,32,639
27/03/2021,KALIMANTAN BARAT,66,0,51,15,5796,5110,32,654
28/03/2021,KALIMANTAN BARAT,10,0,63,-53,5806,5173,32,601
29/03/2021,KALIMANTAN BARAT,0,0,0,0,5806,5173,32,601
30/03/2021,KALIMANTAN BARAT,40,0,57,-17,5846,5230,32,584
31/03/2021,KALIMANTAN BARAT,53,0,62,-9,5899,5292,32,575
01/04/2021,KALIMANTAN BARAT,39,0,46,-7,5938,5338,32,568
02/04/2021,KALIMANTAN BARAT,53,0,55,-2,5991,5393,32,566
03/04/2021,KALIMANTAN BARAT,49,0,67,-18,6040,5460,32,548
04/04/2021,KALIMANTAN BARAT,48,0,50,-2,6088,5510,32,546
05/04/2021,KALIMANTAN BARAT,0,0,0,0,6088,5510,32,546
06/04/2021,KALIMANTAN BARAT,36,0,47,-11,6124,5557,32,535
07/04/2021,KALIMANTAN BARAT,40,0,55,-15,6164,5612,32,520
08/04/2021,KALIMANTAN BARAT,44,0,51,-7,6208,5663,32,513
09/04/2021,KALIMANTAN BARAT,77,0,44,33,6285,5707,32,546
10/04/2021,KALIMANTAN BARAT,73,0,45,28,6358,5752,32,574
11/04/2021,KALIMANTAN BARAT,52,0,43,9,6410,5795,32,583
12/04/2021,KALIMANTAN BARAT,0,0,0,0,6410,5795,32,583
13/04/2021,KALIMANTAN BARAT,80,0,49,31,6490,5844,32,614
14/04/2021,KALIMANTAN BARAT,92,1,56,35,6582,5900,33,649
15/04/2021,KALIMANTAN BARAT,88,0,51,37,6670,5951,33,686
16/04/2021,KALIMANTAN BARAT,98,0,45,53,6768,5996,33,739
17/04/2021,KALIMANTAN BARAT,97,2,46,49,6865,6042,35,788
18/04/2021,KALIMANTAN BARAT,78,0,42,36,6943,6084,35,824
10/03/2020,SULAWESI TENGGARA,1,0,0,1,1,0,0,1
11/03/2020,SULAWESI TENGGARA,0,0,0,0,1,0,0,1
12/03/2020,SULAWESI TENGGARA,0,0,0,0,1,0,0,1
13/03/2020,SULAWESI TENGGARA,0,0,0,0,1,0,0,1
14/03/2020,SULAWESI TENGGARA,0,0,0,0,1,0,0,1
15/03/2020,SULAWESI TENGGARA,0,0,0,0,1,0,0,1
16/03/2020,SULAWESI TENGGARA,2,0,0,2,3,0,0,3
17/03/2020,SULAWESI TENGGARA,0,0,0,0,3,0,0,3
18/03/2020,SULAWESI TENGGARA,0,0,0,0,3,0,0,3
19/03/2020,SULAWESI TENGGARA,0,0,0,0,3,0,0,3
20/03/2020,SULAWESI TENGGARA,0,0,0,0,3,0,0,3
21/03/2020,SULAWESI TENGGARA,0,0,0,0,3,0,0,3
22/03/2020,SULAWESI TENGGARA,0,0,0,0,3,0,0,3
23/03/2020,SULAWESI TENGGARA,0,0,0,0,3,0,0,3
24/03/2020,SULAWESI TENGGARA,0,0,0,0,3,0,0,3
25/03/2020,SULAWESI TENGGARA,0,0,0,0,3,0,0,3
26/03/2020,SULAWESI TENGGARA,0,0,0,0,3,0,0,3
27/03/2020,SULAWESI TENGGARA,0,0,0,0,3,0,0,3
28/03/2020,SULAWESI TENGGARA,0,0,0,0,3,0,0,3
29/03/2020,SULAWESI TENGGARA,0,0,0,0,3,0,0,3
30/03/2020,SULAWESI TENGGARA,0,0,0,0,3,0,0,3
31/03/2020,SULAWESI TENGGARA,0,0,0,0,3,0,0,3
01/04/2020,SULAWESI TENGGARA,0,0,0,0,3,0,0,3
02/04/2020,SULAWESI TENGGARA,0,0,0,0,3,0,0,3
03/04/2020,SULAWESI TENGGARA,2,0,0,2,5,0,0,5
04/04/2020,SULAWESI TENGGARA,0,0,1,-1,5,1,0,4
05/04/2020,SULAWESI TENGGARA,0,0,0,0,5,1,0,4
06/04/2020,SULAWESI TENGGARA,1,0,0,1,6,1,0,5
07/04/2020,SULAWESI TENGGARA,0,0,0,0,6,1,0,5
08/04/2020,SULAWESI TENGGARA,4,0,0,4,10,1,0,9
09/04/2020,SULAWESI TENGGARA,5,0,0,5,15,1,0,14
10/04/2020,SULAWESI TENGGARA,0,0,0,0,15,1,0,14
11/04/2020,SULAWESI TENGGARA,1,1,0,0,16,1,1,14
12/04/2020,SULAWESI TENGGARA,0,0,0,0,16,1,1,14
13/04/2020,SULAWESI TENGGARA,0,0,0,0,16,1,1,14
14/04/2020,SULAWESI TENGGARA,0,0,0,0,16,1,1,14
15/04/2020,SULAWESI TENGGARA,8,0,3,5,24,4,1,19
16/04/2020,SULAWESI TENGGARA,3,0,0,3,27,4,1,22
17/04/2020,SULAWESI TENGGARA,0,0,0,0,27,4,1,22
18/04/2020,SULAWESI TENGGARA,0,1,0,-1,27,4,2,21
19/04/2020,SULAWESI TENGGARA,9,0,0,9,36,4,2,30
20/04/2020,SULAWESI TENGGARA,0,0,0,0,36,4,2,30
21/04/2020,SULAWESI TENGGARA,0,0,0,0,36,4,2,30
22/04/2020,SULAWESI TENGGARA,0,0,0,0,36,4,2,30
23/04/2020,SULAWESI TENGGARA,0,0,0,0,36,4,2,30
24/04/2020,SULAWESI TENGGARA,5,0,1,4,41,5,2,34
25/04/2020,SULAWESI TENGGARA,0,0,0,0,41,5,2,34
26/04/2020,SULAWESI TENGGARA,4,0,1,3,45,6,2,37
27/04/2020,SULAWESI TENGGARA,0,0,0,0,45,6,2,37
28/04/2020,SULAWESI TENGGARA,0,0,0,0,45,6,2,37
29/04/2020,SULAWESI TENGGARA,8,0,0,8,53,6,2,45
30/04/2020,SULAWESI TENGGARA,9,0,4,5,62,10,2,50
01/05/2020,SULAWESI TENGGARA,0,0,1,-1,62,11,2,49
02/05/2020,SULAWESI TENGGARA,2,0,0,2,64,11,2,51
03/05/2020,SULAWESI TENGGARA,0,1,0,-1,64,11,3,50
04/05/2020,SULAWESI TENGGARA,0,0,0,0,64,11,3,50
05/05/2020,SULAWESI TENGGARA,5,0,4,1,69,15,3,51
06/05/2020,SULAWESI TENGGARA,0,0,0,0,69,15,3,51
07/05/2020,SULAWESI TENGGARA,0,0,0,0,69,15,3,51
08/05/2020,SULAWESI TENGGARA,1,0,0,1,70,15,3,52
09/05/2020,SULAWESI TENGGARA,2,0,0,2,72,15,3,54
10/05/2020,SULAWESI TENGGARA,5,0,1,4,77,16,3,58
11/05/2020,SULAWESI TENGGARA,0,0,0,0,77,16,3,58
12/05/2020,SULAWESI TENGGARA,0,0,0,0,77,16,3,58
13/05/2020,SULAWESI TENGGARA,89,1,1,87,166,17,4,145
14/05/2020,SULAWESI TENGGARA,0,0,0,0,166,17,4,145
15/05/2020,SULAWESI TENGGARA,17,0,2,15,183,19,4,160
16/05/2020,SULAWESI TENGGARA,6,0,0,6,189,19,4,166
17/05/2020,SULAWESI TENGGARA,2,0,0,2,191,19,4,168
18/05/2020,SULAWESI TENGGARA,0,0,1,-1,191,20,4,167
19/05/2020,SULAWESI TENGGARA,11,0,5,6,202,25,4,173
20/05/2020,SULAWESI TENGGARA,0,0,0,0,202,25,4,173
21/05/2020,SULAWESI TENGGARA,0,0,0,0,202,25,4,173
22/05/2020,SULAWESI TENGGARA,9,0,5,4,211,30,4,177
23/05/2020,SULAWESI TENGGARA,4,0,21,-17,215,51,4,160
24/05/2020,SULAWESI TENGGARA,0,0,0,0,215,51,4,160
25/05/2020,SULAWESI TENGGARA,0,0,0,0,215,51,4,160
26/05/2020,SULAWESI TENGGARA,0,0,49,-49,215,100,4,111
27/05/2020,SULAWESI TENGGARA,11,0,8,3,226,108,4,114
28/05/2020,SULAWESI TENGGARA,14,0,1,13,240,109,4,127
29/05/2020,SULAWESI TENGGARA,1,0,3,-2,241,112,4,125
30/05/2020,SULAWESI TENGGARA,0,0,0,0,241,112,4,125
31/05/2020,SULAWESI TENGGARA,3,0,9,-6,244,121,4,119
01/06/2020,SULAWESI TENGGARA,0,0,0,0,244,121,4,119
02/06/2020,SULAWESI TENGGARA,0,0,3,-3,244,124,4,116
03/06/2020,SULAWESI TENGGARA,7,0,7,0,251,131,4,116
04/06/2020,SULAWESI TENGGARA,1,1,0,0,252,131,5,116
05/06/2020,SULAWESI TENGGARA,5,0,10,-5,257,141,5,111
06/06/2020,SULAWESI TENGGARA,0,0,3,-3,257,144,5,108
07/06/2020,SULAWESI TENGGARA,2,0,10,-8,259,154,5,100
08/06/2020,SULAWESI TENGGARA,0,0,1,-1,259,155,5,99
09/06/2020,SULAWESI TENGGARA,4,0,17,-13,263,172,5,86
10/06/2020,SULAWESI TENGGARA,3,0,2,1,266,174,5,87
11/06/2020,SULAWESI TENGGARA,6,0,4,2,272,178,5,89
12/06/2020,SULAWESI TENGGARA,5,0,2,3,277,180,5,92
13/06/2020,SULAWESI TENGGARA,2,0,10,-8,279,190,5,84
14/06/2020,SULAWESI TENGGARA,4,0,7,-3,283,197,5,81
15/06/2020,SULAWESI TENGGARA,3,0,2,1,286,199,5,82
16/06/2020,SULAWESI TENGGARA,5,0,4,1,291,203,5,83
17/06/2020,SULAWESI TENGGARA,1,0,0,1,292,203,5,84
18/06/2020,SULAWESI TENGGARA,34,0,0,34,326,203,5,118
19/06/2020,SULAWESI TENGGARA,3,0,1,2,329,204,5,120
20/06/2020,SULAWESI TENGGARA,3,0,10,-7,332,214,5,113
21/06/2020,SULAWESI TENGGARA,0,0,3,-3,332,217,5,110
22/06/2020,SULAWESI TENGGARA,2,0,0,2,334,217,5,112
23/06/2020,SULAWESI TENGGARA,2,0,1,1,336,218,5,113
24/06/2020,SULAWESI TENGGARA,1,0,1,0,337,219,5,113
25/06/2020,SULAWESI TENGGARA,0,0,0,0,337,219,5,113
26/06/2020,SULAWESI TENGGARA,3,0,2,1,340,221,5,114
27/06/2020,SULAWESI TENGGARA,3,1,0,2,343,221,6,116
28/06/2020,SULAWESI TENGGARA,0,0,0,0,343,221,6,116
29/06/2020,SULAWESI TENGGARA,2,0,1,1,345,222,6,117
30/06/2020,SULAWESI TENGGARA,18,0,12,6,363,234,6,123
01/07/2020,SULAWESI TENGGARA,42,0,1,41,405,235,6,164
02/07/2020,SULAWESI TENGGARA,56,1,12,43,461,247,7,207
03/07/2020,SULAWESI TENGGARA,12,0,10,2,473,257,7,209
04/07/2020,SULAWESI TENGGARA,4,0,4,0,477,261,7,209
05/07/2020,SULAWESI TENGGARA,3,1,12,-10,480,273,8,199
06/07/2020,SULAWESI TENGGARA,2,0,1,1,482,274,8,200
07/07/2020,SULAWESI TENGGARA,5,0,11,-6,487,285,8,194
08/07/2020,SULAWESI TENGGARA,7,0,2,5,494,287,8,199
09/07/2020,SULAWESI TENGGARA,6,1,3,2,500,290,9,201
10/07/2020,SULAWESI TENGGARA,7,0,22,-15,507,312,9,186
11/07/2020,SULAWESI TENGGARA,2,0,18,-16,509,330,9,170
12/07/2020,SULAWESI TENGGARA,2,0,5,-3,511,335,9,167
13/07/2020,SULAWESI TENGGARA,7,0,1,6,518,336,9,173
14/07/2020,SULAWESI TENGGARA,3,1,4,-2,521,340,10,171
15/07/2020,SULAWESI TENGGARA,10,1,4,5,531,344,11,176
16/07/2020,SULAWESI TENGGARA,9,0,2,7,540,346,11,183
17/07/2020,SULAWESI TENGGARA,14,0,15,-1,554,361,11,182
18/07/2020,SULAWESI TENGGARA,21,0,3,18,575,364,11,200
19/07/2020,SULAWESI TENGGARA,12,0,8,4,587,372,11,204
20/07/2020,SULAWESI TENGGARA,48,0,7,41,635,379,11,245
21/07/2020,SULAWESI TENGGARA,35,0,3,32,670,382,11,277
22/07/2020,SULAWESI TENGGARA,15,0,3,12,685,385,11,289
23/07/2020,SULAWESI TENGGARA,27,1,4,22,712,389,12,311
24/07/2020,SULAWESI TENGGARA,23,1,11,11,735,400,13,322
25/07/2020,SULAWESI TENGGARA,17,0,1,16,752,401,13,338
26/07/2020,SULAWESI TENGGARA,16,0,41,-25,768,442,13,313
27/07/2020,SULAWESI TENGGARA,1,0,8,-7,769,450,13,306
28/07/2020,SULAWESI TENGGARA,0,0,3,-3,769,453,13,303
29/07/2020,SULAWESI TENGGARA,7,0,2,5,776,455,13,308
30/07/2020,SULAWESI TENGGARA,6,0,7,-1,782,462,13,307
31/07/2020,SULAWESI TENGGARA,0,0,8,-8,782,470,13,299
01/08/2020,SULAWESI TENGGARA,5,0,7,-2,787,477,13,297
02/08/2020,SULAWESI TENGGARA,0,0,3,-3,787,480,13,294
03/08/2020,SULAWESI TENGGARA,2,1,47,-46,789,527,14,248
04/08/2020,SULAWESI TENGGARA,68,0,73,-5,857,600,14,243
05/08/2020,SULAWESI TENGGARA,35,2,8,25,892,608,16,268
06/08/2020,SULAWESI TENGGARA,59,0,56,3,951,664,16,271
07/08/2020,SULAWESI TENGGARA,27,0,14,13,978,678,16,284
08/08/2020,SULAWESI TENGGARA,20,1,3,16,998,681,17,300
09/08/2020,SULAWESI TENGGARA,22,0,12,10,1020,693,17,310
10/08/2020,SULAWESI TENGGARA,0,0,21,-21,1020,714,17,289
11/08/2020,SULAWESI TENGGARA,32,0,7,25,1052,721,17,314
12/08/2020,SULAWESI TENGGARA,24,1,10,13,1076,731,18,327
13/08/2020,SULAWESI TENGGARA,30,0,38,-8,1106,769,18,319
14/08/2020,SULAWESI TENGGARA,33,0,43,-10,1139,812,18,309
15/08/2020,SULAWESI TENGGARA,28,0,9,19,1167,821,18,328
16/08/2020,SULAWESI TENGGARA,35,0,8,27,1202,829,18,355
17/08/2020,SULAWESI TENGGARA,14,0,13,1,1216,842,18,356
18/08/2020,SULAWESI TENGGARA,1,0,7,-6,1217,849,18,350
19/08/2020,SULAWESI TENGGARA,0,0,0,0,1217,849,18,350
20/08/2020,SULAWESI TENGGARA,60,0,16,44,1277,865,18,394
21/08/2020,SULAWESI TENGGARA,22,1,19,2,1299,884,19,396
22/08/2020,SULAWESI TENGGARA,11,1,9,1,1310,893,20,397
23/08/2020,SULAWESI TENGGARA,13,2,7,4,1323,900,22,401
24/08/2020,SULAWESI TENGGARA,4,2,8,-6,1327,908,24,395
25/08/2020,SULAWESI TENGGARA,38,0,13,25,1365,921,24,420
26/08/2020,SULAWESI TENGGARA,37,0,24,13,1402,945,24,433
27/08/2020,SULAWESI TENGGARA,48,1,45,2,1450,990,25,435
28/08/2020,SULAWESI TENGGARA,49,1,17,31,1499,1007,26,466
29/08/2020,SULAWESI TENGGARA,38,0,0,38,1537,1007,26,504
30/08/2020,SULAWESI TENGGARA,27,2,41,-16,1564,1048,28,488
31/08/2020,SULAWESI TENGGARA,2,2,23,-23,1566,1071,30,465
01/09/2020,SULAWESI TENGGARA,42,1,15,26,1608,1086,31,491
02/09/2020,SULAWESI TENGGARA,15,1,5,9,1623,1091,32,500
03/09/2020,SULAWESI TENGGARA,6,3,8,-5,1629,1099,35,495
04/09/2020,SULAWESI TENGGARA,28,0,8,20,1657,1107,35,515
05/09/2020,SULAWESI TENGGARA,19,1,9,9,1676,1116,36,524
06/09/2020,SULAWESI TENGGARA,29,1,3,25,1705,1119,37,549
07/09/2020,SULAWESI TENGGARA,0,0,51,-51,1705,1170,37,498
08/09/2020,SULAWESI TENGGARA,11,1,23,-13,1716,1193,38,485
09/09/2020,SULAWESI TENGGARA,24,1,29,-6,1740,1222,39,479
10/09/2020,SULAWESI TENGGARA,26,2,11,13,1766,1233,41,492
11/09/2020,SULAWESI TENGGARA,33,0,33,0,1799,1266,41,492
12/09/2020,SULAWESI TENGGARA,33,1,10,22,1832,1276,42,514
13/09/2020,SULAWESI TENGGARA,36,0,25,11,1868,1301,42,525
14/09/2020,SULAWESI TENGGARA,22,0,11,11,1890,1312,42,536
15/09/2020,SULAWESI TENGGARA,58,0,16,42,1948,1328,42,578
16/09/2020,SULAWESI TENGGARA,59,2,9,48,2007,1337,44,626
17/09/2020,SULAWESI TENGGARA,35,2,11,22,2042,1348,46,648
18/09/2020,SULAWESI TENGGARA,17,0,15,2,2059,1363,46,650
19/09/2020,SULAWESI TENGGARA,53,0,7,46,2112,1370,46,696
20/09/2020,SULAWESI TENGGARA,71,1,0,70,2183,1370,47,766
21/09/2020,SULAWESI TENGGARA,36,1,44,-9,2219,1414,48,757
22/09/2020,SULAWESI TENGGARA,42,2,105,-65,2261,1519,50,692
23/09/2020,SULAWESI TENGGARA,90,1,119,-30,2351,1638,51,662
24/09/2020,SULAWESI TENGGARA,71,1,76,-6,2422,1714,52,656
25/09/2020,SULAWESI TENGGARA,79,1,29,49,2501,1743,53,705
26/09/2020,SULAWESI TENGGARA,175,0,58,117,2676,1801,53,822
27/09/2020,SULAWESI TENGGARA,84,2,0,82,2760,1801,55,904
28/09/2020,SULAWESI TENGGARA,19,3,42,-26,2779,1843,58,878
29/09/2020,SULAWESI TENGGARA,36,2,61,-27,2815,1904,60,851
30/09/2020,SULAWESI TENGGARA,41,0,14,27,2856,1918,60,878
01/10/2020,SULAWESI TENGGARA,46,1,18,27,2902,1936,61,905
02/10/2020,SULAWESI TENGGARA,79,0,47,32,2981,1983,61,937
03/10/2020,SULAWESI TENGGARA,45,0,7,38,3026,1990,61,975
04/10/2020,SULAWESI TENGGARA,36,1,22,13,3062,2012,62,988
05/10/2020,SULAWESI TENGGARA,3,1,63,-61,3065,2075,63,927
06/10/2020,SULAWESI TENGGARA,95,0,57,38,3160,2132,63,965
07/10/2020,SULAWESI TENGGARA,96,1,47,48,3256,2179,64,1013
08/10/2020,SULAWESI TENGGARA,100,0,34,66,3356,2213,64,1079
09/10/2020,SULAWESI TENGGARA,63,1,71,-9,3419,2284,65,1070
10/10/2020,SULAWESI TENGGARA,58,0,56,2,3477,2340,65,1072
11/10/2020,SULAWESI TENGGARA,91,1,6,84,3568,2346,66,1156
12/10/2020,SULAWESI TENGGARA,59,0,27,32,3627,2373,66,1188
13/10/2020,SULAWESI TENGGARA,108,0,18,90,3735,2391,66,1278
14/10/2020,SULAWESI TENGGARA,65,1,46,18,3800,2437,67,1296
15/10/2020,SULAWESI TENGGARA,102,2,33,67,3902,2470,69,1363
16/10/2020,SULAWESI TENGGARA,48,2,35,11,3950,2505,71,1374
17/10/2020,SULAWESI TENGGARA,73,0,10,63,4023,2515,71,1437
18/10/2020,SULAWESI TENGGARA,213,2,51,160,4236,2566,73,1597
19/10/2020,SULAWESI TENGGARA,39,0,109,-70,4275,2675,73,1527
20/10/2020,SULAWESI TENGGARA,26,0,238,-212,4301,2913,73,1315
21/10/2020,SULAWESI TENGGARA,80,0,65,15,4381,2978,73,1330
22/10/2020,SULAWESI TENGGARA,90,2,100,-12,4471,3078,75,1318
23/10/2020,SULAWESI TENGGARA,77,1,74,2,4548,3152,76,1320
24/10/2020,SULAWESI TENGGARA,72,1,104,-33,4620,3256,77,1287
25/10/2020,SULAWESI TENGGARA,43,2,72,-31,4663,3328,79,1256
26/10/2020,SULAWESI TENGGARA,10,0,63,-53,4673,3391,79,1203
27/10/2020,SULAWESI TENGGARA,40,1,56,-17,4713,3447,80,1186
28/10/2020,SULAWESI TENGGARA,144,0,110,34,4857,3557,80,1220
29/10/2020,SULAWESI TENGGARA,44,0,116,-72,4901,3673,80,1148
30/10/2020,SULAWESI TENGGARA,25,1,80,-56,4926,3753,81,1092
31/10/2020,SULAWESI TENGGARA,24,1,91,-68,4950,3844,82,1024
01/11/2020,SULAWESI TENGGARA,120,0,85,35,5070,3929,82,1059
02/11/2020,SULAWESI TENGGARA,3,1,85,-83,5073,4014,83,976
03/11/2020,SULAWESI TENGGARA,7,0,141,-134,5080,4155,83,842
04/11/2020,SULAWESI TENGGARA,41,2,34,5,5121,4189,85,847
05/11/2020,SULAWESI TENGGARA,42,0,49,-7,5163,4238,85,840
06/11/2020,SULAWESI TENGGARA,79,2,25,52,5242,4263,87,892
07/11/2020,SULAWESI TENGGARA,73,0,23,50,5315,4286,87,942
08/11/2020,SULAWESI TENGGARA,46,1,18,27,5361,4304,88,969
09/11/2020,SULAWESI TENGGARA,4,0,26,-22,5365,4330,88,947
10/11/2020,SULAWESI TENGGARA,92,0,9,83,5457,4339,88,1030
11/11/2020,SULAWESI TENGGARA,30,0,5,25,5487,4344,88,1055
12/11/2020,SULAWESI TENGGARA,42,0,26,16,5529,4370,88,1071
13/11/2020,SULAWESI TENGGARA,86,0,10,76,5615,4380,88,1147
14/11/2020,SULAWESI TENGGARA,58,2,5,51,5673,4385,90,1198
15/11/2020,SULAWESI TENGGARA,0,0,29,-29,5673,4414,90,1169
16/11/2020,SULAWESI TENGGARA,41,1,44,-4,5714,4458,91,1165
17/11/2020,SULAWESI TENGGARA,17,0,3,14,5731,4461,91,1179
18/11/2020,SULAWESI TENGGARA,96,0,0,96,5827,4461,91,1275
19/11/2020,SULAWESI TENGGARA,70,0,0,70,5897,4461,91,1345
20/11/2020,SULAWESI TENGGARA,76,2,0,74,5973,4461,93,1419
21/11/2020,SULAWESI TENGGARA,66,1,0,65,6039,4461,94,1484
22/11/2020,SULAWESI TENGGARA,49,1,0,48,6088,4461,95,1532
23/11/2020,SULAWESI TENGGARA,14,1,9,4,6102,4470,96,1536
24/11/2020,SULAWESI TENGGARA,65,0,18,47,6167,4488,96,1583
25/11/2020,SULAWESI TENGGARA,52,1,0,51,6219,4488,97,1634
26/11/2020,SULAWESI TENGGARA,46,0,109,-63,6265,4597,97,1571
27/11/2020,SULAWESI TENGGARA,102,5,128,-31,6367,4725,102,1540
28/11/2020,SULAWESI TENGGARA,73,0,129,-56,6440,4854,102,1484
29/11/2020,SULAWESI TENGGARA,62,3,2,57,6502,4856,105,1541
30/11/2020,SULAWESI TENGGARA,1,1,138,-138,6503,4994,106,1403
01/12/2020,SULAWESI TENGGARA,91,0,108,-17,6594,5102,106,1386
02/12/2020,SULAWESI TENGGARA,68,1,94,-27,6662,5196,107,1359
03/12/2020,SULAWESI TENGGARA,77,2,104,-29,6739,5300,109,1330
04/12/2020,SULAWESI TENGGARA,64,3,66,-5,6803,5366,112,1325
05/12/2020,SULAWESI TENGGARA,63,0,15,48,6866,5381,112,1373
06/12/2020,SULAWESI TENGGARA,58,3,27,28,6924,5408,115,1401
07/12/2020,SULAWESI TENGGARA,36,0,114,-78,6960,5522,115,1323
08/12/2020,SULAWESI TENGGARA,21,0,50,-29,6981,5572,115,1294
09/12/2020,SULAWESI TENGGARA,75,0,12,63,7056,5584,115,1357
10/12/2020,SULAWESI TENGGARA,1,0,17,-16,7057,5601,115,1341
11/12/2020,SULAWESI TENGGARA,31,0,50,-19,7088,5651,115,1322
12/12/2020,SULAWESI TENGGARA,40,1,17,22,7128,5668,116,1344
13/12/2020,SULAWESI TENGGARA,55,0,15,40,7183,5683,116,1384
14/12/2020,SULAWESI TENGGARA,2,0,51,-49,7185,5734,116,1335
15/12/2020,SULAWESI TENGGARA,57,3,30,24,7242,5764,119,1359
16/12/2020,SULAWESI TENGGARA,94,0,51,43,7336,5815,119,1402
17/12/2020,SULAWESI TENGGARA,29,1,81,-53,7365,5896,120,1349
18/12/2020,SULAWESI TENGGARA,54,1,98,-45,7419,5994,121,1304
19/12/2020,SULAWESI TENGGARA,59,1,19,39,7478,6013,122,1343
20/12/2020,SULAWESI TENGGARA,72,1,17,54,7550,6030,123,1397
21/12/2020,SULAWESI TENGGARA,6,0,65,-59,7556,6095,123,1338
22/12/2020,SULAWESI TENGGARA,59,3,92,-36,7615,6187,126,1302
23/12/2020,SULAWESI TENGGARA,38,3,7,28,7653,6194,129,1330
24/12/2020,SULAWESI TENGGARA,69,0,28,41,7722,6222,129,1371
25/12/2020,SULAWESI TENGGARA,35,1,24,10,7757,6246,130,1381
26/12/2020,SULAWESI TENGGARA,4,0,45,-41,7761,6291,130,1340
27/12/2020,SULAWESI TENGGARA,26,0,0,26,7787,6291,130,1366
28/12/2020,SULAWESI TENGGARA,4,2,121,-119,7791,6412,132,1247
29/12/2020,SULAWESI TENGGARA,15,11,107,-103,7806,6519,143,1144
30/12/2020,SULAWESI TENGGARA,63,2,137,-76,7869,6656,145,1068
31/12/2020,SULAWESI TENGGARA,38,2,24,12,7907,6680,147,1080
01/01/2021,SULAWESI TENGGARA,79,0,2,77,7986,6682,147,1157
02/01/2021,SULAWESI TENGGARA,33,2,23,8,8019,6705,149,1165
03/01/2021,SULAWESI TENGGARA,34,2,0,32,8053,6705,151,1197
04/01/2021,SULAWESI TENGGARA,17,1,105,-89,8070,6810,152,1108
05/01/2021,SULAWESI TENGGARA,30,2,102,-74,8100,6912,154,1034
06/01/2021,SULAWESI TENGGARA,34,2,99,-67,8134,7011,156,967
07/01/2021,SULAWESI TENGGARA,49,1,2,46,8183,7013,157,1013
08/01/2021,SULAWESI TENGGARA,62,1,1,60,8245,7014,158,1073
09/01/2021,SULAWESI TENGGARA,56,2,11,43,8301,7025,160,1116
10/01/2021,SULAWESI TENGGARA,99,0,0,99,8400,7025,160,1215
11/01/2021,SULAWESI TENGGARA,29,1,39,-11,8429,7064,161,1204
12/01/2021,SULAWESI TENGGARA,70,1,25,44,8499,7089,162,1248
13/01/2021,SULAWESI TENGGARA,91,1,19,71,8590,7108,163,1319
14/01/2021,SULAWESI TENGGARA,72,2,25,45,8662,7133,165,1364
15/01/2021,SULAWESI TENGGARA,35,0,27,8,8697,7160,165,1372
16/01/2021,SULAWESI TENGGARA,75,3,20,52,8772,7180,168,1424
17/01/2021,SULAWESI TENGGARA,64,0,58,6,8836,7238,168,1430
18/01/2021,SULAWESI TENGGARA,16,0,53,-37,8852,7291,168,1393
19/01/2021,SULAWESI TENGGARA,48,0,33,15,8900,7324,168,1408
20/01/2021,SULAWESI TENGGARA,39,0,44,-5,8939,7368,168,1403
21/01/2021,SULAWESI TENGGARA,77,1,1,75,9016,7369,169,1478
22/01/2021,SULAWESI TENGGARA,92,2,73,17,9108,7442,171,1495
23/01/2021,SULAWESI TENGGARA,65,0,11,54,9173,7453,171,1549
24/01/2021,SULAWESI TENGGARA,43,2,16,25,9216,7469,173,1574
25/01/2021,SULAWESI TENGGARA,12,0,50,-38,9228,7519,173,1536
26/01/2021,SULAWESI TENGGARA,33,0,56,-23,9261,7575,173,1513
27/01/2021,SULAWESI TENGGARA,38,1,55,-18,9299,7630,174,1495
28/01/2021,SULAWESI TENGGARA,61,1,48,12,9360,7678,175,1507
29/01/2021,SULAWESI TENGGARA,37,1,14,22,9397,7692,176,1529
30/01/2021,SULAWESI TENGGARA,46,0,75,-29,9443,7767,176,1500
31/01/2021,SULAWESI TENGGARA,58,0,77,-19,9501,7844,176,1481
01/02/2021,SULAWESI TENGGARA,16,1,47,-32,9517,7891,177,1449
02/02/2021,SULAWESI TENGGARA,31,3,56,-28,9548,7947,180,1421
03/02/2021,SULAWESI TENGGARA,26,0,34,-8,9574,7981,180,1413
04/02/2021,SULAWESI TENGGARA,47,0,54,-7,9621,8035,180,1406
05/02/2021,SULAWESI TENGGARA,31,0,71,-40,9652,8106,180,1366
06/02/2021,SULAWESI TENGGARA,34,0,93,-59,9686,8199,180,1307
07/02/2021,SULAWESI TENGGARA,48,0,13,35,9734,8212,180,1342
08/02/2021,SULAWESI TENGGARA,7,0,215,-208,9741,8427,180,1134
09/02/2021,SULAWESI TENGGARA,17,4,15,-2,9758,8442,184,1132
10/02/2021,SULAWESI TENGGARA,12,2,37,-27,9770,8479,186,1105
11/02/2021,SULAWESI TENGGARA,20,1,269,-250,9790,8748,187,855
12/02/2021,SULAWESI TENGGARA,26,1,68,-43,9816,8816,188,812
13/02/2021,SULAWESI TENGGARA,8,0,52,-44,9824,8868,188,768
14/02/2021,SULAWESI TENGGARA,15,2,7,6,9839,8875,190,774
15/02/2021,SULAWESI TENGGARA,8,0,8,0,9847,8883,190,774
16/02/2021,SULAWESI TENGGARA,11,0,8,3,9858,8891,190,777
17/02/2021,SULAWESI TENGGARA,14,0,25,-11,9872,8916,190,766
18/02/2021,SULAWESI TENGGARA,28,1,38,-11,9900,8954,191,755
19/02/2021,SULAWESI TENGGARA,17,0,117,-100,9917,9071,191,655
20/02/2021,SULAWESI TENGGARA,15,0,35,-20,9932,9106,191,635
21/02/2021,SULAWESI TENGGARA,22,0,1,21,9954,9107,191,656
22/02/2021,SULAWESI TENGGARA,28,0,27,1,9982,9134,191,657
23/02/2021,SULAWESI TENGGARA,7,1,45,-39,9989,9179,192,618
24/02/2021,SULAWESI TENGGARA,10,0,17,-7,9999,9196,192,611
25/02/2021,SULAWESI TENGGARA,16,1,63,-48,10015,9259,193,563
26/02/2021,SULAWESI TENGGARA,10,0,22,-12,10025,9281,193,551
27/02/2021,SULAWESI TENGGARA,14,0,0,14,10039,9281,193,565
28/02/2021,SULAWESI TENGGARA,4,1,2,1,10043,9283,194,566
01/03/2021,SULAWESI TENGGARA,11,0,2,9,10054,9285,194,575
02/03/2021,SULAWESI TENGGARA,7,3,17,-13,10061,9302,197,562
03/03/2021,SULAWESI TENGGARA,19,0,30,-11,10080,9332,197,551
04/03/2021,SULAWESI TENGGARA,3,1,6,-4,10083,9338,198,547
05/03/2021,SULAWESI TENGGARA,8,2,23,-17,10091,9361,200,530
06/03/2021,SULAWESI TENGGARA,2,0,24,-22,10093,9385,200,508
07/03/2021,SULAWESI TENGGARA,5,0,0,5,10098,9385,200,513
08/03/2021,SULAWESI TENGGARA,9,1,25,-17,10107,9410,201,496
09/03/2021,SULAWESI TENGGARA,13,0,11,2,10120,9421,201,498
10/03/2021,SULAWESI TENGGARA,5,0,3,2,10125,9424,201,500
11/03/2021,SULAWESI TENGGARA,14,0,21,-7,10139,9445,201,493
12/03/2021,SULAWESI TENGGARA,0,0,4,-4,10139,9449,201,489
13/03/2021,SULAWESI TENGGARA,2,1,0,1,10141,9449,202,490
14/03/2021,SULAWESI TENGGARA,3,0,0,3,10144,9449,202,493
15/03/2021,SULAWESI TENGGARA,3,0,1,2,10147,9450,202,495
16/03/2021,SULAWESI TENGGARA,7,1,14,-8,10154,9464,203,487
17/03/2021,SULAWESI TENGGARA,12,0,57,-45,10166,9521,203,442
18/03/2021,SULAWESI TENGGARA,5,0,0,5,10171,9521,203,447
19/03/2021,SULAWESI TENGGARA,6,0,1,5,10177,9522,203,452
20/03/2021,SULAWESI TENGGARA,26,0,0,26,10203,9522,203,478
21/03/2021,SULAWESI TENGGARA,17,1,0,16,10220,9522,204,494
22/03/2021,SULAWESI TENGGARA,0,0,3,-3,10220,9525,204,491
23/03/2021,SULAWESI TENGGARA,2,0,18,-16,10222,9543,204,475
24/03/2021,SULAWESI TENGGARA,3,0,0,3,10225,9543,204,478
25/03/2021,SULAWESI TENGGARA,1,0,1,0,10226,9544,204,478
26/03/2021,SULAWESI TENGGARA,6,0,42,-36,10232,9586,204,442
27/03/2021,SULAWESI TENGGARA,13,1,0,12,10245,9586,205,454
28/03/2021,SULAWESI TENGGARA,4,0,3,1,10249,9589,205,455
29/03/2021,SULAWESI TENGGARA,4,0,16,-12,10253,9605,205,443
30/03/2021,SULAWESI TENGGARA,7,0,22,-15,10260,9627,205,428
31/03/2021,SULAWESI TENGGARA,7,0,2,5,10267,9629,205,433
01/04/2021,SULAWESI TENGGARA,6,0,5,1,10273,9634,205,434
02/04/2021,SULAWESI TENGGARA,2,0,1,1,10275,9635,205,435
03/04/2021,SULAWESI TENGGARA,0,0,0,0,10275,9635,205,435
04/04/2021,SULAWESI TENGGARA,8,0,0,8,10283,9635,205,443
05/04/2021,SULAWESI TENGGARA,0,0,0,0,10283,9635,205,443
06/04/2021,SULAWESI TENGGARA,10,1,31,-22,10293,9666,206,421
07/04/2021,SULAWESI TENGGARA,5,0,1,4,10298,9667,206,425
08/04/2021,SULAWESI TENGGARA,16,0,4,12,10314,9671,206,437
09/04/2021,SULAWESI TENGGARA,1,0,19,-18,10315,9690,206,419
10/04/2021,SULAWESI TENGGARA,1,0,0,1,10316,9690,206,420
11/04/2021,SULAWESI TENGGARA,2,0,0,2,10318,9690,206,422
12/04/2021,SULAWESI TENGGARA,1,0,19,-18,10319,9709,206,404
13/04/2021,SULAWESI TENGGARA,2,0,5,-3,10321,9714,206,401
14/04/2021,SULAWESI TENGGARA,2,0,12,-10,10323,9726,206,391
15/04/2021,SULAWESI TENGGARA,2,0,0,2,10325,9726,206,393
16/04/2021,SULAWESI TENGGARA,6,0,26,-20,10331,9752,206,373
17/04/2021,SULAWESI TENGGARA,4,0,2,2,10335,9754,206,375
18/04/2021,SULAWESI TENGGARA,12,0,4,8,10347,9758,206,383
26/03/2020,LAMPUNG,2,0,0,2,2,0,0,2
27/03/2020,LAMPUNG,1,0,0,1,3,0,0,3
28/03/2020,LAMPUNG,0,0,0,0,3,0,0,3
29/03/2020,LAMPUNG,0,0,0,0,3,0,0,3
30/03/2020,LAMPUNG,4,1,0,3,7,0,1,6
31/03/2020,LAMPUNG,0,1,0,-1,7,0,2,5
01/04/2020,LAMPUNG,0,0,0,0,7,0,2,5
02/04/2020,LAMPUNG,0,0,0,0,7,0,2,5
03/04/2020,LAMPUNG,3,1,0,2,10,0,3,7
04/04/2020,LAMPUNG,0,0,0,0,10,0,3,7
05/04/2020,LAMPUNG,0,0,0,0,10,0,3,7
06/04/2020,LAMPUNG,1,0,0,1,11,0,3,8
07/04/2020,LAMPUNG,0,0,0,0,11,0,3,8
08/04/2020,LAMPUNG,3,2,0,1,14,0,5,9
09/04/2020,LAMPUNG,0,0,2,-2,14,2,5,7
10/04/2020,LAMPUNG,5,0,0,5,19,2,5,12
11/04/2020,LAMPUNG,0,0,2,-2,19,4,5,10
12/04/2020,LAMPUNG,0,0,0,0,19,4,5,10
13/04/2020,LAMPUNG,1,0,0,1,20,4,5,11
14/04/2020,LAMPUNG,0,0,0,0,20,4,5,11
15/04/2020,LAMPUNG,0,0,0,0,20,4,5,11
16/04/2020,LAMPUNG,5,0,0,5,25,4,5,16
17/04/2020,LAMPUNG,0,0,0,0,25,4,5,16
18/04/2020,LAMPUNG,0,0,0,0,25,4,5,16
19/04/2020,LAMPUNG,0,0,0,0,25,4,5,16
20/04/2020,LAMPUNG,0,0,0,0,25,4,5,16
21/04/2020,LAMPUNG,1,0,1,0,26,5,5,16
22/04/2020,LAMPUNG,0,0,1,-1,26,6,5,15
23/04/2020,LAMPUNG,11,0,0,11,37,6,5,26
24/04/2020,LAMPUNG,0,0,0,0,37,6,5,26
25/04/2020,LAMPUNG,0,0,1,-1,37,7,5,25
26/04/2020,LAMPUNG,4,0,0,4,41,7,5,29
27/04/2020,LAMPUNG,0,0,1,-1,41,8,5,28
28/04/2020,LAMPUNG,2,0,2,0,43,10,5,28
29/04/2020,LAMPUNG,2,0,3,-1,45,13,5,27
30/04/2020,LAMPUNG,0,0,0,0,45,13,5,27
01/05/2020,LAMPUNG,4,0,0,4,49,13,5,31
02/05/2020,LAMPUNG,0,0,0,0,49,13,5,31
03/05/2020,LAMPUNG,0,0,0,0,49,13,5,31
04/05/2020,LAMPUNG,4,0,0,4,53,13,5,35
05/05/2020,LAMPUNG,1,0,1,0,54,14,5,35
06/05/2020,LAMPUNG,8,0,5,3,62,19,5,38
07/05/2020,LAMPUNG,0,0,0,0,62,19,5,38
08/05/2020,LAMPUNG,3,0,0,3,65,19,5,41
09/05/2020,LAMPUNG,0,0,0,0,65,19,5,41
10/05/2020,LAMPUNG,0,1,0,-1,65,19,6,40
11/05/2020,LAMPUNG,0,1,0,-1,65,19,7,39
12/05/2020,LAMPUNG,0,0,0,0,65,19,7,39
13/05/2020,LAMPUNG,0,0,0,0,65,19,7,39
14/05/2020,LAMPUNG,0,0,0,0,65,19,7,39
15/05/2020,LAMPUNG,0,1,2,-3,65,21,8,36
16/05/2020,LAMPUNG,0,0,2,-2,65,23,8,34
17/05/2020,LAMPUNG,1,0,0,1,66,23,8,35
18/05/2020,LAMPUNG,16,0,2,14,82,25,8,49
19/05/2020,LAMPUNG,1,0,4,-3,83,29,8,46
20/05/2020,LAMPUNG,2,0,0,2,85,29,8,48
21/05/2020,LAMPUNG,16,0,2,14,101,31,8,62
22/05/2020,LAMPUNG,4,0,5,-1,105,36,8,61
23/05/2020,LAMPUNG,0,0,4,-4,105,40,8,57
24/05/2020,LAMPUNG,4,2,5,-3,109,45,10,54
25/05/2020,LAMPUNG,7,1,0,6,116,45,11,60
26/05/2020,LAMPUNG,0,0,2,-2,116,47,11,58
27/05/2020,LAMPUNG,2,0,0,2,118,47,11,60
28/05/2020,LAMPUNG,0,0,0,0,118,47,11,60
29/05/2020,LAMPUNG,13,0,0,13,131,47,11,73
30/05/2020,LAMPUNG,1,0,11,-10,132,58,11,63
31/05/2020,LAMPUNG,1,0,4,-3,133,62,11,60
01/06/2020,LAMPUNG,2,0,5,-3,135,67,11,57
02/06/2020,LAMPUNG,0,0,6,-6,135,73,11,51
03/06/2020,LAMPUNG,0,0,4,-4,135,77,11,47
04/06/2020,LAMPUNG,4,0,3,1,139,80,11,48
05/06/2020,LAMPUNG,1,0,11,-10,140,91,11,38
06/06/2020,LAMPUNG,2,0,3,-1,142,94,11,37
07/06/2020,LAMPUNG,1,0,1,0,143,95,11,37
08/06/2020,LAMPUNG,1,0,3,-2,144,98,11,35
09/06/2020,LAMPUNG,3,0,3,0,147,101,11,35
10/06/2020,LAMPUNG,2,0,1,1,149,102,11,36
11/06/2020,LAMPUNG,2,0,0,2,151,102,11,38
12/06/2020,LAMPUNG,1,0,2,-1,152,104,11,37
13/06/2020,LAMPUNG,12,1,3,8,164,107,12,45
14/06/2020,LAMPUNG,1,0,1,0,165,108,12,45
15/06/2020,LAMPUNG,0,0,0,0,165,108,12,45
16/06/2020,LAMPUNG,0,0,2,-2,165,110,12,43
17/06/2020,LAMPUNG,3,0,1,2,168,111,12,45
18/06/2020,LAMPUNG,2,0,3,-1,170,114,12,44
19/06/2020,LAMPUNG,1,0,2,-1,171,116,12,43
20/06/2020,LAMPUNG,8,0,5,3,179,121,12,46
21/06/2020,LAMPUNG,1,0,0,1,180,121,12,47
22/06/2020,LAMPUNG,0,0,0,0,180,121,12,47
23/06/2020,LAMPUNG,0,0,0,0,180,121,12,47
24/06/2020,LAMPUNG,2,0,7,-5,182,128,12,42
25/06/2020,LAMPUNG,4,0,0,4,186,128,12,46
26/06/2020,LAMPUNG,0,0,2,-2,186,130,12,44
27/06/2020,LAMPUNG,1,0,4,-3,187,134,12,41
28/06/2020,LAMPUNG,0,0,7,-7,187,141,12,34
29/06/2020,LAMPUNG,0,0,1,-1,187,142,12,33
30/06/2020,LAMPUNG,2,0,2,0,189,144,12,33
01/07/2020,LAMPUNG,1,0,2,-1,190,146,12,32
02/07/2020,LAMPUNG,2,0,0,2,192,146,12,34
03/07/2020,LAMPUNG,0,0,0,0,192,146,12,34
04/07/2020,LAMPUNG,0,0,1,-1,192,147,12,33
05/07/2020,LAMPUNG,2,0,1,1,194,148,12,34
06/07/2020,LAMPUNG,6,0,4,2,200,152,12,36
07/07/2020,LAMPUNG,0,0,0,0,200,152,12,36
08/07/2020,LAMPUNG,1,0,0,1,201,152,12,37
09/07/2020,LAMPUNG,1,0,1,0,202,153,12,37
10/07/2020,LAMPUNG,2,0,4,-2,204,157,12,35
11/07/2020,LAMPUNG,0,0,0,0,204,157,12,35
12/07/2020,LAMPUNG,3,0,3,0,207,160,12,35
13/07/2020,LAMPUNG,1,0,1,0,208,161,12,35
14/07/2020,LAMPUNG,0,0,0,0,208,161,12,35
15/07/2020,LAMPUNG,6,0,1,5,214,162,12,40
16/07/2020,LAMPUNG,4,0,0,4,218,162,12,44
17/07/2020,LAMPUNG,1,0,1,0,219,163,12,44
18/07/2020,LAMPUNG,9,0,0,9,228,163,12,53
19/07/2020,LAMPUNG,2,0,4,-2,230,167,12,51
20/07/2020,LAMPUNG,0,0,3,-3,230,170,12,48
21/07/2020,LAMPUNG,1,0,1,0,231,171,12,48
22/07/2020,LAMPUNG,5,0,1,4,236,172,12,52
23/07/2020,LAMPUNG,9,0,3,6,245,175,12,58
24/07/2020,LAMPUNG,0,0,3,-3,245,178,12,55
25/07/2020,LAMPUNG,1,0,2,-1,246,180,12,54
26/07/2020,LAMPUNG,3,0,3,0,249,183,12,54
27/07/2020,LAMPUNG,2,0,2,0,251,185,12,54
28/07/2020,LAMPUNG,0,0,3,-3,251,188,12,51
29/07/2020,LAMPUNG,0,0,0,0,251,188,12,51
30/07/2020,LAMPUNG,3,0,0,3,254,188,12,54
31/07/2020,LAMPUNG,0,0,0,0,254,188,12,54
01/08/2020,LAMPUNG,0,0,0,0,254,188,12,54
02/08/2020,LAMPUNG,16,1,0,15,270,188,13,69
03/08/2020,LAMPUNG,26,0,16,10,296,204,13,79
04/08/2020,LAMPUNG,0,0,1,-1,296,205,13,78
05/08/2020,LAMPUNG,1,0,3,-2,297,208,13,76
06/08/2020,LAMPUNG,1,0,4,-3,298,212,13,73
07/08/2020,LAMPUNG,4,0,2,2,302,214,13,75
08/08/2020,LAMPUNG,4,0,5,-1,306,219,13,74
09/08/2020,LAMPUNG,0,0,0,0,306,219,13,74
10/08/2020,LAMPUNG,9,0,1,8,315,220,13,82
11/08/2020,LAMPUNG,2,0,1,1,317,221,13,83
12/08/2020,LAMPUNG,2,0,2,0,319,223,13,83
13/08/2020,LAMPUNG,7,0,4,3,326,227,13,86
14/08/2020,LAMPUNG,5,0,0,5,331,227,13,91
15/08/2020,LAMPUNG,0,0,13,-13,331,240,13,78
16/08/2020,LAMPUNG,9,1,0,8,340,240,14,86
17/08/2020,LAMPUNG,2,0,31,-29,342,271,14,57
18/08/2020,LAMPUNG,0,0,0,0,342,271,14,57
19/08/2020,LAMPUNG,3,0,2,1,345,273,14,58
20/08/2020,LAMPUNG,6,0,1,5,351,274,14,63
21/08/2020,LAMPUNG,1,0,1,0,352,275,14,63
22/08/2020,LAMPUNG,3,0,1,2,355,276,14,65
23/08/2020,LAMPUNG,6,0,0,6,361,276,14,71
24/08/2020,LAMPUNG,3,0,12,-9,364,288,14,62
25/08/2020,LAMPUNG,4,0,0,4,368,288,14,66
26/08/2020,LAMPUNG,2,0,15,-13,370,303,14,53
27/08/2020,LAMPUNG,5,0,11,-6,375,314,14,47
28/08/2020,LAMPUNG,2,0,0,2,377,314,14,49
29/08/2020,LAMPUNG,4,0,0,4,381,314,14,53
30/08/2020,LAMPUNG,7,0,3,4,388,317,14,57
31/08/2020,LAMPUNG,6,0,5,1,394,322,14,58
01/09/2020,LAMPUNG,4,2,0,2,398,322,16,60
02/09/2020,LAMPUNG,11,0,5,6,409,327,16,66
03/09/2020,LAMPUNG,14,1,2,11,423,329,17,77
04/09/2020,LAMPUNG,4,0,2,2,427,331,17,79
05/09/2020,LAMPUNG,12,1,1,10,439,332,18,89
06/09/2020,LAMPUNG,12,1,6,5,451,338,19,94
07/09/2020,LAMPUNG,3,2,0,1,454,338,21,95
08/09/2020,LAMPUNG,11,0,6,5,465,344,21,100
09/09/2020,LAMPUNG,22,1,10,11,487,354,22,111
10/09/2020,LAMPUNG,21,0,2,19,508,356,22,130
11/09/2020,LAMPUNG,2,0,3,-1,510,359,22,129
12/09/2020,LAMPUNG,44,0,0,44,554,359,22,173
13/09/2020,LAMPUNG,0,0,5,-5,554,364,22,168
14/09/2020,LAMPUNG,60,1,8,51,614,372,23,219
15/09/2020,LAMPUNG,29,0,6,23,643,378,23,242
16/09/2020,LAMPUNG,22,2,22,-2,665,400,25,240
17/09/2020,LAMPUNG,21,1,21,-1,686,421,26,239
18/09/2020,LAMPUNG,7,1,2,4,693,423,27,243
19/09/2020,LAMPUNG,21,1,6,14,714,429,28,257
20/09/2020,LAMPUNG,13,1,0,12,727,429,29,269
21/09/2020,LAMPUNG,10,0,0,10,737,429,29,279
22/09/2020,LAMPUNG,24,1,24,-1,761,453,30,278
23/09/2020,LAMPUNG,16,0,34,-18,777,487,30,260
24/09/2020,LAMPUNG,21,0,0,21,798,487,30,281
25/09/2020,LAMPUNG,15,0,25,-10,813,512,30,271
26/09/2020,LAMPUNG,12,0,63,-51,825,575,30,220
27/09/2020,LAMPUNG,15,0,14,1,840,589,30,221
28/09/2020,LAMPUNG,10,0,19,-9,850,608,30,212
29/09/2020,LAMPUNG,24,0,14,10,874,622,30,222
30/09/2020,LAMPUNG,19,3,11,5,893,633,33,227
01/10/2020,LAMPUNG,13,0,16,-3,906,649,33,224
02/10/2020,LAMPUNG,25,3,17,5,931,666,36,229
03/10/2020,LAMPUNG,10,0,9,1,941,675,36,230
04/10/2020,LAMPUNG,9,0,13,-4,950,688,36,226
05/10/2020,LAMPUNG,37,0,16,21,987,704,36,247
06/10/2020,LAMPUNG,27,0,22,5,1014,726,36,252
07/10/2020,LAMPUNG,16,2,0,14,1030,726,38,266
08/10/2020,LAMPUNG,58,0,16,42,1088,742,38,308
09/10/2020,LAMPUNG,0,1,17,-18,1088,759,39,290
10/10/2020,LAMPUNG,31,2,3,26,1119,762,41,316
11/10/2020,LAMPUNG,11,0,1,10,1130,763,41,326
12/10/2020,LAMPUNG,16,0,0,16,1146,763,41,342
13/10/2020,LAMPUNG,15,0,0,15,1161,763,41,357
14/10/2020,LAMPUNG,42,5,17,20,1203,780,46,377
15/10/2020,LAMPUNG,17,1,0,16,1220,780,47,393
16/10/2020,LAMPUNG,29,0,63,-34,1249,843,47,359
17/10/2020,LAMPUNG,35,1,20,14,1284,863,48,373
18/10/2020,LAMPUNG,13,3,20,-10,1297,883,51,363
19/10/2020,LAMPUNG,42,2,24,16,1339,907,53,379
20/10/2020,LAMPUNG,36,1,0,35,1375,907,54,414
21/10/2020,LAMPUNG,44,1,0,43,1419,907,55,457
22/10/2020,LAMPUNG,40,2,23,15,1459,930,57,472
23/10/2020,LAMPUNG,62,2,4,56,1521,934,59,528
24/10/2020,LAMPUNG,29,3,0,26,1550,934,62,554
25/10/2020,LAMPUNG,50,0,2,48,1600,936,62,602
26/10/2020,LAMPUNG,45,3,6,36,1645,942,65,638
27/10/2020,LAMPUNG,40,4,0,36,1685,942,69,674
28/10/2020,LAMPUNG,43,2,39,2,1728,981,71,676
29/10/2020,LAMPUNG,28,3,46,-21,1756,1027,74,655
30/10/2020,LAMPUNG,37,1,25,11,1793,1052,75,666
31/10/2020,LAMPUNG,31,2,0,29,1824,1052,77,695
01/11/2020,LAMPUNG,26,2,74,-50,1850,1126,79,645
02/11/2020,LAMPUNG,33,0,1,32,1883,1127,79,677
03/11/2020,LAMPUNG,52,3,2,47,1935,1129,82,724
04/11/2020,LAMPUNG,48,4,43,1,1983,1172,86,725
05/11/2020,LAMPUNG,38,2,2,34,2021,1174,88,759
06/11/2020,LAMPUNG,44,3,0,41,2065,1174,91,800
07/11/2020,LAMPUNG,39,1,81,-43,2104,1255,92,757
08/11/2020,LAMPUNG,60,6,6,48,2164,1261,98,805
09/11/2020,LAMPUNG,86,6,19,61,2250,1280,104,866
10/11/2020,LAMPUNG,0,0,4,-4,2250,1284,104,862
11/11/2020,LAMPUNG,99,0,22,77,2349,1306,104,939
12/11/2020,LAMPUNG,95,1,30,64,2444,1336,105,1003
13/11/2020,LAMPUNG,137,3,11,123,2581,1347,108,1126
14/11/2020,LAMPUNG,87,0,26,61,2668,1373,108,1187
15/11/2020,LAMPUNG,14,3,58,-47,2682,1431,111,1140
16/11/2020,LAMPUNG,61,2,12,47,2743,1443,113,1187
17/11/2020,LAMPUNG,22,3,117,-98,2765,1560,116,1089
18/11/2020,LAMPUNG,0,0,3,-3,2765,1563,116,1086
19/11/2020,LAMPUNG,125,4,49,72,2890,1612,120,1158
20/11/2020,LAMPUNG,44,1,3,40,2934,1615,121,1198
21/11/2020,LAMPUNG,46,0,50,-4,2980,1665,121,1194
22/11/2020,LAMPUNG,46,3,9,34,3026,1674,124,1228
23/11/2020,LAMPUNG,60,11,50,-1,3086,1724,135,1227
24/11/2020,LAMPUNG,67,0,9,58,3153,1733,135,1285
25/11/2020,LAMPUNG,84,9,50,25,3237,1783,144,1310
26/11/2020,LAMPUNG,102,9,30,63,3339,1813,153,1373
27/11/2020,LAMPUNG,157,10,84,63,3496,1897,163,1436
28/11/2020,LAMPUNG,125,6,71,48,3621,1968,169,1484
29/11/2020,LAMPUNG,56,3,29,24,3677,1997,172,1508
30/11/2020,LAMPUNG,145,1,37,107,3822,2034,173,1615
01/12/2020,LAMPUNG,116,0,50,66,3938,2084,173,1681
02/12/2020,LAMPUNG,54,0,58,-4,3992,2142,173,1677
03/12/2020,LAMPUNG,54,2,50,2,4046,2192,175,1679
04/12/2020,LAMPUNG,81,2,56,23,4127,2248,177,1702
05/12/2020,LAMPUNG,65,2,39,24,4192,2287,179,1726
06/12/2020,LAMPUNG,55,1,92,-38,4247,2379,180,1688
07/12/2020,LAMPUNG,34,1,176,-143,4281,2555,181,1545
08/12/2020,LAMPUNG,64,5,42,17,4345,2597,186,1562
09/12/2020,LAMPUNG,80,3,54,23,4425,2651,189,1585
10/12/2020,LAMPUNG,65,5,61,-1,4490,2712,194,1584
11/12/2020,LAMPUNG,62,4,72,-14,4552,2784,198,1570
12/12/2020,LAMPUNG,66,4,3,59,4618,2787,202,1629
13/12/2020,LAMPUNG,79,3,87,-11,4697,2874,205,1618
14/12/2020,LAMPUNG,78,12,13,53,4775,2887,217,1671
15/12/2020,LAMPUNG,73,4,158,-89,4848,3045,221,1582
16/12/2020,LAMPUNG,78,8,116,-46,4926,3161,229,1536
17/12/2020,LAMPUNG,103,3,147,-47,5029,3308,232,1489
18/12/2020,LAMPUNG,95,1,77,17,5124,3385,233,1506
19/12/2020,LAMPUNG,95,5,51,39,5219,3436,238,1545
20/12/2020,LAMPUNG,112,2,46,64,5331,3482,240,1609
21/12/2020,LAMPUNG,132,0,12,120,5463,3494,240,1729
22/12/2020,LAMPUNG,73,1,48,24,5536,3542,241,1753
23/12/2020,LAMPUNG,111,1,24,86,5647,3566,242,1839
24/12/2020,LAMPUNG,78,1,95,-18,5725,3661,243,1821
25/12/2020,LAMPUNG,65,4,51,10,5790,3712,247,1831
26/12/2020,LAMPUNG,65,3,108,-46,5855,3820,250,1785
27/12/2020,LAMPUNG,91,4,98,-11,5946,3918,254,1774
28/12/2020,LAMPUNG,78,5,73,0,6024,3991,259,1774
29/12/2020,LAMPUNG,102,3,92,7,6126,4083,262,1781
30/12/2020,LAMPUNG,64,7,87,-30,6190,4170,269,1751
31/12/2020,LAMPUNG,85,5,140,-60,6275,4310,274,1691
01/01/2021,LAMPUNG,80,3,197,-120,6355,4507,277,1571
02/01/2021,LAMPUNG,115,0,6,109,6470,4513,277,1680
03/01/2021,LAMPUNG,81,3,42,36,6551,4555,280,1716
04/01/2021,LAMPUNG,62,7,96,-41,6613,4651,287,1675
05/01/2021,LAMPUNG,82,5,66,11,6695,4717,292,1686
06/01/2021,LAMPUNG,87,34,95,-42,6782,4812,326,1644
07/01/2021,LAMPUNG,92,13,53,26,6874,4865,339,1670
08/01/2021,LAMPUNG,122,2,47,73,6996,4912,341,1743
09/01/2021,LAMPUNG,119,6,22,91,7115,4934,347,1834
10/01/2021,LAMPUNG,97,3,46,48,7212,4980,350,1882
11/01/2021,LAMPUNG,135,5,100,30,7347,5080,355,1912
12/01/2021,LAMPUNG,193,13,53,127,7540,5133,368,2039
13/01/2021,LAMPUNG,108,17,102,-11,7648,5235,385,2028
14/01/2021,LAMPUNG,96,13,99,-16,7744,5334,398,2012
15/01/2021,LAMPUNG,166,5,81,80,7910,5415,403,2092
16/01/2021,LAMPUNG,114,8,54,52,8024,5469,411,2144
17/01/2021,LAMPUNG,118,9,52,57,8142,5521,420,2201
18/01/2021,LAMPUNG,85,6,37,42,8227,5558,426,2243
19/01/2021,LAMPUNG,124,7,144,-27,8351,5702,433,2216
20/01/2021,LAMPUNG,174,2,87,85,8525,5789,435,2301
21/01/2021,LAMPUNG,128,5,217,-94,8653,6006,440,2207
22/01/2021,LAMPUNG,120,4,88,28,8773,6094,444,2235
23/01/2021,LAMPUNG,145,27,161,-43,8918,6255,471,2192
24/01/2021,LAMPUNG,165,6,46,113,9083,6301,477,2305
25/01/2021,LAMPUNG,108,3,170,-65,9191,6471,480,2240
26/01/2021,LAMPUNG,126,9,38,79,9317,6509,489,2319
27/01/2021,LAMPUNG,148,3,111,34,9465,6620,492,2353
28/01/2021,LAMPUNG,118,3,116,-1,9583,6736,495,2352
29/01/2021,LAMPUNG,146,4,78,64,9729,6814,499,2416
30/01/2021,LAMPUNG,145,7,78,60,9874,6892,506,2476
31/01/2021,LAMPUNG,134,5,131,-2,10008,7023,511,2474
01/02/2021,LAMPUNG,147,10,206,-69,10155,7229,521,2405
02/02/2021,LAMPUNG,165,8,130,27,10320,7359,529,2432
03/02/2021,LAMPUNG,124,7,167,-50,10444,7526,536,2382
04/02/2021,LAMPUNG,98,6,162,-70,10542,7688,542,2312
05/02/2021,LAMPUNG,114,11,123,-20,10656,7811,553,2292
06/02/2021,LAMPUNG,115,3,165,-53,10771,7976,556,2239
07/02/2021,LAMPUNG,114,2,134,-22,10885,8110,558,2217
08/02/2021,LAMPUNG,61,9,97,-45,10946,8207,567,2172
09/02/2021,LAMPUNG,98,4,174,-80,11044,8381,571,2092
10/02/2021,LAMPUNG,106,8,180,-82,11150,8561,579,2010
11/02/2021,LAMPUNG,66,6,130,-70,11216,8691,585,1940
12/02/2021,LAMPUNG,76,8,144,-76,11292,8835,593,1864
13/02/2021,LAMPUNG,75,6,215,-146,11367,9050,599,1718
14/02/2021,LAMPUNG,89,1,97,-9,11456,9147,600,1709
15/02/2021,LAMPUNG,68,1,94,-27,11524,9241,601,1682
16/02/2021,LAMPUNG,78,1,35,42,11602,9276,602,1724
17/02/2021,LAMPUNG,75,0,44,31,11677,9320,602,1755
18/02/2021,LAMPUNG,67,1,352,-286,11744,9672,603,1469
19/02/2021,LAMPUNG,79,9,267,-197,11823,9939,612,1272
20/02/2021,LAMPUNG,98,1,62,35,11921,10001,613,1307
21/02/2021,LAMPUNG,73,5,132,-64,11994,10133,618,1243
22/02/2021,LAMPUNG,92,7,179,-94,12086,10312,625,1149
23/02/2021,LAMPUNG,94,2,126,-34,12180,10438,627,1115
24/02/2021,LAMPUNG,68,3,93,-28,12248,10531,630,1087
25/02/2021,LAMPUNG,68,2,130,-64,12316,10661,632,1023
26/02/2021,LAMPUNG,68,4,115,-51,12384,10776,636,972
27/02/2021,LAMPUNG,82,1,35,46,12466,10811,637,1018
28/02/2021,LAMPUNG,68,7,95,-34,12534,10906,644,984
01/03/2021,LAMPUNG,73,6,70,-3,12607,10976,650,981
02/03/2021,LAMPUNG,50,8,74,-32,12657,11050,658,949
03/03/2021,LAMPUNG,59,6,69,-16,12716,11119,664,933
04/03/2021,LAMPUNG,56,2,59,-5,12772,11178,666,928
05/03/2021,LAMPUNG,45,4,79,-38,12817,11257,670,890
06/03/2021,LAMPUNG,41,0,69,-28,12858,11326,670,862
07/03/2021,LAMPUNG,48,0,51,-3,12906,11377,670,859
08/03/2021,LAMPUNG,53,2,79,-28,12959,11456,672,831
09/03/2021,LAMPUNG,60,0,65,-5,13019,11521,672,826
10/03/2021,LAMPUNG,58,3,161,-106,13077,11682,675,720
11/03/2021,LAMPUNG,46,5,22,19,13123,11704,680,739
12/03/2021,LAMPUNG,42,8,99,-65,13165,11803,688,674
13/03/2021,LAMPUNG,43,2,41,0,13208,11844,690,674
14/03/2021,LAMPUNG,48,2,30,16,13256,11874,692,690
15/03/2021,LAMPUNG,47,6,37,4,13303,11911,698,694
16/03/2021,LAMPUNG,43,4,47,-8,13346,11958,702,686
17/03/2021,LAMPUNG,41,2,65,-26,13387,12023,704,660
18/03/2021,LAMPUNG,37,8,61,-32,13424,12084,712,628
19/03/2021,LAMPUNG,40,2,59,-21,13464,12143,714,607
20/03/2021,LAMPUNG,54,6,30,18,13518,12173,720,625
21/03/2021,LAMPUNG,58,7,30,21,13576,12203,727,646
22/03/2021,LAMPUNG,36,6,41,-11,13612,12244,733,635
23/03/2021,LAMPUNG,37,2,61,-26,13649,12305,735,609
24/03/2021,LAMPUNG,51,3,34,14,13700,12339,738,623
25/03/2021,LAMPUNG,51,1,63,-13,13751,12402,739,610
26/03/2021,LAMPUNG,43,1,53,-11,13794,12455,740,599
27/03/2021,LAMPUNG,48,4,51,-7,13842,12506,744,592
28/03/2021,LAMPUNG,35,5,47,-17,13877,12553,749,575
29/03/2021,LAMPUNG,61,1,54,6,13938,12607,750,581
30/03/2021,LAMPUNG,51,5,71,-25,13989,12678,755,556
31/03/2021,LAMPUNG,29,2,49,-22,14018,12727,757,534
01/04/2021,LAMPUNG,43,2,38,3,14061,12765,759,537
02/04/2021,LAMPUNG,72,4,33,35,14133,12798,763,572
03/04/2021,LAMPUNG,44,5,70,-31,14177,12868,768,541
04/04/2021,LAMPUNG,28,2,27,-1,14205,12895,770,540
05/04/2021,LAMPUNG,28,2,41,-15,14233,12936,772,525
06/04/2021,LAMPUNG,38,0,25,13,14271,12961,772,538
07/04/2021,LAMPUNG,44,1,29,14,14315,12990,773,552
08/04/2021,LAMPUNG,39,2,32,5,14354,13022,775,557
09/04/2021,LAMPUNG,49,0,16,33,14403,13038,775,590
10/04/2021,LAMPUNG,54,2,22,30,14457,13060,777,620
11/04/2021,LAMPUNG,52,0,42,10,14509,13102,777,630
12/04/2021,LAMPUNG,68,0,16,52,14577,13118,777,682
13/04/2021,LAMPUNG,79,0,4,75,14656,13122,777,757
14/04/2021,LAMPUNG,58,3,57,-2,14714,13179,780,755
15/04/2021,LAMPUNG,48,2,21,25,14762,13200,782,780
16/04/2021,LAMPUNG,67,0,7,60,14829,13207,782,840
17/04/2021,LAMPUNG,70,0,4,66,14899,13211,782,906
18/04/2021,LAMPUNG,88,4,5,79,14987,13216,786,985
01/04/2020,SULAWESI UTARA,1,0,0,1,1,0,0,1
02/04/2020,SULAWESI UTARA,0,0,0,0,1,0,0,1
03/04/2020,SULAWESI UTARA,0,0,0,0,1,0,0,1
04/04/2020,SULAWESI UTARA,0,1,0,-1,1,0,1,0
05/04/2020,SULAWESI UTARA,0,0,0,0,1,0,1,0
06/04/2020,SULAWESI UTARA,2,0,0,2,3,0,1,2
07/04/2020,SULAWESI UTARA,3,1,0,2,6,0,2,4
08/04/2020,SULAWESI UTARA,0,0,0,0,6,0,2,4
09/04/2020,SULAWESI UTARA,0,0,0,0,6,0,2,4
10/04/2020,SULAWESI UTARA,5,1,0,4,11,0,3,8
11/04/2020,SULAWESI UTARA,0,0,1,-1,11,1,3,7
12/04/2020,SULAWESI UTARA,4,0,0,4,15,1,3,11
13/04/2020,SULAWESI UTARA,0,0,0,0,15,1,3,11
14/04/2020,SULAWESI UTARA,0,0,2,-2,15,3,3,9
15/04/2020,SULAWESI UTARA,1,0,0,1,16,3,3,10
16/04/2020,SULAWESI UTARA,0,0,1,-1,16,4,3,9
17/04/2020,SULAWESI UTARA,0,0,0,0,16,4,3,9
18/04/2020,SULAWESI UTARA,2,0,0,2,18,4,3,11
19/04/2020,SULAWESI UTARA,0,0,0,0,18,4,3,11
20/04/2020,SULAWESI UTARA,0,0,0,0,18,4,3,11
21/04/2020,SULAWESI UTARA,0,0,0,0,18,4,3,11
22/04/2020,SULAWESI UTARA,0,0,0,0,18,4,3,11
23/04/2020,SULAWESI UTARA,11,0,2,9,29,6,3,20
24/04/2020,SULAWESI UTARA,5,0,0,5,34,6,3,25
25/04/2020,SULAWESI UTARA,0,0,0,0,34,6,3,25
26/04/2020,SULAWESI UTARA,4,0,6,-2,38,12,3,23
27/04/2020,SULAWESI UTARA,0,0,0,0,38,12,3,23
28/04/2020,SULAWESI UTARA,3,0,0,3,41,12,3,26
29/04/2020,SULAWESI UTARA,1,0,1,0,42,13,3,26
30/04/2020,SULAWESI UTARA,1,1,0,0,43,13,4,26
01/05/2020,SULAWESI UTARA,0,0,0,0,43,13,4,26
02/05/2020,SULAWESI UTARA,0,0,3,-3,43,16,4,23
03/05/2020,SULAWESI UTARA,0,0,0,0,43,16,4,23
04/05/2020,SULAWESI UTARA,0,0,0,0,43,16,4,23
05/05/2020,SULAWESI UTARA,0,0,0,0,43,16,4,23
06/05/2020,SULAWESI UTARA,0,0,0,0,43,16,4,23
07/05/2020,SULAWESI UTARA,0,0,0,0,43,16,4,23
08/05/2020,SULAWESI UTARA,2,0,0,2,45,16,4,25
09/05/2020,SULAWESI UTARA,6,1,0,5,51,16,5,30
10/05/2020,SULAWESI UTARA,18,1,0,17,69,16,6,47
11/05/2020,SULAWESI UTARA,0,0,0,0,69,16,6,47
12/05/2020,SULAWESI UTARA,3,0,9,-6,72,25,6,41
13/05/2020,SULAWESI UTARA,8,1,0,7,80,25,7,48
14/05/2020,SULAWESI UTARA,1,1,4,-4,81,29,8,44
15/05/2020,SULAWESI UTARA,22,1,0,21,103,29,9,65
16/05/2020,SULAWESI UTARA,9,0,1,8,112,30,9,73
17/05/2020,SULAWESI UTARA,0,4,0,-4,112,30,13,69
18/05/2020,SULAWESI UTARA,2,1,0,1,114,30,14,70
19/05/2020,SULAWESI UTARA,10,0,0,10,124,30,14,80
20/05/2020,SULAWESI UTARA,24,1,0,23,148,30,15,103
21/05/2020,SULAWESI UTARA,30,4,0,26,178,30,19,129
22/05/2020,SULAWESI UTARA,18,4,0,14,196,30,23,143
23/05/2020,SULAWESI UTARA,3,2,1,0,199,31,25,143
24/05/2020,SULAWESI UTARA,29,1,2,26,228,33,26,169
25/05/2020,SULAWESI UTARA,9,1,0,8,237,33,27,177
26/05/2020,SULAWESI UTARA,26,5,1,20,263,34,32,197
27/05/2020,SULAWESI UTARA,16,2,1,13,279,35,34,210
28/05/2020,SULAWESI UTARA,16,0,2,14,295,37,34,224
29/05/2020,SULAWESI UTARA,9,1,1,7,304,38,35,231
30/05/2020,SULAWESI UTARA,16,0,1,15,320,39,35,246
31/05/2020,SULAWESI UTARA,17,2,11,4,337,50,37,250
01/06/2020,SULAWESI UTARA,0,1,1,-2,337,51,38,248
02/06/2020,SULAWESI UTARA,15,1,0,14,352,51,39,262
03/06/2020,SULAWESI UTARA,23,4,4,15,375,55,43,277
04/06/2020,SULAWESI UTARA,4,1,6,-3,379,61,44,274
05/06/2020,SULAWESI UTARA,10,1,0,9,389,61,45,283
06/06/2020,SULAWESI UTARA,79,1,0,78,468,61,46,361
07/06/2020,SULAWESI UTARA,25,5,2,18,493,63,51,379
08/06/2020,SULAWESI UTARA,15,3,9,3,508,72,54,382
09/06/2020,SULAWESI UTARA,17,0,0,17,525,72,54,399
10/06/2020,SULAWESI UTARA,18,0,7,11,543,79,54,410
11/06/2020,SULAWESI UTARA,34,4,18,12,577,97,58,422
12/06/2020,SULAWESI UTARA,56,0,0,56,633,97,58,478
13/06/2020,SULAWESI UTARA,16,6,1,9,649,98,64,487
14/06/2020,SULAWESI UTARA,7,0,2,5,656,100,64,492
15/06/2020,SULAWESI UTARA,17,0,7,10,673,107,64,502
16/06/2020,SULAWESI UTARA,26,6,7,13,699,114,70,515
17/06/2020,SULAWESI UTARA,35,0,7,28,734,121,70,543
18/06/2020,SULAWESI UTARA,25,3,7,15,759,128,73,558
19/06/2020,SULAWESI UTARA,23,1,8,14,782,136,74,572
20/06/2020,SULAWESI UTARA,24,3,3,18,806,139,77,590
21/06/2020,SULAWESI UTARA,45,0,3,42,851,142,77,632
22/06/2020,SULAWESI UTARA,1,2,2,-3,852,144,79,629
23/06/2020,SULAWESI UTARA,7,1,2,4,859,146,80,633
24/06/2020,SULAWESI UTARA,31,3,2,26,890,148,83,659
25/06/2020,SULAWESI UTARA,36,4,3,29,926,151,87,688
26/06/2020,SULAWESI UTARA,42,5,19,18,968,170,92,706
27/06/2020,SULAWESI UTARA,54,2,1,51,1022,171,94,757
28/06/2020,SULAWESI UTARA,32,0,0,32,1054,171,94,789
29/06/2020,SULAWESI UTARA,26,0,5,21,1080,176,94,810
30/06/2020,SULAWESI UTARA,27,0,10,17,1107,186,94,827
01/07/2020,SULAWESI UTARA,20,2,14,4,1127,200,96,831
02/07/2020,SULAWESI UTARA,30,1,18,11,1157,218,97,842
03/07/2020,SULAWESI UTARA,19,4,14,1,1176,232,101,843
04/07/2020,SULAWESI UTARA,13,2,17,-6,1189,249,103,837
05/07/2020,SULAWESI UTARA,17,1,17,-1,1206,266,104,836
06/07/2020,SULAWESI UTARA,10,2,31,-23,1216,297,106,813
07/07/2020,SULAWESI UTARA,34,1,18,15,1250,315,107,828
08/07/2020,SULAWESI UTARA,89,1,12,76,1339,327,108,904
09/07/2020,SULAWESI UTARA,87,0,27,60,1426,354,108,964
10/07/2020,SULAWESI UTARA,130,1,5,124,1556,359,109,1088
11/07/2020,SULAWESI UTARA,75,0,5,70,1631,364,109,1158
12/07/2020,SULAWESI UTARA,27,0,1,26,1658,365,109,1184
13/07/2020,SULAWESI UTARA,20,1,8,11,1678,373,110,1195
14/07/2020,SULAWESI UTARA,16,1,16,-1,1694,389,111,1194
15/07/2020,SULAWESI UTARA,44,0,12,32,1738,401,111,1226
16/07/2020,SULAWESI UTARA,29,1,15,13,1767,416,112,1239
17/07/2020,SULAWESI UTARA,28,1,107,-80,1795,523,113,1159
18/07/2020,SULAWESI UTARA,54,1,76,-23,1849,599,114,1136
19/07/2020,SULAWESI UTARA,47,2,21,24,1896,620,116,1160
20/07/2020,SULAWESI UTARA,64,2,39,23,1960,659,118,1183
21/07/2020,SULAWESI UTARA,38,3,51,-16,1998,710,121,1167
22/07/2020,SULAWESI UTARA,74,1,125,-52,2072,835,122,1115
23/07/2020,SULAWESI UTARA,43,0,111,-68,2115,946,122,1047
24/07/2020,SULAWESI UTARA,44,0,54,-10,2159,1000,122,1037
25/07/2020,SULAWESI UTARA,54,1,23,30,2213,1023,123,1067
26/07/2020,SULAWESI UTARA,47,0,38,9,2260,1061,123,1076
27/07/2020,SULAWESI UTARA,50,0,23,27,2310,1084,123,1103
28/07/2020,SULAWESI UTARA,44,3,64,-23,2354,1148,126,1080
29/07/2020,SULAWESI UTARA,57,0,39,18,2411,1187,126,1098
30/07/2020,SULAWESI UTARA,86,3,22,61,2497,1209,129,1159
31/07/2020,SULAWESI UTARA,81,3,16,62,2578,1225,132,1221
01/08/2020,SULAWESI UTARA,68,0,19,49,2646,1244,132,1270
02/08/2020,SULAWESI UTARA,20,1,60,-41,2666,1304,133,1229
03/08/2020,SULAWESI UTARA,78,1,49,28,2744,1353,134,1257
04/08/2020,SULAWESI UTARA,29,0,37,-8,2773,1390,134,1249
05/08/2020,SULAWESI UTARA,19,0,35,-16,2792,1425,134,1233
06/08/2020,SULAWESI UTARA,28,1,31,-4,2820,1456,135,1229
07/08/2020,SULAWESI UTARA,18,3,30,-15,2838,1486,138,1214
08/08/2020,SULAWESI UTARA,20,0,88,-68,2858,1574,138,1146
09/08/2020,SULAWESI UTARA,44,2,43,-1,2902,1617,140,1145
10/08/2020,SULAWESI UTARA,72,0,20,52,2974,1637,140,1197
11/08/2020,SULAWESI UTARA,36,3,51,-18,3010,1688,143,1179
12/08/2020,SULAWESI UTARA,12,0,30,-18,3022,1718,143,1161
13/08/2020,SULAWESI UTARA,126,0,20,106,3148,1738,143,1267
14/08/2020,SULAWESI UTARA,61,0,82,-21,3209,1820,143,1246
15/08/2020,SULAWESI UTARA,50,1,55,-6,3259,1875,144,1240
16/08/2020,SULAWESI UTARA,21,2,91,-72,3280,1966,146,1168
17/08/2020,SULAWESI UTARA,6,1,68,-63,3286,2034,147,1105
18/08/2020,SULAWESI UTARA,27,1,82,-56,3313,2116,148,1049
19/08/2020,SULAWESI UTARA,21,0,38,-17,3334,2154,148,1032
20/08/2020,SULAWESI UTARA,65,1,36,28,3399,2190,149,1060
21/08/2020,SULAWESI UTARA,50,0,134,-84,3449,2324,149,976
22/08/2020,SULAWESI UTARA,70,0,29,41,3519,2353,149,1017
23/08/2020,SULAWESI UTARA,30,0,67,-37,3549,2420,149,980
24/08/2020,SULAWESI UTARA,3,5,34,-36,3552,2454,154,944
25/08/2020,SULAWESI UTARA,44,0,30,14,3596,2484,154,958
26/08/2020,SULAWESI UTARA,15,1,34,-20,3611,2518,155,938
27/08/2020,SULAWESI UTARA,38,0,20,18,3649,2538,155,956
28/08/2020,SULAWESI UTARA,34,0,62,-28,3683,2600,155,928
29/08/2020,SULAWESI UTARA,66,0,49,17,3749,2649,155,945
30/08/2020,SULAWESI UTARA,82,1,52,29,3831,2701,156,974
31/08/2020,SULAWESI UTARA,15,0,36,-21,3846,2737,156,953
01/09/2020,SULAWESI UTARA,45,0,33,12,3891,2770,156,965
02/09/2020,SULAWESI UTARA,14,1,51,-38,3905,2821,157,927
03/09/2020,SULAWESI UTARA,34,1,35,-2,3939,2856,158,925
04/09/2020,SULAWESI UTARA,30,0,40,-10,3969,2896,158,915
05/09/2020,SULAWESI UTARA,18,0,43,-25,3987,2939,158,890
06/09/2020,SULAWESI UTARA,12,1,20,-9,3999,2959,159,881
07/09/2020,SULAWESI UTARA,1,1,52,-52,4000,3011,160,829
08/09/2020,SULAWESI UTARA,21,0,18,3,4021,3029,160,832
09/09/2020,SULAWESI UTARA,22,0,24,-2,4043,3053,160,830
10/09/2020,SULAWESI UTARA,18,0,36,-18,4061,3089,160,812
11/09/2020,SULAWESI UTARA,21,0,26,-5,4082,3115,160,807
12/09/2020,SULAWESI UTARA,21,0,40,-19,4103,3155,160,788
13/09/2020,SULAWESI UTARA,44,1,12,31,4147,3167,161,819
14/09/2020,SULAWESI UTARA,16,1,40,-25,4163,3207,162,794
15/09/2020,SULAWESI UTARA,6,0,26,-20,4169,3233,162,774
16/09/2020,SULAWESI UTARA,11,2,15,-6,4180,3248,164,768
17/09/2020,SULAWESI UTARA,30,1,21,8,4210,3269,165,776
18/09/2020,SULAWESI UTARA,20,0,25,-5,4230,3294,165,771
19/09/2020,SULAWESI UTARA,22,2,30,-10,4252,3324,167,761
20/09/2020,SULAWESI UTARA,40,1,26,13,4292,3350,168,774
21/09/2020,SULAWESI UTARA,23,2,20,1,4315,3370,170,775
22/09/2020,SULAWESI UTARA,12,1,28,-17,4327,3398,171,758
23/09/2020,SULAWESI UTARA,6,0,16,-10,4333,3414,171,748
24/09/2020,SULAWESI UTARA,22,1,36,-15,4355,3450,172,733
25/09/2020,SULAWESI UTARA,33,0,12,21,4388,3462,172,754
26/09/2020,SULAWESI UTARA,21,1,34,-14,4409,3496,173,740
27/09/2020,SULAWESI UTARA,26,0,22,4,4435,3518,173,744
28/09/2020,SULAWESI UTARA,7,0,36,-29,4442,3554,173,715
29/09/2020,SULAWESI UTARA,12,2,20,-10,4454,3574,175,705
30/09/2020,SULAWESI UTARA,31,1,22,8,4485,3596,176,713
01/10/2020,SULAWESI UTARA,17,0,24,-7,4502,3620,176,706
02/10/2020,SULAWESI UTARA,25,1,38,-14,4527,3658,177,692
03/10/2020,SULAWESI UTARA,22,0,25,-3,4549,3683,177,689
04/10/2020,SULAWESI UTARA,25,0,27,-2,4574,3710,177,687
05/10/2020,SULAWESI UTARA,19,1,41,-23,4593,3751,178,664
06/10/2020,SULAWESI UTARA,35,0,15,20,4628,3766,178,684
07/10/2020,SULAWESI UTARA,22,1,51,-30,4650,3817,179,654
08/10/2020,SULAWESI UTARA,32,0,23,9,4682,3840,179,663
09/10/2020,SULAWESI UTARA,18,1,35,-18,4700,3875,180,645
10/10/2020,SULAWESI UTARA,41,0,28,13,4741,3903,180,658
11/10/2020,SULAWESI UTARA,54,0,50,4,4795,3953,180,662
12/10/2020,SULAWESI UTARA,6,1,48,-43,4801,4001,181,619
13/10/2020,SULAWESI UTARA,8,0,20,-12,4809,4021,181,607
14/10/2020,SULAWESI UTARA,44,1,22,21,4853,4043,182,628
15/10/2020,SULAWESI UTARA,12,1,30,-19,4865,4073,183,609
16/10/2020,SULAWESI UTARA,62,2,38,22,4927,4111,185,631
17/10/2020,SULAWESI UTARA,30,0,32,-2,4957,4143,185,629
18/10/2020,SULAWESI UTARA,26,1,41,-16,4983,4184,186,613
19/10/2020,SULAWESI UTARA,41,2,24,15,5024,4208,188,628
20/10/2020,SULAWESI UTARA,22,2,27,-7,5046,4235,190,621
21/10/2020,SULAWESI UTARA,27,2,24,1,5073,4259,192,622
22/10/2020,SULAWESI UTARA,13,2,26,-15,5086,4285,194,607
23/10/2020,SULAWESI UTARA,45,0,28,17,5131,4313,194,624
24/10/2020,SULAWESI UTARA,44,1,29,14,5175,4342,195,638
25/10/2020,SULAWESI UTARA,33,0,33,0,5208,4375,195,638
26/10/2020,SULAWESI UTARA,22,0,31,-9,5230,4406,195,629
27/10/2020,SULAWESI UTARA,11,2,25,-16,5241,4431,197,613
28/10/2020,SULAWESI UTARA,43,2,15,26,5284,4446,199,639
29/10/2020,SULAWESI UTARA,65,1,36,28,5349,4482,200,667
30/10/2020,SULAWESI UTARA,39,0,36,3,5388,4518,200,670
31/10/2020,SULAWESI UTARA,19,4,24,-9,5407,4542,204,661
01/11/2020,SULAWESI UTARA,21,0,24,-3,5428,4566,204,658
02/11/2020,SULAWESI UTARA,24,1,19,4,5452,4585,205,662
03/11/2020,SULAWESI UTARA,22,1,51,-30,5474,4636,206,632
04/11/2020,SULAWESI UTARA,8,2,23,-17,5482,4659,208,615
05/11/2020,SULAWESI UTARA,44,0,19,25,5526,4678,208,640
06/11/2020,SULAWESI UTARA,1,2,37,-38,5527,4715,210,602
07/11/2020,SULAWESI UTARA,52,2,25,25,5579,4740,212,627
08/11/2020,SULAWESI UTARA,58,1,10,47,5637,4750,213,674
09/11/2020,SULAWESI UTARA,44,1,40,3,5681,4790,214,677
10/11/2020,SULAWESI UTARA,30,2,19,9,5711,4809,216,686
11/11/2020,SULAWESI UTARA,78,0,2,76,5789,4811,216,762
12/11/2020,SULAWESI UTARA,37,0,55,-18,5826,4866,216,744
13/11/2020,SULAWESI UTARA,19,6,16,-3,5845,4882,222,741
14/11/2020,SULAWESI UTARA,65,3,15,47,5910,4897,225,788
15/11/2020,SULAWESI UTARA,49,0,24,25,5959,4921,225,813
16/11/2020,SULAWESI UTARA,100,2,37,61,6059,4958,227,874
17/11/2020,SULAWESI UTARA,44,0,28,16,6103,4986,227,890
18/11/2020,SULAWESI UTARA,6,0,9,-3,6109,4995,227,887
19/11/2020,SULAWESI UTARA,119,3,10,106,6228,5005,230,993
20/11/2020,SULAWESI UTARA,145,0,54,91,6373,5059,230,1084
21/11/2020,SULAWESI UTARA,20,0,15,5,6393,5074,230,1089
22/11/2020,SULAWESI UTARA,23,2,19,2,6416,5093,232,1091
23/11/2020,SULAWESI UTARA,25,1,35,-11,6441,5128,233,1080
24/11/2020,SULAWESI UTARA,28,3,33,-8,6469,5161,236,1072
25/11/2020,SULAWESI UTARA,79,0,28,51,6548,5189,236,1123
26/11/2020,SULAWESI UTARA,44,2,20,22,6592,5209,238,1145
27/11/2020,SULAWESI UTARA,152,0,38,114,6744,5247,238,1259
28/11/2020,SULAWESI UTARA,47,0,21,26,6791,5268,238,1285
29/11/2020,SULAWESI UTARA,18,3,23,-8,6809,5291,241,1277
30/11/2020,SULAWESI UTARA,115,3,69,43,6924,5360,244,1320
01/12/2020,SULAWESI UTARA,36,0,52,-16,6960,5412,244,1304
02/12/2020,SULAWESI UTARA,104,0,44,60,7064,5456,244,1364
03/12/2020,SULAWESI UTARA,88,2,27,59,7152,5483,246,1423
04/12/2020,SULAWESI UTARA,61,5,56,0,7213,5539,251,1423
05/12/2020,SULAWESI UTARA,29,1,40,-12,7242,5579,252,1411
06/12/2020,SULAWESI UTARA,105,0,55,50,7347,5634,252,1461
07/12/2020,SULAWESI UTARA,78,2,18,58,7425,5652,254,1519
08/12/2020,SULAWESI UTARA,47,2,73,-28,7472,5725,256,1491
09/12/2020,SULAWESI UTARA,57,2,72,-17,7529,5797,258,1474
10/12/2020,SULAWESI UTARA,135,1,32,102,7664,5829,259,1576
11/12/2020,SULAWESI UTARA,134,5,20,109,7798,5849,264,1685
12/12/2020,SULAWESI UTARA,78,1,26,51,7876,5875,265,1736
13/12/2020,SULAWESI UTARA,93,3,25,65,7969,5900,268,1801
14/12/2020,SULAWESI UTARA,87,1,35,51,8056,5935,269,1852
15/12/2020,SULAWESI UTARA,58,1,27,30,8114,5962,270,1882
16/12/2020,SULAWESI UTARA,173,1,75,97,8287,6037,271,1979
17/12/2020,SULAWESI UTARA,121,1,21,99,8408,6058,272,2078
18/12/2020,SULAWESI UTARA,206,4,78,124,8614,6136,276,2202
19/12/2020,SULAWESI UTARA,164,2,69,93,8778,6205,278,2295
20/12/2020,SULAWESI UTARA,157,6,47,104,8935,6252,284,2399
21/12/2020,SULAWESI UTARA,99,5,96,-2,9034,6348,289,2397
22/12/2020,SULAWESI UTARA,31,0,71,-40,9065,6419,289,2357
23/12/2020,SULAWESI UTARA,67,2,102,-37,9132,6521,291,2320
24/12/2020,SULAWESI UTARA,103,2,33,68,9235,6554,293,2388
25/12/2020,SULAWESI UTARA,65,1,32,32,9300,6586,294,2420
26/12/2020,SULAWESI UTARA,43,1,0,42,9343,6586,295,2462
27/12/2020,SULAWESI UTARA,69,3,99,-33,9412,6685,298,2429
28/12/2020,SULAWESI UTARA,79,3,118,-42,9491,6803,301,2387
29/12/2020,SULAWESI UTARA,56,4,73,-21,9547,6876,305,2366
30/12/2020,SULAWESI UTARA,34,4,126,-96,9581,7002,309,2270
31/12/2020,SULAWESI UTARA,87,1,72,14,9668,7074,310,2284
01/01/2021,SULAWESI UTARA,53,0,71,-18,9721,7145,310,2266
02/01/2021,SULAWESI UTARA,60,12,71,-23,9781,7216,322,2243
03/01/2021,SULAWESI UTARA,81,0,19,62,9862,7235,322,2305
04/01/2021,SULAWESI UTARA,58,0,33,25,9920,7268,322,2330
05/01/2021,SULAWESI UTARA,35,0,10,25,9955,7278,322,2355
06/01/2021,SULAWESI UTARA,42,1,74,-33,9997,7352,323,2322
07/01/2021,SULAWESI UTARA,81,4,42,35,10078,7394,327,2357
08/01/2021,SULAWESI UTARA,77,4,95,-22,10155,7489,331,2335
09/01/2021,SULAWESI UTARA,143,1,9,133,10298,7498,332,2468
10/01/2021,SULAWESI UTARA,170,2,13,155,10468,7511,334,2623
11/01/2021,SULAWESI UTARA,150,7,162,-19,10618,7673,341,2604
12/01/2021,SULAWESI UTARA,79,2,99,-22,10697,7772,343,2582
13/01/2021,SULAWESI UTARA,94,1,37,56,10791,7809,344,2638
14/01/2021,SULAWESI UTARA,100,3,98,-1,10891,7907,347,2637
15/01/2021,SULAWESI UTARA,128,0,47,81,11019,7954,347,2718
16/01/2021,SULAWESI UTARA,179,3,139,37,11198,8093,350,2755
17/01/2021,SULAWESI UTARA,140,3,24,113,11338,8117,353,2868
18/01/2021,SULAWESI UTARA,145,0,183,-38,11483,8300,353,2830
19/01/2021,SULAWESI UTARA,119,1,63,55,11602,8363,354,2885
20/01/2021,SULAWESI UTARA,235,2,45,188,11837,8408,356,3073
21/01/2021,SULAWESI UTARA,92,2,82,8,11929,8490,358,3081
22/01/2021,SULAWESI UTARA,159,11,47,101,12088,8537,369,3182
23/01/2021,SULAWESI UTARA,150,1,48,101,12238,8585,370,3283
24/01/2021,SULAWESI UTARA,241,2,25,214,12479,8610,372,3497
25/01/2021,SULAWESI UTARA,139,5,178,-44,12618,8788,377,3453
26/01/2021,SULAWESI UTARA,200,8,198,-6,12818,8986,385,3447
27/01/2021,SULAWESI UTARA,146,3,76,67,12964,9062,388,3514
28/01/2021,SULAWESI UTARA,146,28,32,86,13110,9094,416,3600
29/01/2021,SULAWESI UTARA,116,4,70,42,13226,9164,420,3642
30/01/2021,SULAWESI UTARA,130,3,167,-40,13356,9331,423,3602
31/01/2021,SULAWESI UTARA,95,6,101,-12,13451,9432,429,3590
01/02/2021,SULAWESI UTARA,74,2,53,19,13525,9485,431,3609
02/02/2021,SULAWESI UTARA,103,9,44,50,13628,9529,440,3659
03/02/2021,SULAWESI UTARA,72,2,254,-184,13700,9783,442,3475
04/02/2021,SULAWESI UTARA,63,6,69,-12,13763,9852,448,3463
05/02/2021,SULAWESI UTARA,17,2,48,-33,13780,9900,450,3430
06/02/2021,SULAWESI UTARA,106,1,162,-57,13886,10062,451,3373
07/02/2021,SULAWESI UTARA,92,8,96,-12,13978,10158,459,3361
08/02/2021,SULAWESI UTARA,31,16,204,-189,14009,10362,475,3172
09/02/2021,SULAWESI UTARA,96,2,148,-54,14105,10510,477,3118
10/02/2021,SULAWESI UTARA,34,4,110,-80,14139,10620,481,3038
11/02/2021,SULAWESI UTARA,161,2,46,113,14300,10666,483,3151
12/02/2021,SULAWESI UTARA,73,1,45,27,14373,10711,484,3178
13/02/2021,SULAWESI UTARA,84,1,58,25,14457,10769,485,3203
14/02/2021,SULAWESI UTARA,56,2,79,-25,14513,10848,487,3178
15/02/2021,SULAWESI UTARA,97,0,167,-70,14610,11015,487,3108
16/02/2021,SULAWESI UTARA,17,0,43,-26,14627,11058,487,3082
17/02/2021,SULAWESI UTARA,4,0,16,-12,14631,11074,487,3070
18/02/2021,SULAWESI UTARA,27,0,128,-101,14658,11202,487,2969
19/02/2021,SULAWESI UTARA,56,0,74,-18,14714,11276,487,2951
20/02/2021,SULAWESI UTARA,56,0,153,-97,14770,11429,487,2854
21/02/2021,SULAWESI UTARA,42,0,15,27,14812,11444,487,2881
22/02/2021,SULAWESI UTARA,23,2,94,-73,14835,11538,489,2808
23/02/2021,SULAWESI UTARA,11,0,36,-25,14846,11574,489,2783
24/02/2021,SULAWESI UTARA,15,0,127,-112,14861,11701,489,2671
25/02/2021,SULAWESI UTARA,18,1,26,-9,14879,11727,490,2662
26/02/2021,SULAWESI UTARA,66,2,121,-57,14945,11848,492,2605
27/02/2021,SULAWESI UTARA,42,0,26,16,14987,11874,492,2621
28/02/2021,SULAWESI UTARA,13,0,18,-5,15000,11892,492,2616
01/03/2021,SULAWESI UTARA,19,3,65,-49,15019,11957,495,2567
02/03/2021,SULAWESI UTARA,5,0,18,-13,15024,11975,495,2554
03/03/2021,SULAWESI UTARA,21,0,19,2,15045,11994,495,2556
04/03/2021,SULAWESI UTARA,18,0,11,7,15063,12005,495,2563
05/03/2021,SULAWESI UTARA,11,1,16,-6,15074,12021,496,2557
06/03/2021,SULAWESI UTARA,27,2,8,17,15101,12029,498,2574
07/03/2021,SULAWESI UTARA,32,0,1,31,15133,12030,498,2605
08/03/2021,SULAWESI UTARA,1,0,47,-46,15134,12077,498,2559
09/03/2021,SULAWESI UTARA,10,0,43,-33,15144,12120,498,2526
10/03/2021,SULAWESI UTARA,23,0,5,18,15167,12125,498,2544
11/03/2021,SULAWESI UTARA,3,0,17,-14,15170,12142,498,2530
12/03/2021,SULAWESI UTARA,2,0,19,-17,15172,12161,498,2513
13/03/2021,SULAWESI UTARA,24,0,14,10,15196,12175,498,2523
14/03/2021,SULAWESI UTARA,14,0,14,0,15210,12189,498,2523
15/03/2021,SULAWESI UTARA,4,0,45,-41,15214,12234,498,2482
16/03/2021,SULAWESI UTARA,0,0,9,-9,15214,12243,498,2473
17/03/2021,SULAWESI UTARA,9,1,12,-4,15223,12255,499,2469
18/03/2021,SULAWESI UTARA,10,0,36,-26,15233,12291,499,2443
19/03/2021,SULAWESI UTARA,14,0,6,8,15247,12297,499,2451
20/03/2021,SULAWESI UTARA,12,0,8,4,15259,12305,499,2455
21/03/2021,SULAWESI UTARA,4,0,6,-2,15263,12311,499,2453
22/03/2021,SULAWESI UTARA,16,0,61,-45,15279,12372,499,2408
23/03/2021,SULAWESI UTARA,0,0,3,-3,15279,12375,499,2405
24/03/2021,SULAWESI UTARA,0,0,13,-13,15279,12388,499,2392
25/03/2021,SULAWESI UTARA,29,0,10,19,15308,12398,499,2411
26/03/2021,SULAWESI UTARA,17,0,6,11,15325,12404,499,2422
27/03/2021,SULAWESI UTARA,19,0,6,13,15344,12410,499,2435
28/03/2021,SULAWESI UTARA,5,0,4,1,15349,12414,499,2436
29/03/2021,SULAWESI UTARA,2,0,10,-8,15351,12424,499,2428
30/03/2021,SULAWESI UTARA,8,0,33,-25,15359,12457,499,2403
31/03/2021,SULAWESI UTARA,4,0,12,-8,15363,12469,499,2395
01/04/2021,SULAWESI UTARA,5,0,11,-6,15368,12480,499,2389
02/04/2021,SULAWESI UTARA,5,1,4,0,15373,12484,500,2389
03/04/2021,SULAWESI UTARA,11,1,4,6,15384,12488,501,2395
04/04/2021,SULAWESI UTARA,0,0,5,-5,15384,12493,501,2390
05/04/2021,SULAWESI UTARA,1,0,5,-4,15385,12498,501,2386
06/04/2021,SULAWESI UTARA,11,0,1,10,15396,12499,501,2396
07/04/2021,SULAWESI UTARA,6,0,29,-23,15402,12528,501,2373
08/04/2021,SULAWESI UTARA,11,1,3,7,15413,12531,502,2380
09/04/2021,SULAWESI UTARA,0,0,0,0,15413,12531,502,2380
10/04/2021,SULAWESI UTARA,1,0,6,-5,15414,12537,502,2375
11/04/2021,SULAWESI UTARA,14,0,143,-129,15428,12680,502,2246
12/04/2021,SULAWESI UTARA,0,0,3,-3,15428,12683,502,2243
13/04/2021,SULAWESI UTARA,15,0,5,10,15443,12688,502,2253
14/04/2021,SULAWESI UTARA,3,0,3,0,15446,12691,502,2253
15/04/2021,SULAWESI UTARA,25,0,18,7,15471,12709,502,2260
16/04/2021,SULAWESI UTARA,6,0,1,5,15477,12710,502,2265
17/04/2021,SULAWESI UTARA,3,0,1,2,15480,12711,502,2267
18/04/2021,SULAWESI UTARA,2,0,11,-9,15482,12722,502,2258
26/03/2020,SULAWESI TENGAH,1,0,0,1,1,0,0,1
27/03/2020,SULAWESI TENGAH,0,0,0,0,1,0,0,1
28/03/2020,SULAWESI TENGAH,1,0,0,1,2,0,0,2
29/03/2020,SULAWESI TENGAH,0,0,0,0,2,0,0,2
30/03/2020,SULAWESI TENGAH,0,0,0,0,2,0,0,2
31/03/2020,SULAWESI TENGAH,0,0,0,0,2,0,0,2
01/04/2020,SULAWESI TENGAH,0,0,0,0,2,0,0,2
02/04/2020,SULAWESI TENGAH,0,1,0,-1,2,0,1,1
03/04/2020,SULAWESI TENGAH,2,1,0,1,4,0,2,2
04/04/2020,SULAWESI TENGAH,0,0,0,0,4,0,2,2
05/04/2020,SULAWESI TENGAH,1,0,0,1,5,0,2,3
06/04/2020,SULAWESI TENGAH,0,0,0,0,5,0,2,3
07/04/2020,SULAWESI TENGAH,0,0,2,-2,5,2,2,1
08/04/2020,SULAWESI TENGAH,0,0,0,0,5,2,2,1
09/04/2020,SULAWESI TENGAH,0,0,0,0,5,2,2,1
10/04/2020,SULAWESI TENGAH,9,0,0,9,14,2,2,10
11/04/2020,SULAWESI TENGAH,5,0,0,5,19,2,2,15
12/04/2020,SULAWESI TENGAH,0,0,0,0,19,2,2,15
13/04/2020,SULAWESI TENGAH,0,1,0,-1,19,2,3,14
14/04/2020,SULAWESI TENGAH,0,0,0,0,19,2,3,14
15/04/2020,SULAWESI TENGAH,3,0,0,3,22,2,3,17
16/04/2020,SULAWESI TENGAH,0,0,0,0,22,2,3,17
17/04/2020,SULAWESI TENGAH,2,0,0,2,24,2,3,19
18/04/2020,SULAWESI TENGAH,0,0,0,0,24,2,3,19
19/04/2020,SULAWESI TENGAH,3,0,0,3,27,2,3,22
20/04/2020,SULAWESI TENGAH,0,0,0,0,27,2,3,22
21/04/2020,SULAWESI TENGAH,0,0,1,-1,27,3,3,21
22/04/2020,SULAWESI TENGAH,2,0,0,2,29,3,3,23
23/04/2020,SULAWESI TENGAH,0,0,0,0,29,3,3,23
24/04/2020,SULAWESI TENGAH,3,0,0,3,32,3,3,26
25/04/2020,SULAWESI TENGAH,4,0,0,4,36,3,3,30
26/04/2020,SULAWESI TENGAH,0,0,1,-1,36,4,3,29
27/04/2020,SULAWESI TENGAH,0,0,0,0,36,4,3,29
28/04/2020,SULAWESI TENGAH,6,0,4,2,42,8,3,31
29/04/2020,SULAWESI TENGAH,5,0,0,5,47,8,3,36
30/04/2020,SULAWESI TENGAH,0,0,0,0,47,8,3,36
01/05/2020,SULAWESI TENGAH,0,0,3,-3,47,11,3,33
02/05/2020,SULAWESI TENGAH,12,0,0,12,59,11,3,45
03/05/2020,SULAWESI TENGAH,0,0,0,0,59,11,3,45
04/05/2020,SULAWESI TENGAH,0,0,0,0,59,11,3,45
05/05/2020,SULAWESI TENGAH,11,0,1,10,70,12,3,55
06/05/2020,SULAWESI TENGAH,0,0,0,0,70,12,3,55
07/05/2020,SULAWESI TENGAH,5,0,0,5,75,12,3,60
08/05/2020,SULAWESI TENGAH,0,0,0,0,75,12,3,60
09/05/2020,SULAWESI TENGAH,0,0,0,0,75,12,3,60
10/05/2020,SULAWESI TENGAH,8,0,0,8,83,12,3,68
11/05/2020,SULAWESI TENGAH,0,0,1,-1,83,13,3,67
12/05/2020,SULAWESI TENGAH,12,0,0,12,95,13,3,79
13/05/2020,SULAWESI TENGAH,7,1,7,-1,102,20,4,78
14/05/2020,SULAWESI TENGAH,9,0,1,8,111,21,4,86
15/05/2020,SULAWESI TENGAH,1,0,0,1,112,21,4,87
16/05/2020,SULAWESI TENGAH,1,0,1,0,113,22,4,87
17/05/2020,SULAWESI TENGAH,2,0,2,0,115,24,4,87
18/05/2020,SULAWESI TENGAH,0,0,2,-2,115,26,4,85
19/05/2020,SULAWESI TENGAH,0,0,0,0,115,26,4,85
20/05/2020,SULAWESI TENGAH,0,0,0,0,115,26,4,85
21/05/2020,SULAWESI TENGAH,2,0,11,-9,117,37,4,76
22/05/2020,SULAWESI TENGAH,1,0,0,1,118,37,4,77
23/05/2020,SULAWESI TENGAH,2,0,0,2,120,37,4,79
24/05/2020,SULAWESI TENGAH,0,0,9,-9,120,46,4,70
25/05/2020,SULAWESI TENGAH,0,0,0,0,120,46,4,70
26/05/2020,SULAWESI TENGAH,0,0,2,-2,120,48,4,68
27/05/2020,SULAWESI TENGAH,0,0,2,-2,120,50,4,66
28/05/2020,SULAWESI TENGAH,6,0,2,4,126,52,4,70
29/05/2020,SULAWESI TENGAH,0,0,0,0,126,52,4,70
30/05/2020,SULAWESI TENGAH,0,0,0,0,126,52,4,70
31/05/2020,SULAWESI TENGAH,2,0,9,-7,128,61,4,63
01/06/2020,SULAWESI TENGAH,0,0,0,0,128,61,4,63
02/06/2020,SULAWESI TENGAH,0,0,0,0,128,61,4,63
03/06/2020,SULAWESI TENGAH,1,0,3,-2,129,64,4,61
04/06/2020,SULAWESI TENGAH,0,0,6,-6,129,70,4,55
05/06/2020,SULAWESI TENGAH,7,0,8,-1,136,78,4,54
06/06/2020,SULAWESI TENGAH,3,0,9,-6,139,87,4,48
07/06/2020,SULAWESI TENGAH,20,0,7,13,159,94,4,61
08/06/2020,SULAWESI TENGAH,0,0,0,0,159,94,4,61
09/06/2020,SULAWESI TENGAH,0,0,0,0,159,94,4,61
10/06/2020,SULAWESI TENGAH,0,0,1,-1,159,95,4,60
11/06/2020,SULAWESI TENGAH,0,0,1,-1,159,96,4,59
12/06/2020,SULAWESI TENGAH,0,0,0,0,159,96,4,59
13/06/2020,SULAWESI TENGAH,9,0,1,8,168,97,4,67
14/06/2020,SULAWESI TENGAH,2,0,18,-16,170,115,4,51
15/06/2020,SULAWESI TENGAH,1,0,6,-5,171,121,4,46
16/06/2020,SULAWESI TENGAH,1,0,4,-3,172,125,4,43
17/06/2020,SULAWESI TENGAH,0,0,4,-4,172,129,4,39
18/06/2020,SULAWESI TENGAH,0,0,1,-1,172,130,4,38
19/06/2020,SULAWESI TENGAH,1,0,0,1,173,130,4,39
20/06/2020,SULAWESI TENGAH,0,0,1,-1,173,131,4,38
21/06/2020,SULAWESI TENGAH,0,0,1,-1,173,132,4,37
22/06/2020,SULAWESI TENGAH,3,0,0,3,176,132,4,40
23/06/2020,SULAWESI TENGAH,3,0,8,-5,179,140,4,35
24/06/2020,SULAWESI TENGAH,1,1,1,-1,180,141,5,34
25/06/2020,SULAWESI TENGAH,1,0,4,-3,181,145,5,31
26/06/2020,SULAWESI TENGAH,2,0,2,0,183,147,5,31
27/06/2020,SULAWESI TENGAH,1,0,5,-4,184,152,5,27
28/06/2020,SULAWESI TENGAH,2,0,1,1,186,153,5,28
29/06/2020,SULAWESI TENGAH,0,0,0,0,186,153,5,28
30/06/2020,SULAWESI TENGAH,0,0,0,0,186,153,5,28
01/07/2020,SULAWESI TENGAH,0,0,4,-4,186,157,5,24
02/07/2020,SULAWESI TENGAH,0,1,1,-2,186,158,6,22
03/07/2020,SULAWESI TENGAH,0,0,1,-1,186,159,6,21
04/07/2020,SULAWESI TENGAH,5,0,2,3,191,161,6,24
05/07/2020,SULAWESI TENGAH,0,0,2,-2,191,163,6,22
06/07/2020,SULAWESI TENGAH,0,0,0,0,191,163,6,22
07/07/2020,SULAWESI TENGAH,0,0,1,-1,191,164,6,21
08/07/2020,SULAWESI TENGAH,2,0,0,2,193,164,6,23
09/07/2020,SULAWESI TENGAH,0,0,0,0,193,164,6,23
10/07/2020,SULAWESI TENGAH,0,0,0,0,193,164,6,23
11/07/2020,SULAWESI TENGAH,0,0,1,-1,193,165,6,22
12/07/2020,SULAWESI TENGAH,0,0,1,-1,193,166,6,21
13/07/2020,SULAWESI TENGAH,0,0,0,0,193,166,6,21
14/07/2020,SULAWESI TENGAH,1,0,2,-1,194,168,6,20
15/07/2020,SULAWESI TENGAH,1,0,7,-6,195,175,6,14
16/07/2020,SULAWESI TENGAH,0,0,0,0,195,175,6,14
17/07/2020,SULAWESI TENGAH,0,0,0,0,195,175,6,14
18/07/2020,SULAWESI TENGAH,0,0,0,0,195,175,6,14
19/07/2020,SULAWESI TENGAH,1,0,1,0,196,176,6,14
20/07/2020,SULAWESI TENGAH,0,0,0,0,196,176,6,14
21/07/2020,SULAWESI TENGAH,0,0,2,-2,196,178,6,12
22/07/2020,SULAWESI TENGAH,0,0,3,-3,196,181,6,9
23/07/2020,SULAWESI TENGAH,4,1,3,0,200,184,7,9
24/07/2020,SULAWESI TENGAH,1,0,0,1,201,184,7,10
25/07/2020,SULAWESI TENGAH,0,0,1,-1,201,185,7,9
26/07/2020,SULAWESI TENGAH,1,0,0,1,202,185,7,10
27/07/2020,SULAWESI TENGAH,0,0,0,0,202,185,7,10
28/07/2020,SULAWESI TENGAH,4,0,3,1,206,188,7,11
29/07/2020,SULAWESI TENGAH,1,0,0,1,207,188,7,12
30/07/2020,SULAWESI TENGAH,0,0,0,0,207,188,7,12
31/07/2020,SULAWESI TENGAH,0,0,0,0,207,188,7,12
01/08/2020,SULAWESI TENGAH,0,0,1,-1,207,189,7,11
02/08/2020,SULAWESI TENGAH,6,0,0,6,213,189,7,17
03/08/2020,SULAWESI TENGAH,0,0,0,0,213,189,7,17
04/08/2020,SULAWESI TENGAH,0,0,2,-2,213,191,7,15
05/08/2020,SULAWESI TENGAH,2,0,1,1,215,192,7,16
06/08/2020,SULAWESI TENGAH,0,0,2,-2,215,194,7,14
07/08/2020,SULAWESI TENGAH,1,0,1,0,216,195,7,14
08/08/2020,SULAWESI TENGAH,0,0,0,0,216,195,7,14
09/08/2020,SULAWESI TENGAH,0,0,0,0,216,195,7,14
10/08/2020,SULAWESI TENGAH,0,0,0,0,216,195,7,14
11/08/2020,SULAWESI TENGAH,0,0,0,0,216,195,7,14
12/08/2020,SULAWESI TENGAH,4,0,1,3,220,196,7,17
13/08/2020,SULAWESI TENGAH,0,0,1,-1,220,197,7,16
14/08/2020,SULAWESI TENGAH,3,0,0,3,223,197,7,19
15/08/2020,SULAWESI TENGAH,0,0,0,0,223,197,7,19
16/08/2020,SULAWESI TENGAH,0,0,0,0,223,197,7,19
17/08/2020,SULAWESI TENGAH,4,0,0,4,227,197,7,23
18/08/2020,SULAWESI TENGAH,1,0,0,1,228,197,7,24
19/08/2020,SULAWESI TENGAH,5,0,0,5,233,197,7,29
20/08/2020,SULAWESI TENGAH,0,0,0,0,233,197,7,29
21/08/2020,SULAWESI TENGAH,2,0,2,0,235,199,7,29
22/08/2020,SULAWESI TENGAH,1,0,7,-6,236,206,7,23
23/08/2020,SULAWESI TENGAH,2,1,0,1,238,206,8,24
24/08/2020,SULAWESI TENGAH,1,0,1,0,239,207,8,24
25/08/2020,SULAWESI TENGAH,0,0,3,-3,239,210,8,21
26/08/2020,SULAWESI TENGAH,0,0,2,-2,239,212,8,19
27/08/2020,SULAWESI TENGAH,0,0,1,-1,239,213,8,18
28/08/2020,SULAWESI TENGAH,1,0,5,-4,240,218,8,14
29/08/2020,SULAWESI TENGAH,1,0,0,1,241,218,8,15
30/08/2020,SULAWESI TENGAH,0,0,1,-1,241,219,8,14
31/08/2020,SULAWESI TENGAH,2,0,1,1,243,220,8,15
01/09/2020,SULAWESI TENGAH,1,0,0,1,244,220,8,16
02/09/2020,SULAWESI TENGAH,1,1,0,0,245,220,9,16
03/09/2020,SULAWESI TENGAH,4,2,1,1,249,221,11,17
04/09/2020,SULAWESI TENGAH,0,0,1,-1,249,222,11,16
05/09/2020,SULAWESI TENGAH,3,0,2,1,252,224,11,17
06/09/2020,SULAWESI TENGAH,0,0,0,0,252,224,11,17
07/09/2020,SULAWESI TENGAH,0,0,2,-2,252,226,11,15
08/09/2020,SULAWESI TENGAH,5,0,0,5,257,226,11,20
09/09/2020,SULAWESI TENGAH,4,0,2,2,261,228,11,22
10/09/2020,SULAWESI TENGAH,0,0,1,-1,261,229,11,21
11/09/2020,SULAWESI TENGAH,7,0,0,7,268,229,11,28
12/09/2020,SULAWESI TENGAH,1,0,0,1,269,229,11,29
13/09/2020,SULAWESI TENGAH,2,0,2,0,271,231,11,29
14/09/2020,SULAWESI TENGAH,0,0,0,0,271,231,11,29
15/09/2020,SULAWESI TENGAH,1,0,1,0,272,232,11,29
16/09/2020,SULAWESI TENGAH,4,0,0,4,276,232,11,33
17/09/2020,SULAWESI TENGAH,2,0,0,2,278,232,11,35
18/09/2020,SULAWESI TENGAH,11,0,1,10,289,233,11,45
19/09/2020,SULAWESI TENGAH,8,1,0,7,297,233,12,52
20/09/2020,SULAWESI TENGAH,23,0,0,23,320,233,12,75
21/09/2020,SULAWESI TENGAH,1,0,1,0,321,234,12,75
22/09/2020,SULAWESI TENGAH,9,1,4,4,330,238,13,79
23/09/2020,SULAWESI TENGAH,14,1,2,11,344,240,14,90
24/09/2020,SULAWESI TENGAH,4,1,3,0,348,243,15,90
25/09/2020,SULAWESI TENGAH,6,0,0,6,354,243,15,96
26/09/2020,SULAWESI TENGAH,21,0,4,17,375,247,15,113
27/09/2020,SULAWESI TENGAH,0,0,0,0,375,247,15,113
28/09/2020,SULAWESI TENGAH,18,0,3,15,393,250,15,128
29/09/2020,SULAWESI TENGAH,9,0,6,3,402,256,15,131
30/09/2020,SULAWESI TENGAH,8,0,11,-3,410,267,15,128
01/10/2020,SULAWESI TENGAH,30,1,20,9,440,287,16,137
02/10/2020,SULAWESI TENGAH,10,1,4,5,450,291,17,142
03/10/2020,SULAWESI TENGAH,11,0,16,-5,461,307,17,137
04/10/2020,SULAWESI TENGAH,5,0,3,2,466,310,17,139
05/10/2020,SULAWESI TENGAH,1,1,2,-2,467,312,18,137
06/10/2020,SULAWESI TENGAH,24,1,12,11,491,324,19,148
07/10/2020,SULAWESI TENGAH,23,1,4,18,514,328,20,166
08/10/2020,SULAWESI TENGAH,14,1,7,6,528,335,21,172
09/10/2020,SULAWESI TENGAH,11,0,20,-9,539,355,21,163
10/10/2020,SULAWESI TENGAH,13,0,14,-1,552,369,21,162
11/10/2020,SULAWESI TENGAH,16,0,6,10,568,375,21,172
12/10/2020,SULAWESI TENGAH,1,3,4,-6,569,379,24,166
13/10/2020,SULAWESI TENGAH,17,1,27,-11,586,406,25,155
14/10/2020,SULAWESI TENGAH,10,0,4,6,596,410,25,161
15/10/2020,SULAWESI TENGAH,21,0,3,18,617,413,25,179
16/10/2020,SULAWESI TENGAH,0,0,0,0,617,413,25,179
17/10/2020,SULAWESI TENGAH,51,0,23,28,668,436,25,207
18/10/2020,SULAWESI TENGAH,17,1,3,13,685,439,26,220
19/10/2020,SULAWESI TENGAH,2,1,10,-9,687,449,27,211
20/10/2020,SULAWESI TENGAH,39,1,13,25,726,462,28,236
21/10/2020,SULAWESI TENGAH,36,2,17,17,762,479,30,253
22/10/2020,SULAWESI TENGAH,13,0,15,-2,775,494,30,251
23/10/2020,SULAWESI TENGAH,12,1,18,-7,787,512,31,244
24/10/2020,SULAWESI TENGAH,12,2,7,3,799,519,33,247
25/10/2020,SULAWESI TENGAH,18,0,39,-21,817,558,33,226
26/10/2020,SULAWESI TENGAH,4,0,32,-28,821,590,33,198
27/10/2020,SULAWESI TENGAH,17,0,13,4,838,603,33,202
28/10/2020,SULAWESI TENGAH,10,1,10,-1,848,613,34,201
29/10/2020,SULAWESI TENGAH,7,0,11,-4,855,624,34,197
30/10/2020,SULAWESI TENGAH,0,0,4,-4,855,628,34,193
31/10/2020,SULAWESI TENGAH,2,0,18,-16,857,646,34,177
01/11/2020,SULAWESI TENGAH,19,0,5,14,876,651,34,191
02/11/2020,SULAWESI TENGAH,2,2,20,-20,878,671,36,171
03/11/2020,SULAWESI TENGAH,11,2,7,2,889,678,38,173
04/11/2020,SULAWESI TENGAH,17,0,7,10,906,685,38,183
05/11/2020,SULAWESI TENGAH,32,1,13,18,938,698,39,201
06/11/2020,SULAWESI TENGAH,25,2,11,12,963,709,41,213
07/11/2020,SULAWESI TENGAH,25,0,25,0,988,734,41,213
08/11/2020,SULAWESI TENGAH,59,0,11,48,1047,745,41,261
09/11/2020,SULAWESI TENGAH,0,1,23,-24,1047,768,42,237
10/11/2020,SULAWESI TENGAH,30,1,33,-4,1077,801,43,233
11/11/2020,SULAWESI TENGAH,37,1,10,26,1114,811,44,259
12/11/2020,SULAWESI TENGAH,12,0,23,-11,1126,834,44,248
13/11/2020,SULAWESI TENGAH,22,3,3,16,1148,837,47,264
14/11/2020,SULAWESI TENGAH,8,1,21,-14,1156,858,48,250
15/11/2020,SULAWESI TENGAH,2,0,1,1,1158,859,48,251
16/11/2020,SULAWESI TENGAH,74,2,13,59,1232,872,50,310
17/11/2020,SULAWESI TENGAH,33,1,15,17,1265,887,51,327
18/11/2020,SULAWESI TENGAH,73,1,6,66,1338,893,52,393
19/11/2020,SULAWESI TENGAH,52,2,15,35,1390,908,54,428
20/11/2020,SULAWESI TENGAH,4,0,23,-19,1394,931,54,409
21/11/2020,SULAWESI TENGAH,59,4,4,51,1453,935,58,460
22/11/2020,SULAWESI TENGAH,61,1,20,40,1514,955,59,500
23/11/2020,SULAWESI TENGAH,37,3,3,31,1551,958,62,531
24/11/2020,SULAWESI TENGAH,81,0,11,70,1632,969,62,601
25/11/2020,SULAWESI TENGAH,55,4,12,39,1687,981,66,640
26/11/2020,SULAWESI TENGAH,13,2,35,-24,1700,1016,68,616
27/11/2020,SULAWESI TENGAH,39,2,35,2,1739,1051,70,618
28/11/2020,SULAWESI TENGAH,30,1,11,18,1769,1062,71,636
29/11/2020,SULAWESI TENGAH,31,1,9,21,1800,1071,72,657
30/11/2020,SULAWESI TENGAH,60,0,17,43,1860,1088,72,700
01/12/2020,SULAWESI TENGAH,12,0,38,-26,1872,1126,72,674
02/12/2020,SULAWESI TENGAH,31,1,55,-25,1903,1181,73,649
03/12/2020,SULAWESI TENGAH,72,4,24,44,1975,1205,77,693
04/12/2020,SULAWESI TENGAH,55,0,46,9,2030,1251,77,702
05/12/2020,SULAWESI TENGAH,57,0,20,37,2087,1271,77,739
06/12/2020,SULAWESI TENGAH,54,1,62,-9,2141,1333,78,730
07/12/2020,SULAWESI TENGAH,56,0,15,41,2197,1348,78,771
08/12/2020,SULAWESI TENGAH,41,1,34,6,2238,1382,79,777
09/12/2020,SULAWESI TENGAH,61,1,15,45,2299,1397,80,822
10/12/2020,SULAWESI TENGAH,9,2,11,-4,2308,1408,82,818
11/12/2020,SULAWESI TENGAH,65,3,45,17,2373,1453,85,835
12/12/2020,SULAWESI TENGAH,44,1,23,20,2417,1476,86,855
13/12/2020,SULAWESI TENGAH,11,0,20,-9,2428,1496,86,846
14/12/2020,SULAWESI TENGAH,46,0,35,11,2474,1531,86,857
15/12/2020,SULAWESI TENGAH,39,2,24,13,2513,1555,88,870
16/12/2020,SULAWESI TENGAH,57,1,19,37,2570,1574,89,907
17/12/2020,SULAWESI TENGAH,39,2,11,26,2609,1585,91,933
18/12/2020,SULAWESI TENGAH,53,2,23,28,2662,1608,93,961
19/12/2020,SULAWESI TENGAH,38,0,3,35,2700,1611,93,996
20/12/2020,SULAWESI TENGAH,73,2,30,41,2773,1641,95,1037
21/12/2020,SULAWESI TENGAH,26,1,2,23,2799,1643,96,1060
22/12/2020,SULAWESI TENGAH,33,1,5,27,2832,1648,97,1087
23/12/2020,SULAWESI TENGAH,54,1,38,15,2886,1686,98,1102
24/12/2020,SULAWESI TENGAH,45,3,17,25,2931,1703,101,1127
25/12/2020,SULAWESI TENGAH,39,1,19,19,2970,1722,102,1146
26/12/2020,SULAWESI TENGAH,42,1,14,27,3012,1736,103,1173
27/12/2020,SULAWESI TENGAH,54,1,10,43,3066,1746,104,1216
28/12/2020,SULAWESI TENGAH,41,2,16,23,3107,1762,106,1239
29/12/2020,SULAWESI TENGAH,81,0,45,36,3188,1807,106,1275
30/12/2020,SULAWESI TENGAH,169,0,13,156,3357,1820,106,1431
31/12/2020,SULAWESI TENGAH,195,0,45,150,3552,1865,106,1581
01/01/2021,SULAWESI TENGAH,65,2,104,-41,3617,1969,108,1540
02/01/2021,SULAWESI TENGAH,66,1,31,34,3683,2000,109,1574
03/01/2021,SULAWESI TENGAH,67,3,33,31,3750,2033,112,1605
04/01/2021,SULAWESI TENGAH,52,3,77,-28,3802,2110,115,1577
05/01/2021,SULAWESI TENGAH,94,3,52,39,3896,2162,118,1616
06/01/2021,SULAWESI TENGAH,162,0,150,12,4058,2312,118,1628
07/01/2021,SULAWESI TENGAH,157,1,20,136,4215,2332,119,1764
08/01/2021,SULAWESI TENGAH,158,1,70,87,4373,2402,120,1851
09/01/2021,SULAWESI TENGAH,131,4,73,54,4504,2475,124,1905
10/01/2021,SULAWESI TENGAH,145,0,40,105,4649,2515,124,2010
11/01/2021,SULAWESI TENGAH,116,6,95,15,4765,2610,130,2025
12/01/2021,SULAWESI TENGAH,252,9,101,142,5017,2711,139,2167
13/01/2021,SULAWESI TENGAH,113,0,90,23,5130,2801,139,2190
14/01/2021,SULAWESI TENGAH,107,4,107,-4,5237,2908,143,2186
15/01/2021,SULAWESI TENGAH,248,1,121,126,5485,3029,144,2312
16/01/2021,SULAWESI TENGAH,87,0,107,-20,5572,3136,144,2292
17/01/2021,SULAWESI TENGAH,63,4,112,-53,5635,3248,148,2239
18/01/2021,SULAWESI TENGAH,30,3,144,-117,5665,3392,151,2122
19/01/2021,SULAWESI TENGAH,134,1,183,-50,5799,3575,152,2072
20/01/2021,SULAWESI TENGAH,132,2,128,2,5931,3703,154,2074
21/01/2021,SULAWESI TENGAH,80,2,50,28,6011,3753,156,2102
22/01/2021,SULAWESI TENGAH,200,8,204,-12,6211,3957,164,2090
23/01/2021,SULAWESI TENGAH,200,2,112,86,6411,4069,166,2176
24/01/2021,SULAWESI TENGAH,203,2,104,97,6614,4173,168,2273
25/01/2021,SULAWESI TENGAH,108,0,155,-47,6722,4328,168,2226
26/01/2021,SULAWESI TENGAH,156,3,106,47,6878,4434,171,2273
27/01/2021,SULAWESI TENGAH,165,2,49,114,7043,4483,173,2387
28/01/2021,SULAWESI TENGAH,233,3,144,86,7276,4627,176,2473
29/01/2021,SULAWESI TENGAH,116,1,175,-60,7392,4802,177,2413
30/01/2021,SULAWESI TENGAH,271,6,132,133,7663,4934,183,2546
31/01/2021,SULAWESI TENGAH,130,1,121,8,7793,5055,184,2554
01/02/2021,SULAWESI TENGAH,64,10,136,-82,7857,5191,194,2472
02/02/2021,SULAWESI TENGAH,275,5,110,160,8132,5301,199,2632
03/02/2021,SULAWESI TENGAH,155,2,163,-10,8287,5464,201,2622
04/02/2021,SULAWESI TENGAH,207,5,202,0,8494,5666,206,2622
05/02/2021,SULAWESI TENGAH,173,1,52,120,8667,5718,207,2742
06/02/2021,SULAWESI TENGAH,184,2,24,158,8851,5742,209,2900
07/02/2021,SULAWESI TENGAH,37,1,118,-82,8888,5860,210,2818
08/02/2021,SULAWESI TENGAH,32,1,172,-141,8920,6032,211,2677
09/02/2021,SULAWESI TENGAH,76,0,57,19,8996,6089,211,2696
10/02/2021,SULAWESI TENGAH,63,4,232,-173,9059,6321,215,2523
11/02/2021,SULAWESI TENGAH,38,6,83,-51,9097,6404,221,2472
12/02/2021,SULAWESI TENGAH,35,1,37,-3,9132,6441,222,2469
13/02/2021,SULAWESI TENGAH,77,5,142,-70,9209,6583,227,2399
14/02/2021,SULAWESI TENGAH,57,3,107,-53,9266,6690,230,2346
15/02/2021,SULAWESI TENGAH,49,2,47,0,9315,6737,232,2346
16/02/2021,SULAWESI TENGAH,31,0,16,15,9346,6753,232,2361
17/02/2021,SULAWESI TENGAH,44,0,38,6,9390,6791,232,2367
18/02/2021,SULAWESI TENGAH,93,5,132,-44,9483,6923,237,2323
19/02/2021,SULAWESI TENGAH,46,5,159,-118,9529,7082,242,2205
20/02/2021,SULAWESI TENGAH,45,0,432,-387,9574,7514,242,1818
21/02/2021,SULAWESI TENGAH,23,3,71,-51,9597,7585,245,1767
22/02/2021,SULAWESI TENGAH,62,1,145,-84,9659,7730,246,1683
23/02/2021,SULAWESI TENGAH,90,2,171,-83,9749,7901,248,1600
24/02/2021,SULAWESI TENGAH,65,1,42,22,9814,7943,249,1622
25/02/2021,SULAWESI TENGAH,67,1,181,-115,9881,8124,250,1507
26/02/2021,SULAWESI TENGAH,85,4,31,50,9966,8155,254,1557
27/02/2021,SULAWESI TENGAH,47,3,63,-19,10013,8218,257,1538
28/02/2021,SULAWESI TENGAH,12,2,5,5,10025,8223,259,1543
01/03/2021,SULAWESI TENGAH,74,0,34,40,10099,8257,259,1583
02/03/2021,SULAWESI TENGAH,34,1,75,-42,10133,8332,260,1541
03/03/2021,SULAWESI TENGAH,66,1,88,-23,10199,8420,261,1518
04/03/2021,SULAWESI TENGAH,77,1,53,23,10276,8473,262,1541
05/03/2021,SULAWESI TENGAH,13,1,10,2,10289,8483,263,1543
06/03/2021,SULAWESI TENGAH,34,0,4,30,10323,8487,263,1573
07/03/2021,SULAWESI TENGAH,38,1,16,21,10361,8503,264,1594
08/03/2021,SULAWESI TENGAH,26,0,136,-110,10387,8639,264,1484
09/03/2021,SULAWESI TENGAH,55,0,122,-67,10442,8761,264,1417
10/03/2021,SULAWESI TENGAH,39,2,65,-28,10481,8826,266,1389
11/03/2021,SULAWESI TENGAH,33,0,62,-29,10514,8888,266,1360
12/03/2021,SULAWESI TENGAH,47,1,31,15,10561,8919,267,1375
13/03/2021,SULAWESI TENGAH,12,0,26,-14,10573,8945,267,1361
14/03/2021,SULAWESI TENGAH,40,0,29,11,10613,8974,267,1372
15/03/2021,SULAWESI TENGAH,30,2,54,-26,10643,9028,269,1346
16/03/2021,SULAWESI TENGAH,24,2,43,-21,10667,9071,271,1325
17/03/2021,SULAWESI TENGAH,25,1,25,-1,10692,9096,272,1324
18/03/2021,SULAWESI TENGAH,24,1,52,-29,10716,9148,273,1295
19/03/2021,SULAWESI TENGAH,55,1,58,-4,10771,9206,274,1291
20/03/2021,SULAWESI TENGAH,42,2,86,-46,10813,9292,276,1245
21/03/2021,SULAWESI TENGAH,21,3,88,-70,10834,9380,279,1175
22/03/2021,SULAWESI TENGAH,84,2,138,-56,10918,9518,281,1119
23/03/2021,SULAWESI TENGAH,70,4,74,-8,10988,9592,285,1111
24/03/2021,SULAWESI TENGAH,33,6,216,-189,11021,9808,291,922
25/03/2021,SULAWESI TENGAH,24,1,39,-16,11045,9847,292,906
26/03/2021,SULAWESI TENGAH,34,2,35,-3,11079,9882,294,903
27/03/2021,SULAWESI TENGAH,13,0,20,-7,11092,9902,294,896
28/03/2021,SULAWESI TENGAH,18,0,58,-40,11110,9960,294,856
29/03/2021,SULAWESI TENGAH,26,0,64,-38,11136,10024,294,818
30/03/2021,SULAWESI TENGAH,45,0,10,35,11181,10034,294,853
31/03/2021,SULAWESI TENGAH,40,0,78,-38,11221,10112,294,815
01/04/2021,SULAWESI TENGAH,32,3,63,-34,11253,10175,297,781
02/04/2021,SULAWESI TENGAH,18,0,32,-14,11271,10207,297,767
03/04/2021,SULAWESI TENGAH,14,2,21,-9,11285,10228,299,758
04/04/2021,SULAWESI TENGAH,18,0,13,5,11303,10241,299,763
05/04/2021,SULAWESI TENGAH,48,1,29,18,11351,10270,300,781
06/04/2021,SULAWESI TENGAH,16,1,47,-32,11367,10317,301,749
07/04/2021,SULAWESI TENGAH,57,2,27,28,11424,10344,303,777
08/04/2021,SULAWESI TENGAH,23,2,59,-38,11447,10403,305,739
09/04/2021,SULAWESI TENGAH,55,1,32,22,11502,10435,306,761
10/04/2021,SULAWESI TENGAH,20,1,23,-4,11522,10458,307,757
11/04/2021,SULAWESI TENGAH,8,1,39,-32,11530,10497,308,725
12/04/2021,SULAWESI TENGAH,49,0,93,-44,11579,10590,308,681
13/04/2021,SULAWESI TENGAH,55,1,63,-9,11634,10653,309,672
14/04/2021,SULAWESI TENGAH,61,0,76,-15,11695,10729,309,657
15/04/2021,SULAWESI TENGAH,27,1,75,-49,11722,10804,310,608
16/04/2021,SULAWESI TENGAH,26,4,27,-5,11748,10831,314,603
17/04/2021,SULAWESI TENGAH,70,1,0,69,11818,10831,315,672
18/04/2021,SULAWESI TENGAH,7,2,8,-3,11825,10839,317,669
02/03/2020,RIAU,1,0,0,1,1,0,0,1
03/03/2020,RIAU,0,0,0,0,1,0,0,1
04/03/2020,RIAU,0,0,0,0,1,0,0,1
05/03/2020,RIAU,0,0,0,0,1,0,0,1
06/03/2020,RIAU,0,0,0,0,1,0,0,1
07/03/2020,RIAU,0,0,0,0,1,0,0,1
08/03/2020,RIAU,0,0,0,0,1,0,0,1
09/03/2020,RIAU,0,0,0,0,1,0,0,1
10/03/2020,RIAU,0,0,0,0,1,0,0,1
11/03/2020,RIAU,0,0,0,0,1,0,0,1
12/03/2020,RIAU,0,0,0,0,1,0,0,1
13/03/2020,RIAU,0,0,0,0,1,0,0,1
14/03/2020,RIAU,0,0,0,0,1,0,0,1
15/03/2020,RIAU,0,0,0,0,1,0,0,1
16/03/2020,RIAU,0,0,0,0,1,0,0,1
17/03/2020,RIAU,0,0,0,0,1,0,0,1
18/03/2020,RIAU,0,0,0,0,1,0,0,1
19/03/2020,RIAU,0,0,0,0,1,0,0,1
20/03/2020,RIAU,0,0,0,0,1,0,0,1
21/03/2020,RIAU,0,0,0,0,1,0,0,1
22/03/2020,RIAU,0,0,0,0,1,0,0,1
23/03/2020,RIAU,0,0,0,0,1,0,0,1
24/03/2020,RIAU,0,0,0,0,1,0,0,1
25/03/2020,RIAU,0,0,0,0,1,0,0,1
26/03/2020,RIAU,0,0,0,0,1,0,0,1
27/03/2020,RIAU,0,0,0,0,1,0,0,1
28/03/2020,RIAU,0,0,0,0,1,0,0,1
29/03/2020,RIAU,1,0,0,1,2,0,0,2
30/03/2020,RIAU,1,0,0,1,3,0,0,3
31/03/2020,RIAU,0,0,0,0,3,0,0,3
01/04/2020,RIAU,0,1,0,-1,3,0,1,2
02/04/2020,RIAU,4,0,0,4,7,0,1,6
03/04/2020,RIAU,3,0,0,3,10,0,1,9
04/04/2020,RIAU,0,0,1,-1,10,1,1,8
05/04/2020,RIAU,1,1,0,0,11,1,2,8
06/04/2020,RIAU,1,0,0,1,12,1,2,9
07/04/2020,RIAU,0,0,0,0,12,1,2,9
08/04/2020,RIAU,0,0,0,0,12,1,2,9
09/04/2020,RIAU,1,1,0,0,13,1,3,9
10/04/2020,RIAU,0,0,1,-1,13,2,3,8
11/04/2020,RIAU,3,0,1,2,16,3,3,10
12/04/2020,RIAU,0,0,0,0,16,3,3,10
13/04/2020,RIAU,3,0,0,3,19,3,3,13
14/04/2020,RIAU,0,0,0,0,19,3,3,13
15/04/2020,RIAU,0,2,4,-6,19,7,5,7
16/04/2020,RIAU,5,0,3,2,24,10,5,9
17/04/2020,RIAU,1,0,0,1,25,10,5,10
18/04/2020,RIAU,4,0,0,4,29,10,5,14
19/04/2020,RIAU,0,0,0,0,29,10,5,14
20/04/2020,RIAU,4,1,0,3,33,10,6,17
21/04/2020,RIAU,1,0,0,1,34,10,6,18
22/04/2020,RIAU,0,0,0,0,34,10,6,18
23/04/2020,RIAU,1,0,3,-2,35,13,6,16
24/04/2020,RIAU,0,0,1,-1,35,14,6,15
25/04/2020,RIAU,2,0,1,1,37,15,6,16
26/04/2020,RIAU,1,0,0,1,38,15,6,17
27/04/2020,RIAU,0,0,1,-1,38,16,6,16
28/04/2020,RIAU,1,0,0,1,39,16,6,17
29/04/2020,RIAU,1,0,1,0,40,17,6,17
30/04/2020,RIAU,1,0,7,-6,41,24,6,11
01/05/2020,RIAU,1,0,1,0,42,25,6,11
02/05/2020,RIAU,3,0,2,1,45,27,6,12
03/05/2020,RIAU,8,0,0,8,53,27,6,20
04/05/2020,RIAU,5,0,0,5,58,27,6,25
05/05/2020,RIAU,3,0,1,2,61,28,6,27
06/05/2020,RIAU,0,0,0,0,61,28,6,27
07/05/2020,RIAU,5,0,0,5,66,28,6,32
08/05/2020,RIAU,3,0,11,-8,69,39,6,24
09/05/2020,RIAU,3,0,1,2,72,40,6,26
10/05/2020,RIAU,2,0,7,-5,74,47,6,21
11/05/2020,RIAU,1,0,3,-2,75,50,6,19
12/05/2020,RIAU,7,0,0,7,82,50,6,26
13/05/2020,RIAU,8,0,0,8,90,50,6,34
14/05/2020,RIAU,5,0,0,5,95,50,6,39
15/05/2020,RIAU,1,0,5,-4,96,55,6,35
16/05/2020,RIAU,0,0,7,-7,96,62,6,28
17/05/2020,RIAU,4,0,0,4,100,62,6,32
18/05/2020,RIAU,2,0,2,0,102,64,6,32
19/05/2020,RIAU,5,0,0,5,107,64,6,37
20/05/2020,RIAU,1,0,1,0,108,65,6,37
21/05/2020,RIAU,1,0,3,-2,109,68,6,35
22/05/2020,RIAU,1,0,0,1,110,68,6,36
23/05/2020,RIAU,1,0,0,1,111,68,6,37
24/05/2020,RIAU,1,0,1,0,112,69,6,37
25/05/2020,RIAU,0,0,1,-1,112,70,6,36
26/05/2020,RIAU,0,0,9,-9,112,79,6,27
27/05/2020,RIAU,0,0,0,0,112,79,6,27
28/05/2020,RIAU,0,0,3,-3,112,82,6,24
29/05/2020,RIAU,6,0,4,2,118,86,6,26
30/05/2020,RIAU,0,0,1,-1,118,87,6,25
31/05/2020,RIAU,0,0,3,-3,118,90,6,22
01/06/2020,RIAU,0,0,1,-1,118,91,6,21
02/06/2020,RIAU,0,0,3,-3,118,94,6,18
03/06/2020,RIAU,0,0,4,-4,118,98,6,14
04/06/2020,RIAU,0,0,2,-2,118,100,6,12
05/06/2020,RIAU,0,0,2,-2,118,102,6,10
06/06/2020,RIAU,1,0,0,1,119,102,6,11
07/06/2020,RIAU,0,0,0,0,119,102,6,11
08/06/2020,RIAU,0,0,6,-6,119,108,6,5
09/06/2020,RIAU,2,0,0,2,121,108,6,7
10/06/2020,RIAU,0,0,0,0,121,108,6,7
11/06/2020,RIAU,0,0,1,-1,121,109,6,6
12/06/2020,RIAU,0,0,1,-1,121,110,6,5
13/06/2020,RIAU,5,0,0,5,126,110,6,10
14/06/2020,RIAU,0,0,0,0,126,110,6,10
15/06/2020,RIAU,1,1,2,-2,127,112,7,8
16/06/2020,RIAU,0,0,1,-1,127,113,7,7
17/06/2020,RIAU,2,1,1,0,129,114,8,7
18/06/2020,RIAU,6,0,1,5,135,115,8,12
19/06/2020,RIAU,8,0,0,8,143,115,8,20
20/06/2020,RIAU,0,0,2,-2,143,117,8,18
21/06/2020,RIAU,0,0,0,0,143,117,8,18
22/06/2020,RIAU,24,0,1,23,167,118,8,41
23/06/2020,RIAU,27,1,0,26,194,118,9,67
24/06/2020,RIAU,24,0,3,21,218,121,9,88
25/06/2020,RIAU,3,1,1,1,221,122,10,89
26/06/2020,RIAU,3,0,0,3,224,122,10,92
27/06/2020,RIAU,0,0,0,0,224,122,10,92
28/06/2020,RIAU,1,0,17,-16,225,139,10,76
29/06/2020,RIAU,2,0,27,-25,227,166,10,51
30/06/2020,RIAU,0,0,10,-10,227,176,10,41
01/07/2020,RIAU,1,0,2,-1,228,178,10,40
02/07/2020,RIAU,1,0,10,-9,229,188,10,31
03/07/2020,RIAU,4,0,12,-8,233,200,10,23
04/07/2020,RIAU,1,0,5,-4,234,205,10,19
05/07/2020,RIAU,1,0,3,-2,235,208,10,17
06/07/2020,RIAU,1,1,4,-4,236,212,11,13
07/07/2020,RIAU,1,0,2,-1,237,214,11,12
08/07/2020,RIAU,0,0,1,-1,237,215,11,11
09/07/2020,RIAU,2,0,1,1,239,216,11,12
10/07/2020,RIAU,0,0,1,-1,239,217,11,11
11/07/2020,RIAU,1,0,0,1,240,217,11,12
12/07/2020,RIAU,1,0,1,0,241,218,11,12
13/07/2020,RIAU,3,0,3,0,244,221,11,12
14/07/2020,RIAU,3,0,0,3,247,221,11,15
15/07/2020,RIAU,0,0,1,-1,247,222,11,14
16/07/2020,RIAU,5,0,2,3,252,224,11,17
17/07/2020,RIAU,5,0,0,5,257,224,11,22
18/07/2020,RIAU,5,0,0,5,262,224,11,27
19/07/2020,RIAU,11,0,1,10,273,225,11,37
20/07/2020,RIAU,15,0,5,10,288,230,11,47
21/07/2020,RIAU,23,0,2,21,311,232,11,68
22/07/2020,RIAU,38,0,0,38,349,232,11,106
23/07/2020,RIAU,4,0,2,2,353,234,11,108
24/07/2020,RIAU,13,0,1,12,366,235,11,120
25/07/2020,RIAU,5,0,9,-4,371,244,11,116
26/07/2020,RIAU,11,0,13,-2,382,257,11,114
27/07/2020,RIAU,4,0,9,-5,386,266,11,109
28/07/2020,RIAU,25,1,5,19,411,271,12,128
29/07/2020,RIAU,6,0,16,-10,417,287,12,118
30/07/2020,RIAU,10,0,19,-9,427,306,12,109
31/07/2020,RIAU,18,0,4,14,445,310,12,123
01/08/2020,RIAU,3,0,16,-13,448,326,12,110
02/08/2020,RIAU,10,0,1,9,458,327,12,119
03/08/2020,RIAU,50,1,6,43,508,333,13,162
04/08/2020,RIAU,69,0,12,57,577,345,13,219
05/08/2020,RIAU,28,0,4,24,605,349,13,243
06/08/2020,RIAU,15,0,11,4,620,360,13,247
07/08/2020,RIAU,37,0,9,28,657,369,13,275
08/08/2020,RIAU,50,0,4,46,707,373,13,321
09/08/2020,RIAU,26,1,9,16,733,382,14,337
10/08/2020,RIAU,41,0,24,17,774,406,14,354
11/08/2020,RIAU,17,0,21,-4,791,427,14,350
12/08/2020,RIAU,33,0,10,23,824,437,14,373
13/08/2020,RIAU,68,0,46,22,892,483,14,395
14/08/2020,RIAU,27,0,52,-25,919,535,14,370
15/08/2020,RIAU,41,0,45,-4,960,580,14,366
16/08/2020,RIAU,23,1,20,2,983,600,15,368
17/08/2020,RIAU,34,1,17,16,1017,617,16,384
18/08/2020,RIAU,23,0,23,0,1040,640,16,384
19/08/2020,RIAU,11,0,19,-8,1051,659,16,376
20/08/2020,RIAU,47,1,36,10,1098,695,17,386
21/08/2020,RIAU,34,0,26,8,1132,721,17,394
22/08/2020,RIAU,63,1,29,33,1195,750,18,427
23/08/2020,RIAU,42,1,15,26,1237,765,19,453
24/08/2020,RIAU,42,2,52,-12,1279,817,21,441
25/08/2020,RIAU,39,1,12,26,1318,829,22,467
26/08/2020,RIAU,42,0,23,19,1360,852,22,486
27/08/2020,RIAU,99,3,16,80,1459,868,25,566
28/08/2020,RIAU,66,5,43,18,1525,911,30,584
29/08/2020,RIAU,79,0,24,55,1604,935,30,639
30/08/2020,RIAU,134,0,31,103,1738,966,30,742
31/08/2020,RIAU,108,4,44,60,1846,1010,34,802
01/09/2020,RIAU,81,1,19,61,1927,1029,35,863
02/09/2020,RIAU,107,1,10,96,2034,1039,36,959
03/09/2020,RIAU,107,1,27,79,2141,1066,37,1038
04/09/2020,RIAU,130,5,53,72,2271,1119,42,1110
05/09/2020,RIAU,177,0,106,71,2448,1225,42,1181
06/09/2020,RIAU,141,5,29,107,2589,1254,47,1288
07/09/2020,RIAU,136,2,49,85,2725,1303,49,1373
08/09/2020,RIAU,113,3,42,68,2838,1345,52,1441
09/09/2020,RIAU,141,3,82,56,2979,1427,55,1497
10/09/2020,RIAU,198,3,61,134,3177,1488,58,1631
11/09/2020,RIAU,183,0,70,113,3360,1558,58,1744
12/09/2020,RIAU,232,5,32,195,3592,1590,63,1939
13/09/2020,RIAU,207,8,29,170,3799,1619,71,2109
14/09/2020,RIAU,136,4,91,41,3935,1710,75,2150
15/09/2020,RIAU,166,5,76,85,4101,1786,80,2235
16/09/2020,RIAU,188,4,25,159,4289,1811,84,2394
17/09/2020,RIAU,236,8,37,191,4525,1848,92,2585
18/09/2020,RIAU,228,3,204,21,4753,2052,95,2606
19/09/2020,RIAU,297,2,75,220,5050,2127,97,2826
20/09/2020,RIAU,282,3,80,199,5332,2207,100,3025
21/09/2020,RIAU,160,6,35,119,5492,2242,106,3144
22/09/2020,RIAU,249,0,139,110,5741,2381,106,3254
23/09/2020,RIAU,189,11,329,-151,5930,2710,117,3103
24/09/2020,RIAU,235,9,116,110,6165,2826,126,3213
25/09/2020,RIAU,200,5,181,14,6365,3007,131,3227
26/09/2020,RIAU,260,6,192,62,6625,3199,137,3289
27/09/2020,RIAU,190,6,209,-25,6815,3408,143,3264
28/09/2020,RIAU,236,5,111,120,7051,3519,148,3384
29/09/2020,RIAU,222,4,164,54,7273,3683,152,3438
30/09/2020,RIAU,356,7,250,99,7629,3933,159,3537
01/10/2020,RIAU,259,7,271,-19,7888,4204,166,3518
02/10/2020,RIAU,178,6,155,17,8066,4359,172,3535
03/10/2020,RIAU,175,5,457,-287,8241,4816,177,3248
04/10/2020,RIAU,166,6,218,-58,8407,5034,183,3190
05/10/2020,RIAU,297,8,279,10,8704,5313,191,3200
06/10/2020,RIAU,132,7,182,-57,8836,5495,198,3143
07/10/2020,RIAU,150,2,262,-114,8986,5757,200,3029
08/10/2020,RIAU,246,4,98,144,9232,5855,204,3173
09/10/2020,RIAU,203,6,73,124,9435,5928,210,3297
10/10/2020,RIAU,233,9,153,71,9668,6081,219,3368
11/10/2020,RIAU,307,5,108,194,9975,6189,224,3562
12/10/2020,RIAU,206,2,116,88,10181,6305,226,3650
13/10/2020,RIAU,162,4,113,45,10343,6418,230,3695
14/10/2020,RIAU,295,12,117,166,10638,6535,242,3861
15/10/2020,RIAU,183,6,120,57,10821,6655,248,3918
16/10/2020,RIAU,278,2,109,167,11099,6764,250,4085
17/10/2020,RIAU,256,8,123,125,11355,6887,258,4210
18/10/2020,RIAU,285,4,111,170,11640,6998,262,4380
19/10/2020,RIAU,198,5,505,-312,11838,7503,267,4068
20/10/2020,RIAU,169,2,629,-462,12007,8132,269,3606
21/10/2020,RIAU,315,9,307,-1,12322,8439,278,3605
22/10/2020,RIAU,282,6,172,104,12604,8611,284,3709
23/10/2020,RIAU,275,6,254,15,12879,8865,290,3724
24/10/2020,RIAU,379,9,277,93,13258,9142,299,3817
25/10/2020,RIAU,288,3,541,-256,13546,9683,302,3561
26/10/2020,RIAU,206,4,262,-60,13752,9945,306,3501
27/10/2020,RIAU,247,6,296,-55,13999,10241,312,3446
28/10/2020,RIAU,249,6,265,-22,14248,10506,318,3424
29/10/2020,RIAU,261,6,224,31,14509,10730,324,3455
30/10/2020,RIAU,161,6,247,-92,14670,10977,330,3363
31/10/2020,RIAU,127,5,231,-109,14797,11208,335,3254
01/11/2020,RIAU,25,2,164,-141,14822,11372,337,3113
02/11/2020,RIAU,9,2,156,-149,14831,11528,339,2964
03/11/2020,RIAU,99,2,343,-246,14930,11871,341,2718
04/11/2020,RIAU,168,4,249,-85,15098,12120,345,2633
05/11/2020,RIAU,176,2,318,-144,15274,12438,347,2489
06/11/2020,RIAU,143,7,210,-74,15417,12648,354,2415
07/11/2020,RIAU,165,5,355,-195,15582,13003,359,2220
08/11/2020,RIAU,158,4,161,-7,15740,13164,363,2213
09/11/2020,RIAU,14,2,128,-116,15754,13292,365,2097
10/11/2020,RIAU,152,0,11,141,15906,13303,365,2238
11/11/2020,RIAU,146,10,489,-353,16052,13792,375,1885
12/11/2020,RIAU,116,3,86,27,16168,13878,378,1912
13/11/2020,RIAU,146,3,90,53,16314,13968,381,1965
14/11/2020,RIAU,130,1,51,78,16444,14019,382,2043
15/11/2020,RIAU,163,3,205,-45,16607,14224,385,1998
16/11/2020,RIAU,148,8,124,16,16755,14348,393,2014
17/11/2020,RIAU,268,2,41,225,17023,14389,395,2239
18/11/2020,RIAU,274,2,248,24,17297,14637,397,2263
19/11/2020,RIAU,688,3,995,-310,17985,15632,400,1953
20/11/2020,RIAU,176,5,198,-27,18161,15830,405,1926
21/11/2020,RIAU,308,4,122,182,18469,15952,409,2108
22/11/2020,RIAU,171,5,179,-13,18640,16131,414,2095
23/11/2020,RIAU,113,2,133,-22,18753,16264,416,2073
24/11/2020,RIAU,138,3,116,19,18891,16380,419,2092
25/11/2020,RIAU,236,5,180,51,19127,16560,424,2143
26/11/2020,RIAU,206,4,200,2,19333,16760,428,2145
27/11/2020,RIAU,261,8,199,54,19594,16959,436,2199
28/11/2020,RIAU,170,8,256,-94,19764,17215,444,2105
29/11/2020,RIAU,173,6,194,-27,19937,17409,450,2078
30/11/2020,RIAU,136,6,170,-40,20073,17579,456,2038
01/12/2020,RIAU,163,2,283,-122,20236,17862,458,1916
02/12/2020,RIAU,227,5,175,47,20463,18037,463,1963
03/12/2020,RIAU,179,5,160,14,20642,18197,468,1977
04/12/2020,RIAU,155,2,156,-3,20797,18353,470,1974
05/12/2020,RIAU,114,3,206,-95,20911,18559,473,1879
06/12/2020,RIAU,225,3,191,31,21136,18750,476,1910
07/12/2020,RIAU,164,5,186,-27,21300,18936,481,1883
08/12/2020,RIAU,171,6,143,22,21471,19079,487,1905
09/12/2020,RIAU,235,6,186,43,21706,19265,493,1948
10/12/2020,RIAU,139,5,114,20,21845,19379,498,1968
11/12/2020,RIAU,149,3,180,-34,21994,19559,501,1934
12/12/2020,RIAU,178,4,227,-53,22172,19786,505,1881
13/12/2020,RIAU,181,3,153,25,22353,19939,508,1906
14/12/2020,RIAU,78,3,167,-92,22431,20106,511,1814
15/12/2020,RIAU,177,3,124,50,22608,20230,514,1864
16/12/2020,RIAU,153,4,223,-74,22761,20453,518,1790
17/12/2020,RIAU,288,5,197,86,23049,20650,523,1876
18/12/2020,RIAU,184,9,200,-25,23233,20850,532,1851
19/12/2020,RIAU,372,4,183,185,23605,21033,536,2036
20/12/2020,RIAU,121,2,128,-9,23726,21161,538,2027
21/12/2020,RIAU,76,4,99,-27,23802,21260,542,2000
22/12/2020,RIAU,116,1,165,-50,23918,21425,543,1950
23/12/2020,RIAU,96,3,205,-112,24014,21630,546,1838
24/12/2020,RIAU,214,4,112,98,24228,21742,550,1936
25/12/2020,RIAU,79,7,281,-209,24307,22023,557,1727
26/12/2020,RIAU,93,8,191,-106,24400,22214,565,1621
27/12/2020,RIAU,117,2,185,-70,24517,22399,567,1551
28/12/2020,RIAU,81,4,172,-95,24598,22571,571,1456
29/12/2020,RIAU,116,3,318,-205,24714,22889,574,1251
30/12/2020,RIAU,141,4,112,25,24855,23001,578,1276
31/12/2020,RIAU,110,3,77,30,24965,23078,581,1306
01/01/2021,RIAU,147,3,144,0,25112,23222,584,1306
02/01/2021,RIAU,68,6,128,-66,25180,23350,590,1240
03/01/2021,RIAU,81,5,156,-80,25261,23506,595,1160
04/01/2021,RIAU,110,2,96,12,25371,23602,597,1172
05/01/2021,RIAU,160,2,92,66,25531,23694,599,1238
06/01/2021,RIAU,169,1,115,53,25700,23809,600,1291
07/01/2021,RIAU,139,1,93,45,25839,23902,601,1336
08/01/2021,RIAU,192,5,114,73,26031,24016,606,1409
09/01/2021,RIAU,134,7,153,-26,26165,24169,613,1383
10/01/2021,RIAU,166,3,108,55,26331,24277,616,1438
11/01/2021,RIAU,88,2,98,-12,26419,24375,618,1426
12/01/2021,RIAU,266,2,78,186,26685,24453,620,1612
13/01/2021,RIAU,138,5,89,44,26823,24542,625,1656
14/01/2021,RIAU,93,1,119,-27,26916,24661,626,1629
15/01/2021,RIAU,170,2,186,-18,27086,24847,628,1611
16/01/2021,RIAU,96,5,166,-75,27182,25013,633,1536
17/01/2021,RIAU,188,1,138,49,27370,25151,634,1585
18/01/2021,RIAU,88,6,140,-58,27458,25291,640,1527
19/01/2021,RIAU,167,4,141,22,27625,25432,644,1549
20/01/2021,RIAU,122,5,150,-33,27747,25582,649,1516
21/01/2021,RIAU,137,5,96,36,27884,25678,654,1552
22/01/2021,RIAU,122,1,204,-83,28006,25882,655,1469
23/01/2021,RIAU,112,7,140,-35,28118,26022,662,1434
24/01/2021,RIAU,153,5,99,49,28271,26121,667,1483
25/01/2021,RIAU,44,2,169,-127,28315,26290,669,1356
26/01/2021,RIAU,132,9,99,24,28447,26389,678,1380
27/01/2021,RIAU,129,2,159,-32,28576,26548,680,1348
28/01/2021,RIAU,116,1,116,-1,28692,26664,681,1347
29/01/2021,RIAU,96,2,149,-55,28788,26813,683,1292
30/01/2021,RIAU,89,2,130,-43,28877,26943,685,1249
31/01/2021,RIAU,130,1,140,-11,29007,27083,686,1238
01/02/2021,RIAU,21,3,120,-102,29028,27203,689,1136
02/02/2021,RIAU,78,1,110,-33,29106,27313,690,1103
03/02/2021,RIAU,104,1,135,-32,29210,27448,691,1071
04/02/2021,RIAU,92,5,58,29,29302,27506,696,1100
05/02/2021,RIAU,68,3,107,-42,29370,27613,699,1058
06/02/2021,RIAU,70,3,130,-63,29440,27743,702,995
07/02/2021,RIAU,93,3,77,13,29533,27820,705,1008
08/02/2021,RIAU,62,1,74,-13,29595,27894,706,995
09/02/2021,RIAU,73,3,83,-13,29668,27977,709,982
10/02/2021,RIAU,173,4,129,40,29841,28106,713,1022
11/02/2021,RIAU,89,3,44,42,29930,28150,716,1064
12/02/2021,RIAU,96,3,92,1,30026,28242,719,1065
13/02/2021,RIAU,47,2,104,-59,30073,28346,721,1006
14/02/2021,RIAU,67,1,88,-22,30140,28434,722,984
15/02/2021,RIAU,56,2,51,3,30196,28485,724,987
16/02/2021,RIAU,80,4,72,4,30276,28557,728,991
17/02/2021,RIAU,22,1,57,-36,30298,28614,729,955
18/02/2021,RIAU,109,2,111,-4,30407,28725,731,951
19/02/2021,RIAU,69,3,74,-8,30476,28799,734,943
20/02/2021,RIAU,133,8,171,-46,30609,28970,742,897
21/02/2021,RIAU,197,1,91,105,30806,29061,743,1002
22/02/2021,RIAU,51,2,94,-45,30857,29155,745,957
23/02/2021,RIAU,116,3,59,54,30973,29214,748,1011
24/02/2021,RIAU,110,2,55,53,31083,29269,750,1064
25/02/2021,RIAU,133,2,63,68,31216,29332,752,1132
26/02/2021,RIAU,69,4,85,-20,31285,29417,756,1112
27/02/2021,RIAU,49,4,56,-11,31334,29473,760,1101
28/02/2021,RIAU,63,2,91,-30,31397,29564,762,1071
01/03/2021,RIAU,55,2,75,-22,31452,29639,764,1049
02/03/2021,RIAU,89,1,106,-18,31541,29745,765,1031
03/03/2021,RIAU,79,3,165,-89,31620,29910,768,942
04/03/2021,RIAU,87,4,70,13,31707,29980,772,955
05/03/2021,RIAU,129,1,99,29,31836,30079,773,984
06/03/2021,RIAU,68,4,87,-23,31904,30166,777,961
07/03/2021,RIAU,134,3,99,32,32038,30265,780,993
08/03/2021,RIAU,64,2,71,-9,32102,30336,782,984
09/03/2021,RIAU,109,3,75,31,32211,30411,785,1015
10/03/2021,RIAU,107,2,67,38,32318,30478,787,1053
11/03/2021,RIAU,111,1,50,60,32429,30528,788,1113
12/03/2021,RIAU,58,4,50,4,32487,30578,792,1117
13/03/2021,RIAU,66,3,107,-44,32553,30685,795,1073
14/03/2021,RIAU,169,4,111,54,32722,30796,799,1127
15/03/2021,RIAU,69,1,98,-30,32791,30894,800,1097
16/03/2021,RIAU,117,3,52,62,32908,30946,803,1159
17/03/2021,RIAU,82,1,121,-40,32990,31067,804,1119
18/03/2021,RIAU,108,1,56,51,33098,31123,805,1170
19/03/2021,RIAU,132,7,211,-86,33230,31334,812,1084
20/03/2021,RIAU,219,3,114,102,33449,31448,815,1186
21/03/2021,RIAU,49,0,112,-63,33498,31560,815,1123
22/03/2021,RIAU,74,4,76,-6,33572,31636,819,1117
23/03/2021,RIAU,167,3,71,93,33739,31707,822,1210
24/03/2021,RIAU,125,5,141,-21,33864,31848,827,1189
25/03/2021,RIAU,120,7,85,28,33984,31933,834,1217
26/03/2021,RIAU,169,0,107,62,34153,32040,834,1279
27/03/2021,RIAU,112,3,75,34,34265,32115,837,1313
28/03/2021,RIAU,125,1,95,29,34390,32210,838,1342
29/03/2021,RIAU,69,5,105,-41,34459,32315,843,1301
30/03/2021,RIAU,132,2,140,-10,34591,32455,845,1291
31/03/2021,RIAU,160,5,144,11,34751,32599,850,1302
01/04/2021,RIAU,199,6,75,118,34950,32674,856,1420
02/04/2021,RIAU,203,4,132,67,35153,32806,860,1487
03/04/2021,RIAU,116,4,121,-9,35269,32927,864,1478
04/04/2021,RIAU,217,6,123,88,35486,33050,870,1566
05/04/2021,RIAU,85,8,108,-31,35571,33158,878,1535
06/04/2021,RIAU,214,5,170,39,35785,33328,883,1574
07/04/2021,RIAU,222,4,116,102,36007,33444,887,1676
08/04/2021,RIAU,300,6,146,148,36307,33590,893,1824
09/04/2021,RIAU,231,4,126,101,36538,33716,897,1925
10/04/2021,RIAU,265,1,142,122,36803,33858,898,2047
11/04/2021,RIAU,191,5,135,51,36994,33993,903,2098
12/04/2021,RIAU,146,6,94,46,37140,34087,909,2144
13/04/2021,RIAU,253,7,196,50,37393,34283,916,2194
14/04/2021,RIAU,335,11,162,162,37728,34445,927,2356
15/04/2021,RIAU,269,10,106,153,37997,34551,937,2509
16/04/2021,RIAU,235,6,194,35,38232,34745,943,2544
17/04/2021,RIAU,320,6,215,99,38552,34960,949,2643
18/04/2021,RIAU,330,8,279,43,38882,35239,957,2686
27/03/2020,PAPUA BARAT,2,0,0,2,2,0,0,2
28/03/2020,PAPUA BARAT,0,0,0,0,2,0,0,2
29/03/2020,PAPUA BARAT,0,0,0,0,2,0,0,2
30/03/2020,PAPUA BARAT,0,0,0,0,2,0,0,2
31/03/2020,PAPUA BARAT,0,0,0,0,2,0,0,2
01/04/2020,PAPUA BARAT,0,0,0,0,2,0,0,2
02/04/2020,PAPUA BARAT,0,0,0,0,2,0,0,2
03/04/2020,PAPUA BARAT,0,0,0,0,2,0,0,2
04/04/2020,PAPUA BARAT,0,0,0,0,2,0,0,2
05/04/2020,PAPUA BARAT,0,0,0,0,2,0,0,2
06/04/2020,PAPUA BARAT,0,0,0,0,2,0,0,2
07/04/2020,PAPUA BARAT,0,0,0,0,2,0,0,2
08/04/2020,PAPUA BARAT,0,0,0,0,2,0,0,2
09/04/2020,PAPUA BARAT,0,0,0,0,2,0,0,2
10/04/2020,PAPUA BARAT,0,0,0,0,2,0,0,2
11/04/2020,PAPUA BARAT,0,0,0,0,2,0,0,2
12/04/2020,PAPUA BARAT,0,0,0,0,2,0,0,2
13/04/2020,PAPUA BARAT,0,0,0,0,2,0,0,2
14/04/2020,PAPUA BARAT,0,0,0,0,2,0,0,2
15/04/2020,PAPUA BARAT,0,0,0,0,2,0,0,2
16/04/2020,PAPUA BARAT,3,0,0,3,5,0,0,5
17/04/2020,PAPUA BARAT,0,0,0,0,5,0,0,5
18/04/2020,PAPUA BARAT,0,0,0,0,5,0,0,5
19/04/2020,PAPUA BARAT,2,0,0,2,7,0,0,7
20/04/2020,PAPUA BARAT,0,0,0,0,7,0,0,7
21/04/2020,PAPUA BARAT,0,0,0,0,7,0,0,7
22/04/2020,PAPUA BARAT,1,0,0,1,8,0,0,8
23/04/2020,PAPUA BARAT,5,0,0,5,13,0,0,13
24/04/2020,PAPUA BARAT,2,0,0,2,15,0,0,15
25/04/2020,PAPUA BARAT,1,0,0,1,16,0,0,16
26/04/2020,PAPUA BARAT,0,0,0,0,16,0,0,16
27/04/2020,PAPUA BARAT,0,0,0,0,16,0,0,16
28/04/2020,PAPUA BARAT,21,0,0,21,37,0,0,37
29/04/2020,PAPUA BARAT,0,0,0,0,37,0,0,37
30/04/2020,PAPUA BARAT,0,0,0,0,37,0,0,37
01/05/2020,PAPUA BARAT,5,0,0,5,42,0,0,42
02/05/2020,PAPUA BARAT,1,0,0,1,43,0,0,43
03/05/2020,PAPUA BARAT,0,0,0,0,43,0,0,43
04/05/2020,PAPUA BARAT,0,0,0,0,43,0,0,43
05/05/2020,PAPUA BARAT,6,0,0,6,49,0,0,49
06/05/2020,PAPUA BARAT,4,0,0,4,53,0,0,53
07/05/2020,PAPUA BARAT,0,0,0,0,53,0,0,53
08/05/2020,PAPUA BARAT,0,0,0,0,53,0,0,53
09/05/2020,PAPUA BARAT,0,0,0,0,53,0,0,53
10/05/2020,PAPUA BARAT,17,0,2,15,70,2,0,68
11/05/2020,PAPUA BARAT,0,0,0,0,70,2,0,68
12/05/2020,PAPUA BARAT,0,0,0,0,70,2,0,68
13/05/2020,PAPUA BARAT,0,0,0,0,70,2,0,68
14/05/2020,PAPUA BARAT,18,0,0,18,88,2,0,86
15/05/2020,PAPUA BARAT,0,0,0,0,88,2,0,86
16/05/2020,PAPUA BARAT,14,0,3,11,102,5,0,97
17/05/2020,PAPUA BARAT,3,0,0,3,105,5,0,100
18/05/2020,PAPUA BARAT,0,0,0,0,105,5,0,100
19/05/2020,PAPUA BARAT,0,0,0,0,105,5,0,100
20/05/2020,PAPUA BARAT,1,0,1,0,106,6,0,100
21/05/2020,PAPUA BARAT,3,0,1,2,109,7,0,102
22/05/2020,PAPUA BARAT,10,0,4,6,119,11,0,108
23/05/2020,PAPUA BARAT,10,1,8,1,129,19,1,109
24/05/2020,PAPUA BARAT,1,0,0,1,130,19,1,110
25/05/2020,PAPUA BARAT,0,0,3,-3,130,22,1,107
26/05/2020,PAPUA BARAT,2,0,13,-11,132,35,1,96
27/05/2020,PAPUA BARAT,0,0,1,-1,132,36,1,95
28/05/2020,PAPUA BARAT,20,0,2,18,152,38,1,113
29/05/2020,PAPUA BARAT,6,0,4,2,158,42,1,115
30/05/2020,PAPUA BARAT,4,0,7,-3,162,49,1,112
31/05/2020,PAPUA BARAT,6,0,6,0,168,55,1,112
01/06/2020,PAPUA BARAT,0,0,0,0,168,55,1,112
02/06/2020,PAPUA BARAT,4,0,0,4,172,55,1,116
03/06/2020,PAPUA BARAT,0,0,0,0,172,55,1,116
04/06/2020,PAPUA BARAT,1,0,2,-1,173,57,1,115
05/06/2020,PAPUA BARAT,2,0,17,-15,175,74,1,100
06/06/2020,PAPUA BARAT,3,0,0,3,178,74,1,103
07/06/2020,PAPUA BARAT,1,0,0,1,179,74,1,104
08/06/2020,PAPUA BARAT,0,0,0,0,179,74,1,104
09/06/2020,PAPUA BARAT,4,0,1,3,183,75,1,107
10/06/2020,PAPUA BARAT,8,0,9,-1,191,84,1,106
11/06/2020,PAPUA BARAT,4,0,1,3,195,85,1,109
12/06/2020,PAPUA BARAT,5,0,1,4,200,86,1,113
13/06/2020,PAPUA BARAT,5,1,0,4,205,86,2,117
14/06/2020,PAPUA BARAT,3,0,1,2,208,87,2,119
15/06/2020,PAPUA BARAT,1,0,0,1,209,87,2,120
16/06/2020,PAPUA BARAT,3,0,7,-4,212,94,2,116
17/06/2020,PAPUA BARAT,2,0,2,0,214,96,2,116
18/06/2020,PAPUA BARAT,5,0,22,-17,219,118,2,99
19/06/2020,PAPUA BARAT,3,0,8,-5,222,126,2,94
20/06/2020,PAPUA BARAT,0,0,2,-2,222,128,2,92
21/06/2020,PAPUA BARAT,2,0,0,2,224,128,2,94
22/06/2020,PAPUA BARAT,0,0,0,0,224,128,2,94
23/06/2020,PAPUA BARAT,0,0,1,-1,224,129,2,93
24/06/2020,PAPUA BARAT,1,0,16,-15,225,145,2,78
25/06/2020,PAPUA BARAT,8,0,4,4,233,149,2,82
26/06/2020,PAPUA BARAT,0,0,1,-1,233,150,2,81
27/06/2020,PAPUA BARAT,1,0,2,-1,234,152,2,80
28/06/2020,PAPUA BARAT,2,0,0,2,236,152,2,82
29/06/2020,PAPUA BARAT,1,1,1,-1,237,153,3,81
30/06/2020,PAPUA BARAT,2,0,0,2,239,153,3,83
01/07/2020,PAPUA BARAT,3,0,12,-9,242,165,3,74
02/07/2020,PAPUA BARAT,2,0,5,-3,244,170,3,71
03/07/2020,PAPUA BARAT,5,0,0,5,249,170,3,76
04/07/2020,PAPUA BARAT,4,0,1,3,253,171,3,79
05/07/2020,PAPUA BARAT,2,0,6,-4,255,177,3,75
06/07/2020,PAPUA BARAT,10,0,7,3,265,184,3,78
07/07/2020,PAPUA BARAT,1,0,1,0,266,185,3,78
08/07/2020,PAPUA BARAT,0,0,1,-1,266,186,3,77
09/07/2020,PAPUA BARAT,6,0,0,6,272,186,3,83
10/07/2020,PAPUA BARAT,4,0,1,3,276,187,3,86
11/07/2020,PAPUA BARAT,6,0,1,5,282,188,3,91
12/07/2020,PAPUA BARAT,4,0,5,-1,286,193,3,90
13/07/2020,PAPUA BARAT,0,0,3,-3,286,196,3,87
14/07/2020,PAPUA BARAT,6,0,2,4,292,198,3,91
15/07/2020,PAPUA BARAT,0,0,4,-4,292,202,3,87
16/07/2020,PAPUA BARAT,4,0,0,4,296,202,3,91
17/07/2020,PAPUA BARAT,5,0,1,4,301,203,3,95
18/07/2020,PAPUA BARAT,38,1,2,35,339,205,4,130
19/07/2020,PAPUA BARAT,2,0,4,-2,341,209,4,128
20/07/2020,PAPUA BARAT,27,0,3,24,368,212,4,152
21/07/2020,PAPUA BARAT,3,0,1,2,371,213,4,154
22/07/2020,PAPUA BARAT,5,0,3,2,376,216,4,156
23/07/2020,PAPUA BARAT,10,0,14,-4,386,230,4,152
24/07/2020,PAPUA BARAT,1,0,2,-1,387,232,4,151
25/07/2020,PAPUA BARAT,1,0,0,1,388,232,4,152
26/07/2020,PAPUA BARAT,4,0,0,4,392,232,4,156
27/07/2020,PAPUA BARAT,4,0,2,2,396,234,4,158
28/07/2020,PAPUA BARAT,1,0,29,-28,397,263,4,130
29/07/2020,PAPUA BARAT,16,0,2,14,413,265,4,144
30/07/2020,PAPUA BARAT,17,1,27,-11,430,292,5,133
31/07/2020,PAPUA BARAT,3,0,0,3,433,292,5,136
01/08/2020,PAPUA BARAT,18,0,0,18,451,292,5,154
02/08/2020,PAPUA BARAT,9,0,3,6,460,295,5,160
03/08/2020,PAPUA BARAT,0,0,0,0,460,295,5,160
04/08/2020,PAPUA BARAT,11,0,9,2,471,304,5,162
05/08/2020,PAPUA BARAT,10,0,2,8,481,306,5,170
06/08/2020,PAPUA BARAT,11,0,39,-28,492,345,5,142
07/08/2020,PAPUA BARAT,44,0,5,39,536,350,5,181
08/08/2020,PAPUA BARAT,15,0,12,3,551,362,5,184
09/08/2020,PAPUA BARAT,1,0,0,1,552,362,5,185
10/08/2020,PAPUA BARAT,5,0,23,-18,557,385,5,167
11/08/2020,PAPUA BARAT,1,0,6,-5,558,391,5,162
12/08/2020,PAPUA BARAT,13,1,8,4,571,399,6,166
13/08/2020,PAPUA BARAT,24,0,19,5,595,418,6,171
14/08/2020,PAPUA BARAT,0,0,19,-19,595,437,6,152
15/08/2020,PAPUA BARAT,6,0,2,4,601,439,6,156
16/08/2020,PAPUA BARAT,4,0,11,-7,605,450,6,149
17/08/2020,PAPUA BARAT,2,0,1,1,607,451,6,150
18/08/2020,PAPUA BARAT,13,0,34,-21,620,485,6,129
19/08/2020,PAPUA BARAT,14,0,25,-11,634,510,6,118
20/08/2020,PAPUA BARAT,6,0,1,5,640,511,6,123
21/08/2020,PAPUA BARAT,3,0,1,2,643,512,6,125
22/08/2020,PAPUA BARAT,4,0,6,-2,647,518,6,123
23/08/2020,PAPUA BARAT,2,1,0,1,649,518,7,124
24/08/2020,PAPUA BARAT,10,1,6,3,659,524,8,127
25/08/2020,PAPUA BARAT,0,0,0,0,659,524,8,127
26/08/2020,PAPUA BARAT,52,2,22,28,711,546,10,155
27/08/2020,PAPUA BARAT,9,1,9,-1,720,555,11,154
28/08/2020,PAPUA BARAT,6,0,7,-1,726,562,11,153
29/08/2020,PAPUA BARAT,20,1,0,19,746,562,12,172
30/08/2020,PAPUA BARAT,6,0,1,5,752,563,12,177
31/08/2020,PAPUA BARAT,55,0,6,49,807,569,12,226
01/09/2020,PAPUA BARAT,24,2,23,-1,831,592,14,225
02/09/2020,PAPUA BARAT,5,0,6,-1,836,598,14,224
03/09/2020,PAPUA BARAT,25,0,1,24,861,599,14,248
04/09/2020,PAPUA BARAT,27,0,5,22,888,604,14,270
05/09/2020,PAPUA BARAT,7,0,16,-9,895,620,14,261
06/09/2020,PAPUA BARAT,13,2,2,9,908,622,16,270
07/09/2020,PAPUA BARAT,32,0,8,24,940,630,16,294
08/09/2020,PAPUA BARAT,1,0,3,-2,941,633,16,292
09/09/2020,PAPUA BARAT,18,0,12,6,959,645,16,298
10/09/2020,PAPUA BARAT,11,0,4,7,970,649,16,305
11/09/2020,PAPUA BARAT,49,2,17,30,1019,666,18,335
12/09/2020,PAPUA BARAT,67,1,5,61,1086,671,19,396
13/09/2020,PAPUA BARAT,0,0,0,0,1086,671,19,396
14/09/2020,PAPUA BARAT,99,4,20,75,1185,691,23,471
15/09/2020,PAPUA BARAT,51,0,12,39,1236,703,23,510
16/09/2020,PAPUA BARAT,42,0,22,20,1278,725,23,530
17/09/2020,PAPUA BARAT,55,1,7,47,1333,732,24,577
18/09/2020,PAPUA BARAT,54,1,122,-69,1387,854,25,508
19/09/2020,PAPUA BARAT,48,0,0,48,1435,854,25,556
20/09/2020,PAPUA BARAT,60,0,50,10,1495,904,25,566
21/09/2020,PAPUA BARAT,21,0,13,8,1516,917,25,574
22/09/2020,PAPUA BARAT,70,0,3,67,1586,920,25,641
23/09/2020,PAPUA BARAT,87,0,19,68,1673,939,25,709
24/09/2020,PAPUA BARAT,0,0,0,0,1673,939,25,709
25/09/2020,PAPUA BARAT,146,3,101,42,1819,1040,28,751
26/09/2020,PAPUA BARAT,131,0,17,114,1950,1057,28,865
27/09/2020,PAPUA BARAT,39,0,17,22,1989,1074,28,887
28/09/2020,PAPUA BARAT,64,2,39,23,2053,1113,30,910
29/09/2020,PAPUA BARAT,34,3,15,16,2087,1128,33,926
30/09/2020,PAPUA BARAT,47,1,27,19,2134,1155,34,945
01/10/2020,PAPUA BARAT,31,0,11,20,2165,1166,34,965
02/10/2020,PAPUA BARAT,47,0,0,47,2212,1166,34,1012
03/10/2020,PAPUA BARAT,46,1,3,42,2258,1169,35,1054
04/10/2020,PAPUA BARAT,87,0,91,-4,2345,1260,35,1050
05/10/2020,PAPUA BARAT,16,0,20,-4,2361,1280,35,1046
06/10/2020,PAPUA BARAT,114,0,67,47,2475,1347,35,1093
07/10/2020,PAPUA BARAT,68,3,41,24,2543,1388,38,1117
08/10/2020,PAPUA BARAT,210,0,7,203,2753,1395,38,1320
09/10/2020,PAPUA BARAT,101,0,87,14,2854,1482,38,1334
10/10/2020,PAPUA BARAT,38,1,19,18,2892,1501,39,1352
11/10/2020,PAPUA BARAT,125,0,61,64,3017,1562,39,1416
12/10/2020,PAPUA BARAT,21,1,35,-15,3038,1597,40,1401
13/10/2020,PAPUA BARAT,43,1,734,-692,3081,2331,41,709
14/10/2020,PAPUA BARAT,0,0,0,0,3081,2331,41,709
15/10/2020,PAPUA BARAT,154,3,64,87,3235,2395,44,796
16/10/2020,PAPUA BARAT,118,0,50,68,3353,2445,44,864
17/10/2020,PAPUA BARAT,112,1,60,51,3465,2505,45,915
18/10/2020,PAPUA BARAT,161,1,32,128,3626,2537,46,1043
19/10/2020,PAPUA BARAT,10,2,7,1,3636,2544,48,1044
20/10/2020,PAPUA BARAT,17,2,103,-88,3653,2647,50,956
21/10/2020,PAPUA BARAT,35,6,46,-17,3688,2693,56,939
22/10/2020,PAPUA BARAT,73,0,16,57,3761,2709,56,996
23/10/2020,PAPUA BARAT,97,2,38,57,3858,2747,58,1053
24/10/2020,PAPUA BARAT,21,2,90,-71,3879,2837,60,982
25/10/2020,PAPUA BARAT,6,0,240,-234,3885,3077,60,748
26/10/2020,PAPUA BARAT,6,2,18,-14,3891,3095,62,734
27/10/2020,PAPUA BARAT,83,0,269,-186,3974,3364,62,548
28/10/2020,PAPUA BARAT,106,2,120,-16,4080,3484,64,532
29/10/2020,PAPUA BARAT,8,0,15,-7,4088,3499,64,525
30/10/2020,PAPUA BARAT,48,0,1,47,4136,3500,64,572
31/10/2020,PAPUA BARAT,13,0,108,-95,4149,3608,64,477
01/11/2020,PAPUA BARAT,40,1,55,-16,4189,3663,65,461
02/11/2020,PAPUA BARAT,0,0,0,0,4189,3663,65,461
03/11/2020,PAPUA BARAT,91,0,26,65,4280,3689,65,526
04/11/2020,PAPUA BARAT,18,2,11,5,4298,3700,67,531
05/11/2020,PAPUA BARAT,31,1,9,21,4329,3709,68,552
06/11/2020,PAPUA BARAT,66,0,9,57,4395,3718,68,609
07/11/2020,PAPUA BARAT,54,0,12,42,4449,3730,68,651
08/11/2020,PAPUA BARAT,52,0,152,-100,4501,3882,68,551
09/11/2020,PAPUA BARAT,8,2,7,-1,4509,3889,70,550
10/11/2020,PAPUA BARAT,23,0,2,21,4532,3891,70,571
11/11/2020,PAPUA BARAT,72,0,35,37,4604,3926,70,608
12/11/2020,PAPUA BARAT,11,0,19,-8,4615,3945,70,600
13/11/2020,PAPUA BARAT,25,0,13,12,4640,3958,70,612
14/11/2020,PAPUA BARAT,31,0,20,11,4671,3978,70,623
15/11/2020,PAPUA BARAT,0,0,114,-114,4671,4092,70,509
16/11/2020,PAPUA BARAT,0,1,15,-16,4671,4107,71,493
17/11/2020,PAPUA BARAT,1,0,15,-14,4672,4122,71,479
18/11/2020,PAPUA BARAT,75,0,100,-25,4747,4222,71,454
19/11/2020,PAPUA BARAT,36,4,53,-21,4783,4275,75,433
20/11/2020,PAPUA BARAT,69,0,3,66,4852,4278,75,499
21/11/2020,PAPUA BARAT,71,3,38,30,4923,4316,78,529
22/11/2020,PAPUA BARAT,46,1,53,-8,4969,4369,79,521
23/11/2020,PAPUA BARAT,31,1,59,-29,5000,4428,80,492
24/11/2020,PAPUA BARAT,76,1,27,48,5076,4455,81,540
25/11/2020,PAPUA BARAT,79,0,24,55,5155,4479,81,595
26/11/2020,PAPUA BARAT,49,0,38,11,5204,4517,81,606
27/11/2020,PAPUA BARAT,14,0,15,-1,5218,4532,81,605
28/11/2020,PAPUA BARAT,35,2,14,19,5253,4546,83,624
29/11/2020,PAPUA BARAT,4,2,1,1,5257,4547,85,625
30/11/2020,PAPUA BARAT,19,1,14,4,5276,4561,86,629
01/12/2020,PAPUA BARAT,76,1,41,34,5352,4602,87,663
02/12/2020,PAPUA BARAT,19,0,39,-20,5371,4641,87,643
03/12/2020,PAPUA BARAT,6,0,42,-36,5377,4683,87,607
04/12/2020,PAPUA BARAT,20,0,25,-5,5397,4708,87,602
05/12/2020,PAPUA BARAT,19,0,30,-11,5416,4738,87,591
06/12/2020,PAPUA BARAT,2,0,45,-43,5418,4783,87,548
07/12/2020,PAPUA BARAT,7,1,3,3,5425,4786,88,551
08/12/2020,PAPUA BARAT,9,3,38,-32,5434,4824,91,519
09/12/2020,PAPUA BARAT,56,1,49,6,5490,4873,92,525
10/12/2020,PAPUA BARAT,31,1,66,-36,5521,4939,93,489
11/12/2020,PAPUA BARAT,11,0,45,-34,5532,4984,93,455
12/12/2020,PAPUA BARAT,37,0,47,-10,5569,5031,93,445
13/12/2020,PAPUA BARAT,41,0,20,21,5610,5051,93,466
14/12/2020,PAPUA BARAT,6,1,35,-30,5616,5086,94,436
15/12/2020,PAPUA BARAT,11,3,10,-2,5627,5096,97,434
16/12/2020,PAPUA BARAT,14,0,29,-15,5641,5125,97,419
17/12/2020,PAPUA BARAT,15,0,14,1,5656,5139,97,420
18/12/2020,PAPUA BARAT,43,0,16,27,5699,5155,97,447
19/12/2020,PAPUA BARAT,38,0,40,-2,5737,5195,97,445
20/12/2020,PAPUA BARAT,11,0,28,-17,5748,5223,97,428
21/12/2020,PAPUA BARAT,43,0,21,22,5791,5244,97,450
22/12/2020,PAPUA BARAT,8,0,10,-2,5799,5254,97,448
23/12/2020,PAPUA BARAT,31,1,12,18,5830,5266,98,466
24/12/2020,PAPUA BARAT,32,0,15,17,5862,5281,98,483
25/12/2020,PAPUA BARAT,42,0,7,35,5904,5288,98,518
26/12/2020,PAPUA BARAT,15,0,62,-47,5919,5350,98,471
27/12/2020,PAPUA BARAT,14,0,10,4,5933,5360,98,475
28/12/2020,PAPUA BARAT,3,0,17,-14,5936,5377,98,461
29/12/2020,PAPUA BARAT,5,0,19,-14,5941,5396,98,447
30/12/2020,PAPUA BARAT,5,0,29,-24,5946,5425,98,423
31/12/2020,PAPUA BARAT,33,0,32,1,5979,5457,98,424
01/01/2021,PAPUA BARAT,16,1,4,11,5995,5461,99,435
02/01/2021,PAPUA BARAT,17,1,33,-17,6012,5494,100,418
03/01/2021,PAPUA BARAT,15,0,52,-37,6027,5546,100,381
04/01/2021,PAPUA BARAT,11,0,37,-26,6038,5583,100,355
05/01/2021,PAPUA BARAT,31,0,19,12,6069,5602,100,367
06/01/2021,PAPUA BARAT,12,0,17,-5,6081,5619,100,362
07/01/2021,PAPUA BARAT,32,0,6,26,6113,5625,100,388
08/01/2021,PAPUA BARAT,25,1,37,-13,6138,5662,101,375
09/01/2021,PAPUA BARAT,23,1,4,18,6161,5666,102,393
10/01/2021,PAPUA BARAT,27,0,0,27,6188,5666,102,420
11/01/2021,PAPUA BARAT,26,0,20,6,6214,5686,102,426
12/01/2021,PAPUA BARAT,32,1,13,18,6246,5699,103,444
13/01/2021,PAPUA BARAT,24,1,14,9,6270,5713,104,453
14/01/2021,PAPUA BARAT,14,0,5,9,6284,5718,104,462
15/01/2021,PAPUA BARAT,20,0,12,8,6304,5730,104,470
16/01/2021,PAPUA BARAT,57,0,7,50,6361,5737,104,520
17/01/2021,PAPUA BARAT,12,0,23,-11,6373,5760,104,509
18/01/2021,PAPUA BARAT,21,1,11,9,6394,5771,105,518
19/01/2021,PAPUA BARAT,12,0,10,2,6406,5781,105,520
20/01/2021,PAPUA BARAT,8,0,6,2,6414,5787,105,522
21/01/2021,PAPUA BARAT,48,1,32,15,6462,5819,106,537
22/01/2021,PAPUA BARAT,24,0,13,11,6486,5832,106,548
23/01/2021,PAPUA BARAT,22,0,26,-4,6508,5858,106,544
24/01/2021,PAPUA BARAT,25,0,10,15,6533,5868,106,559
25/01/2021,PAPUA BARAT,31,0,22,9,6564,5890,106,568
26/01/2021,PAPUA BARAT,20,0,29,-9,6584,5919,106,559
27/01/2021,PAPUA BARAT,32,1,19,12,6616,5938,107,571
28/01/2021,PAPUA BARAT,22,0,14,8,6638,5952,107,579
29/01/2021,PAPUA BARAT,32,1,26,5,6670,5978,108,584
30/01/2021,PAPUA BARAT,36,0,19,17,6706,5997,108,601
31/01/2021,PAPUA BARAT,21,2,31,-12,6727,6028,110,589
01/02/2021,PAPUA BARAT,4,0,32,-28,6731,6060,110,561
02/02/2021,PAPUA BARAT,25,0,29,-4,6756,6089,110,557
03/02/2021,PAPUA BARAT,36,0,37,-1,6792,6126,110,556
04/02/2021,PAPUA BARAT,5,0,39,-34,6797,6165,110,522
05/02/2021,PAPUA BARAT,13,0,22,-9,6810,6187,110,513
06/02/2021,PAPUA BARAT,14,0,20,-6,6824,6207,110,507
07/02/2021,PAPUA BARAT,13,0,11,2,6837,6218,110,509
08/02/2021,PAPUA BARAT,30,0,33,-3,6867,6251,110,506
09/02/2021,PAPUA BARAT,28,0,32,-4,6895,6283,110,502
10/02/2021,PAPUA BARAT,23,0,25,-2,6918,6308,110,500
11/02/2021,PAPUA BARAT,16,1,16,-1,6934,6324,111,499
12/02/2021,PAPUA BARAT,35,0,23,12,6969,6347,111,511
13/02/2021,PAPUA BARAT,8,0,36,-28,6977,6383,111,483
14/02/2021,PAPUA BARAT,24,7,15,2,7001,6398,118,485
15/02/2021,PAPUA BARAT,27,0,7,20,7028,6405,118,505
16/02/2021,PAPUA BARAT,8,0,0,8,7036,6405,118,513
17/02/2021,PAPUA BARAT,48,0,7,41,7084,6412,118,554
18/02/2021,PAPUA BARAT,25,1,29,-5,7109,6441,119,549
19/02/2021,PAPUA BARAT,14,0,8,6,7123,6449,119,555
20/02/2021,PAPUA BARAT,28,2,130,-104,7151,6579,121,451
21/02/2021,PAPUA BARAT,21,0,20,1,7172,6599,121,452
22/02/2021,PAPUA BARAT,31,0,25,6,7203,6624,121,458
23/02/2021,PAPUA BARAT,32,2,19,11,7235,6643,123,469
24/02/2021,PAPUA BARAT,52,0,34,18,7287,6677,123,487
25/02/2021,PAPUA BARAT,33,1,32,0,7320,6709,124,487
26/02/2021,PAPUA BARAT,37,0,43,-6,7357,6752,124,481
27/02/2021,PAPUA BARAT,33,0,29,4,7390,6781,124,485
28/02/2021,PAPUA BARAT,33,1,28,4,7423,6809,125,489
01/03/2021,PAPUA BARAT,18,0,11,7,7441,6820,125,496
02/03/2021,PAPUA BARAT,29,0,28,1,7470,6848,125,497
03/03/2021,PAPUA BARAT,47,0,29,18,7517,6877,125,515
04/03/2021,PAPUA BARAT,27,0,37,-10,7544,6914,125,505
05/03/2021,PAPUA BARAT,27,0,14,13,7571,6928,125,518
06/03/2021,PAPUA BARAT,44,0,29,15,7615,6957,125,533
07/03/2021,PAPUA BARAT,15,0,43,-28,7630,7000,125,505
08/03/2021,PAPUA BARAT,12,1,14,-3,7642,7014,126,502
09/03/2021,PAPUA BARAT,57,0,43,14,7699,7057,126,516
10/03/2021,PAPUA BARAT,30,0,17,13,7729,7074,126,529
11/03/2021,PAPUA BARAT,37,0,18,19,7766,7092,126,548
12/03/2021,PAPUA BARAT,28,0,41,-13,7794,7133,126,535
13/03/2021,PAPUA BARAT,45,0,20,25,7839,7153,126,560
14/03/2021,PAPUA BARAT,37,0,27,10,7876,7180,126,570
15/03/2021,PAPUA BARAT,8,0,29,-21,7884,7209,126,549
16/03/2021,PAPUA BARAT,27,1,23,3,7911,7232,127,552
17/03/2021,PAPUA BARAT,43,1,22,20,7954,7254,128,572
18/03/2021,PAPUA BARAT,37,1,40,-4,7991,7294,129,568
19/03/2021,PAPUA BARAT,25,0,29,-4,8016,7323,129,564
20/03/2021,PAPUA BARAT,42,1,41,0,8058,7364,130,564
21/03/2021,PAPUA BARAT,37,0,38,-1,8095,7402,130,563
22/03/2021,PAPUA BARAT,15,0,41,-26,8110,7443,130,537
23/03/2021,PAPUA BARAT,24,0,24,0,8134,7467,130,537
24/03/2021,PAPUA BARAT,15,1,30,-16,8149,7497,131,521
25/03/2021,PAPUA BARAT,22,0,49,-27,8171,7546,131,494
26/03/2021,PAPUA BARAT,18,0,55,-37,8189,7601,131,457
27/03/2021,PAPUA BARAT,44,0,36,8,8233,7637,131,465
28/03/2021,PAPUA BARAT,31,0,40,-9,8264,7677,131,456
29/03/2021,PAPUA BARAT,11,0,7,4,8275,7684,131,460
30/03/2021,PAPUA BARAT,15,0,19,-4,8290,7703,131,456
31/03/2021,PAPUA BARAT,19,1,24,-6,8309,7727,132,450
01/04/2021,PAPUA BARAT,23,0,28,-5,8332,7755,132,445
02/04/2021,PAPUA BARAT,30,0,26,4,8362,7781,132,449
03/04/2021,PAPUA BARAT,15,0,39,-24,8377,7820,132,425
04/04/2021,PAPUA BARAT,18,1,13,4,8395,7833,133,429
05/04/2021,PAPUA BARAT,11,0,33,-22,8406,7866,133,407
06/04/2021,PAPUA BARAT,20,2,15,3,8426,7881,135,410
07/04/2021,PAPUA BARAT,26,3,26,-3,8452,7907,138,407
08/04/2021,PAPUA BARAT,31,1,40,-10,8483,7947,139,397
09/04/2021,PAPUA BARAT,27,0,28,-1,8510,7975,139,396
10/04/2021,PAPUA BARAT,15,0,24,-9,8525,7999,139,387
11/04/2021,PAPUA BARAT,10,0,9,1,8535,8008,139,388
12/04/2021,PAPUA BARAT,8,0,10,-2,8543,8018,139,386
13/04/2021,PAPUA BARAT,61,1,22,38,8604,8040,140,424
14/04/2021,PAPUA BARAT,30,0,24,6,8634,8064,140,430
15/04/2021,PAPUA BARAT,14,0,11,3,8648,8075,140,433
16/04/2021,PAPUA BARAT,28,0,31,-3,8676,8106,140,430
17/04/2021,PAPUA BARAT,27,0,50,-23,8703,8156,140,407
18/04/2021,PAPUA BARAT,17,1,34,-18,8720,8190,141,389
28/03/2020,SULAWESI BARAT,1,0,0,1,1,0,0,1
29/03/2020,SULAWESI BARAT,0,0,0,0,1,0,0,1
30/03/2020,SULAWESI BARAT,0,0,0,0,1,0,0,1
31/03/2020,SULAWESI BARAT,0,0,0,0,1,0,0,1
01/04/2020,SULAWESI BARAT,0,0,0,0,1,0,0,1
02/04/2020,SULAWESI BARAT,0,0,0,0,1,0,0,1
03/04/2020,SULAWESI BARAT,1,0,0,1,2,0,0,2
04/04/2020,SULAWESI BARAT,0,0,0,0,2,0,0,2
05/04/2020,SULAWESI BARAT,0,0,0,0,2,0,0,2
06/04/2020,SULAWESI BARAT,0,0,0,0,2,0,0,2
07/04/2020,SULAWESI BARAT,0,0,0,0,2,0,0,2
08/04/2020,SULAWESI BARAT,0,0,0,0,2,0,0,2
09/04/2020,SULAWESI BARAT,0,0,0,0,2,0,0,2
10/04/2020,SULAWESI BARAT,1,0,0,1,3,0,0,3
11/04/2020,SULAWESI BARAT,2,1,1,0,5,1,1,3
12/04/2020,SULAWESI BARAT,0,0,0,0,5,1,1,3
13/04/2020,SULAWESI BARAT,0,0,0,0,5,1,1,3
14/04/2020,SULAWESI BARAT,0,0,0,0,5,1,1,3
15/04/2020,SULAWESI BARAT,2,0,0,2,7,1,1,5
16/04/2020,SULAWESI BARAT,0,0,0,0,7,1,1,5
17/04/2020,SULAWESI BARAT,0,0,0,0,7,1,1,5
18/04/2020,SULAWESI BARAT,0,0,0,0,7,1,1,5
19/04/2020,SULAWESI BARAT,0,0,0,0,7,1,1,5
20/04/2020,SULAWESI BARAT,0,0,0,0,7,1,1,5
21/04/2020,SULAWESI BARAT,0,0,0,0,7,1,1,5
22/04/2020,SULAWESI BARAT,1,0,0,1,8,1,1,6
23/04/2020,SULAWESI BARAT,0,0,0,0,8,1,1,6
24/04/2020,SULAWESI BARAT,25,0,0,25,33,1,1,31
25/04/2020,SULAWESI BARAT,2,0,0,2,35,1,1,33
26/04/2020,SULAWESI BARAT,0,0,0,0,35,1,1,33
27/04/2020,SULAWESI BARAT,0,0,0,0,35,1,1,33
28/04/2020,SULAWESI BARAT,2,0,2,0,37,3,1,33
29/04/2020,SULAWESI BARAT,1,0,1,0,38,4,1,33
30/04/2020,SULAWESI BARAT,4,0,0,4,42,4,1,37
01/05/2020,SULAWESI BARAT,1,0,1,0,43,5,1,37
02/05/2020,SULAWESI BARAT,1,0,0,1,44,5,1,38
03/05/2020,SULAWESI BARAT,0,0,0,0,44,5,1,38
04/05/2020,SULAWESI BARAT,0,0,0,0,44,5,1,38
05/05/2020,SULAWESI BARAT,14,1,0,13,58,5,2,51
06/05/2020,SULAWESI BARAT,0,0,0,0,58,5,2,51
07/05/2020,SULAWESI BARAT,0,0,0,0,58,5,2,51
08/05/2020,SULAWESI BARAT,2,0,0,2,60,5,2,53
09/05/2020,SULAWESI BARAT,2,0,0,2,62,5,2,55
10/05/2020,SULAWESI BARAT,0,0,0,0,62,5,2,55
11/05/2020,SULAWESI BARAT,0,0,0,0,62,5,2,55
12/05/2020,SULAWESI BARAT,5,0,2,3,67,7,2,58
13/05/2020,SULAWESI BARAT,6,0,0,6,73,7,2,64
14/05/2020,SULAWESI BARAT,1,0,13,-12,74,20,2,52
15/05/2020,SULAWESI BARAT,0,0,2,-2,74,22,2,50
16/05/2020,SULAWESI BARAT,1,0,1,0,75,23,2,50
17/05/2020,SULAWESI BARAT,0,0,0,0,75,23,2,50
18/05/2020,SULAWESI BARAT,0,0,0,0,75,23,2,50
19/05/2020,SULAWESI BARAT,2,0,2,0,77,25,2,50
20/05/2020,SULAWESI BARAT,1,0,0,1,78,25,2,51
21/05/2020,SULAWESI BARAT,8,0,0,8,86,25,2,59
22/05/2020,SULAWESI BARAT,0,0,1,-1,86,26,2,58
23/05/2020,SULAWESI BARAT,0,0,1,-1,86,27,2,57
24/05/2020,SULAWESI BARAT,0,0,0,0,86,27,2,57
25/05/2020,SULAWESI BARAT,0,0,0,0,86,27,2,57
26/05/2020,SULAWESI BARAT,1,0,2,-1,87,29,2,56
27/05/2020,SULAWESI BARAT,1,0,3,-2,88,32,2,54
28/05/2020,SULAWESI BARAT,0,0,2,-2,88,34,2,52
29/05/2020,SULAWESI BARAT,0,0,0,0,88,34,2,52
30/05/2020,SULAWESI BARAT,0,0,0,0,88,34,2,52
31/05/2020,SULAWESI BARAT,4,0,7,-3,92,41,2,49
01/06/2020,SULAWESI BARAT,0,0,0,0,92,41,2,49
02/06/2020,SULAWESI BARAT,0,0,8,-8,92,49,2,41
03/06/2020,SULAWESI BARAT,0,0,0,0,92,49,2,41
04/06/2020,SULAWESI BARAT,0,0,0,0,92,49,2,41
05/06/2020,SULAWESI BARAT,0,0,1,-1,92,50,2,40
06/06/2020,SULAWESI BARAT,0,0,8,-8,92,58,2,32
07/06/2020,SULAWESI BARAT,2,0,3,-1,94,61,2,31
08/06/2020,SULAWESI BARAT,0,0,1,-1,94,62,2,30
09/06/2020,SULAWESI BARAT,0,0,1,-1,94,63,2,29
10/06/2020,SULAWESI BARAT,1,0,0,1,95,63,2,30
11/06/2020,SULAWESI BARAT,1,0,3,-2,96,66,2,28
12/06/2020,SULAWESI BARAT,1,0,0,1,97,66,2,29
13/06/2020,SULAWESI BARAT,0,0,4,-4,97,70,2,25
14/06/2020,SULAWESI BARAT,1,0,1,0,98,71,2,25
15/06/2020,SULAWESI BARAT,0,0,0,0,98,71,2,25
16/06/2020,SULAWESI BARAT,0,0,0,0,98,71,2,25
17/06/2020,SULAWESI BARAT,1,0,5,-4,99,76,2,21
18/06/2020,SULAWESI BARAT,5,0,0,5,104,76,2,26
19/06/2020,SULAWESI BARAT,0,0,1,-1,104,77,2,25
20/06/2020,SULAWESI BARAT,0,0,0,0,104,77,2,25
21/06/2020,SULAWESI BARAT,0,0,0,0,104,77,2,25
22/06/2020,SULAWESI BARAT,0,0,0,0,104,77,2,25
23/06/2020,SULAWESI BARAT,0,0,1,-1,104,78,2,24
24/06/2020,SULAWESI BARAT,1,0,0,1,105,78,2,25
25/06/2020,SULAWESI BARAT,1,0,1,0,106,79,2,25
26/06/2020,SULAWESI BARAT,3,0,0,3,109,79,2,28
27/06/2020,SULAWESI BARAT,4,0,4,0,113,83,2,28
28/06/2020,SULAWESI BARAT,1,0,0,1,114,83,2,29
29/06/2020,SULAWESI BARAT,0,0,0,0,114,83,2,29
30/06/2020,SULAWESI BARAT,1,0,1,0,115,84,2,29
01/07/2020,SULAWESI BARAT,2,0,0,2,117,84,2,31
02/07/2020,SULAWESI BARAT,2,0,1,1,119,85,2,32
03/07/2020,SULAWESI BARAT,1,0,0,1,120,85,2,33
04/07/2020,SULAWESI BARAT,4,0,0,4,124,85,2,37
05/07/2020,SULAWESI BARAT,0,0,0,0,124,85,2,37
06/07/2020,SULAWESI BARAT,0,0,4,-4,124,89,2,33
07/07/2020,SULAWESI BARAT,3,0,0,3,127,89,2,36
08/07/2020,SULAWESI BARAT,2,0,1,1,129,90,2,37
09/07/2020,SULAWESI BARAT,1,0,0,1,130,90,2,38
10/07/2020,SULAWESI BARAT,5,1,1,3,135,91,3,41
11/07/2020,SULAWESI BARAT,3,0,1,2,138,92,3,43
12/07/2020,SULAWESI BARAT,4,0,3,1,142,95,3,44
13/07/2020,SULAWESI BARAT,1,0,0,1,143,95,3,45
14/07/2020,SULAWESI BARAT,3,0,3,0,146,98,3,45
15/07/2020,SULAWESI BARAT,6,0,0,6,152,98,3,51
16/07/2020,SULAWESI BARAT,2,0,4,-2,154,102,3,49
17/07/2020,SULAWESI BARAT,0,0,1,-1,154,103,3,48
18/07/2020,SULAWESI BARAT,4,0,1,3,158,104,3,51
19/07/2020,SULAWESI BARAT,1,0,1,0,159,105,3,51
20/07/2020,SULAWESI BARAT,7,0,9,-2,166,114,3,49
21/07/2020,SULAWESI BARAT,1,0,0,1,167,114,3,50
22/07/2020,SULAWESI BARAT,2,0,0,2,169,114,3,52
23/07/2020,SULAWESI BARAT,2,0,3,-1,171,117,3,51
24/07/2020,SULAWESI BARAT,4,0,0,4,175,117,3,55
25/07/2020,SULAWESI BARAT,12,0,2,10,187,119,3,65
26/07/2020,SULAWESI BARAT,5,0,0,5,192,119,3,70
27/07/2020,SULAWESI BARAT,1,0,0,1,193,119,3,71
28/07/2020,SULAWESI BARAT,2,0,0,2,195,119,3,73
29/07/2020,SULAWESI BARAT,6,0,6,0,201,125,3,73
30/07/2020,SULAWESI BARAT,22,1,7,14,223,132,4,87
31/07/2020,SULAWESI BARAT,7,0,8,-1,230,140,4,86
01/08/2020,SULAWESI BARAT,2,0,0,2,232,140,4,88
02/08/2020,SULAWESI BARAT,6,0,4,2,238,144,4,90
03/08/2020,SULAWESI BARAT,1,1,3,-3,239,147,5,87
04/08/2020,SULAWESI BARAT,3,0,3,0,242,150,5,87
05/08/2020,SULAWESI BARAT,3,0,1,2,245,151,5,89
06/08/2020,SULAWESI BARAT,20,0,0,20,265,151,5,109
07/08/2020,SULAWESI BARAT,2,0,7,-5,267,158,5,104
08/08/2020,SULAWESI BARAT,8,0,7,1,275,165,5,105
09/08/2020,SULAWESI BARAT,0,0,7,-7,275,172,5,98
10/08/2020,SULAWESI BARAT,0,0,0,0,275,172,5,98
11/08/2020,SULAWESI BARAT,7,0,6,1,282,178,5,99
12/08/2020,SULAWESI BARAT,0,1,0,-1,282,178,6,98
13/08/2020,SULAWESI BARAT,5,1,9,-5,287,187,7,93
14/08/2020,SULAWESI BARAT,12,0,4,8,299,191,7,101
15/08/2020,SULAWESI BARAT,7,0,12,-5,306,203,7,96
16/08/2020,SULAWESI BARAT,1,0,8,-7,307,211,7,89
17/08/2020,SULAWESI BARAT,12,0,0,12,319,211,7,101
18/08/2020,SULAWESI BARAT,1,0,6,-5,320,217,7,96
19/08/2020,SULAWESI BARAT,2,0,1,1,322,218,7,97
20/08/2020,SULAWESI BARAT,1,0,9,-8,323,227,7,89
21/08/2020,SULAWESI BARAT,8,0,0,8,331,227,7,97
22/08/2020,SULAWESI BARAT,16,0,3,13,347,230,7,110
23/08/2020,SULAWESI BARAT,5,0,7,-2,352,237,7,108
24/08/2020,SULAWESI BARAT,1,0,0,1,353,237,7,109
25/08/2020,SULAWESI BARAT,7,0,3,4,360,240,7,113
26/08/2020,SULAWESI BARAT,2,0,4,-2,362,244,7,111
27/08/2020,SULAWESI BARAT,6,0,4,2,368,248,7,113
28/08/2020,SULAWESI BARAT,16,0,13,3,384,261,7,116
29/08/2020,SULAWESI BARAT,4,0,2,2,388,263,7,118
30/08/2020,SULAWESI BARAT,5,0,7,-2,393,270,7,116
31/08/2020,SULAWESI BARAT,2,0,0,2,395,270,7,118
01/09/2020,SULAWESI BARAT,1,0,7,-6,396,277,7,112
02/09/2020,SULAWESI BARAT,0,0,1,-1,396,278,7,111
03/09/2020,SULAWESI BARAT,6,0,2,4,402,280,7,115
04/09/2020,SULAWESI BARAT,0,0,3,-3,402,283,7,112
05/09/2020,SULAWESI BARAT,17,0,10,7,419,293,7,119
06/09/2020,SULAWESI BARAT,0,0,6,-6,419,299,7,113
07/09/2020,SULAWESI BARAT,0,0,3,-3,419,302,7,110
08/09/2020,SULAWESI BARAT,16,0,4,12,435,306,7,122
09/09/2020,SULAWESI BARAT,15,0,12,3,450,318,7,125
10/09/2020,SULAWESI BARAT,6,0,8,-2,456,326,7,123
11/09/2020,SULAWESI BARAT,3,0,5,-2,459,331,7,121
12/09/2020,SULAWESI BARAT,3,0,7,-4,462,338,7,117
13/09/2020,SULAWESI BARAT,8,0,3,5,470,341,7,122
14/09/2020,SULAWESI BARAT,1,0,1,0,471,342,7,122
15/09/2020,SULAWESI BARAT,4,0,5,-1,475,347,7,121
16/09/2020,SULAWESI BARAT,2,0,2,0,477,349,7,121
17/09/2020,SULAWESI BARAT,5,0,11,-6,482,360,7,115
18/09/2020,SULAWESI BARAT,2,0,4,-2,484,364,7,113
19/09/2020,SULAWESI BARAT,1,0,5,-4,485,369,7,109
20/09/2020,SULAWESI BARAT,19,0,9,10,504,378,7,119
21/09/2020,SULAWESI BARAT,1,0,0,1,505,378,7,120
22/09/2020,SULAWESI BARAT,25,0,2,23,530,380,7,143
23/09/2020,SULAWESI BARAT,10,0,5,5,540,385,7,148
24/09/2020,SULAWESI BARAT,6,2,10,-6,546,395,9,142
25/09/2020,SULAWESI BARAT,21,2,12,7,567,407,11,149
26/09/2020,SULAWESI BARAT,4,0,1,3,571,408,11,152
27/09/2020,SULAWESI BARAT,46,0,8,38,617,416,11,190
28/09/2020,SULAWESI BARAT,0,0,0,0,617,416,11,190
29/09/2020,SULAWESI BARAT,156,0,1,155,773,417,11,345
30/09/2020,SULAWESI BARAT,21,0,7,14,794,424,11,359
01/10/2020,SULAWESI BARAT,10,0,0,10,804,424,11,369
02/10/2020,SULAWESI BARAT,5,0,4,1,809,428,11,370
03/10/2020,SULAWESI BARAT,11,0,22,-11,820,450,11,359
04/10/2020,SULAWESI BARAT,9,0,15,-6,829,465,11,353
05/10/2020,SULAWESI BARAT,1,0,4,-3,830,469,11,350
06/10/2020,SULAWESI BARAT,12,0,5,7,842,474,11,357
07/10/2020,SULAWESI BARAT,20,0,4,16,862,478,11,373
08/10/2020,SULAWESI BARAT,6,0,6,0,868,484,11,373
09/10/2020,SULAWESI BARAT,10,0,8,2,878,492,11,375
10/10/2020,SULAWESI BARAT,1,0,148,-147,879,640,11,228
11/10/2020,SULAWESI BARAT,15,0,13,2,894,653,11,230
12/10/2020,SULAWESI BARAT,0,0,0,0,894,653,11,230
13/10/2020,SULAWESI BARAT,23,1,7,15,917,660,12,245
14/10/2020,SULAWESI BARAT,15,0,26,-11,932,686,12,234
15/10/2020,SULAWESI BARAT,7,0,7,0,939,693,12,234
16/10/2020,SULAWESI BARAT,5,0,7,-2,944,700,12,232
17/10/2020,SULAWESI BARAT,5,0,4,1,949,704,12,233
18/10/2020,SULAWESI BARAT,3,0,13,-10,952,717,12,223
19/10/2020,SULAWESI BARAT,0,0,0,0,952,717,12,223
20/10/2020,SULAWESI BARAT,15,0,7,8,967,724,12,231
21/10/2020,SULAWESI BARAT,4,0,10,-6,971,734,12,225
22/10/2020,SULAWESI BARAT,0,0,8,-8,971,742,12,217
23/10/2020,SULAWESI BARAT,0,0,2,-2,971,744,12,215
24/10/2020,SULAWESI BARAT,7,0,19,-12,978,763,12,203
25/10/2020,SULAWESI BARAT,9,0,21,-12,987,784,12,191
26/10/2020,SULAWESI BARAT,1,0,0,1,988,784,12,192
27/10/2020,SULAWESI BARAT,9,0,32,-23,997,816,12,169
28/10/2020,SULAWESI BARAT,3,2,0,1,1000,816,14,170
29/10/2020,SULAWESI BARAT,0,0,0,0,1000,816,14,170
30/10/2020,SULAWESI BARAT,27,0,7,20,1027,823,14,190
31/10/2020,SULAWESI BARAT,2,0,3,-1,1029,826,14,189
01/11/2020,SULAWESI BARAT,7,0,14,-7,1036,840,14,182
02/11/2020,SULAWESI BARAT,0,0,1,-1,1036,841,14,181
03/11/2020,SULAWESI BARAT,5,1,0,4,1041,841,15,185
04/11/2020,SULAWESI BARAT,1,0,1,0,1042,842,15,185
05/11/2020,SULAWESI BARAT,10,0,20,-10,1052,862,15,175
06/11/2020,SULAWESI BARAT,12,0,1,11,1064,863,15,186
07/11/2020,SULAWESI BARAT,162,1,10,151,1226,873,16,337
08/11/2020,SULAWESI BARAT,9,0,2,7,1235,875,16,344
09/11/2020,SULAWESI BARAT,35,0,1,34,1270,876,16,378
10/11/2020,SULAWESI BARAT,0,0,2,-2,1270,878,16,376
11/11/2020,SULAWESI BARAT,13,0,2,11,1283,880,16,387
12/11/2020,SULAWESI BARAT,12,1,14,-3,1295,894,17,384
13/11/2020,SULAWESI BARAT,4,0,15,-11,1299,909,17,373
14/11/2020,SULAWESI BARAT,8,0,16,-8,1307,925,17,365
15/11/2020,SULAWESI BARAT,3,0,21,-18,1310,946,17,347
16/11/2020,SULAWESI BARAT,5,0,6,-1,1315,952,17,346
17/11/2020,SULAWESI BARAT,6,0,3,3,1321,955,17,349
18/11/2020,SULAWESI BARAT,2,1,1,0,1323,956,18,349
19/11/2020,SULAWESI BARAT,29,0,11,18,1352,967,18,367
20/11/2020,SULAWESI BARAT,6,1,12,-7,1358,979,19,360
21/11/2020,SULAWESI BARAT,6,1,6,-1,1364,985,20,359
22/11/2020,SULAWESI BARAT,9,0,10,-1,1373,995,20,358
23/11/2020,SULAWESI BARAT,2,0,13,-11,1375,1008,20,347
24/11/2020,SULAWESI BARAT,2,0,1,1,1377,1009,20,348
25/11/2020,SULAWESI BARAT,2,0,216,-214,1379,1225,20,134
26/11/2020,SULAWESI BARAT,25,1,15,9,1404,1240,21,143
27/11/2020,SULAWESI BARAT,22,0,4,18,1426,1244,21,161
28/11/2020,SULAWESI BARAT,30,0,12,18,1456,1256,21,179
29/11/2020,SULAWESI BARAT,7,0,7,0,1463,1263,21,179
30/11/2020,SULAWESI BARAT,7,0,18,-11,1470,1281,21,168
01/12/2020,SULAWESI BARAT,3,0,15,-12,1473,1296,21,156
02/12/2020,SULAWESI BARAT,0,1,5,-6,1473,1301,22,150
03/12/2020,SULAWESI BARAT,2,0,14,-12,1475,1315,22,138
04/12/2020,SULAWESI BARAT,21,0,8,13,1496,1323,22,151
05/12/2020,SULAWESI BARAT,16,2,22,-8,1512,1345,24,143
06/12/2020,SULAWESI BARAT,3,0,3,0,1515,1348,24,143
07/12/2020,SULAWESI BARAT,2,0,4,-2,1517,1352,24,141
08/12/2020,SULAWESI BARAT,9,1,8,0,1526,1360,25,141
09/12/2020,SULAWESI BARAT,8,0,5,3,1534,1365,25,144
10/12/2020,SULAWESI BARAT,7,1,1,5,1541,1366,26,149
11/12/2020,SULAWESI BARAT,3,0,3,0,1544,1369,26,149
12/12/2020,SULAWESI BARAT,10,0,5,5,1554,1374,26,154
13/12/2020,SULAWESI BARAT,29,0,5,24,1583,1379,26,178
14/12/2020,SULAWESI BARAT,3,0,1,2,1586,1380,26,180
15/12/2020,SULAWESI BARAT,21,0,6,15,1607,1386,26,195
16/12/2020,SULAWESI BARAT,10,0,19,-9,1617,1405,26,186
17/12/2020,SULAWESI BARAT,27,0,13,14,1644,1418,26,200
18/12/2020,SULAWESI BARAT,6,0,9,-3,1650,1427,26,197
19/12/2020,SULAWESI BARAT,39,0,1,38,1689,1428,26,235
20/12/2020,SULAWESI BARAT,18,0,22,-4,1707,1450,26,231
21/12/2020,SULAWESI BARAT,10,0,0,10,1717,1450,26,241
22/12/2020,SULAWESI BARAT,12,0,9,3,1729,1459,26,244
23/12/2020,SULAWESI BARAT,30,1,5,24,1759,1464,27,268
24/12/2020,SULAWESI BARAT,63,3,15,45,1822,1479,30,313
25/12/2020,SULAWESI BARAT,7,0,2,5,1829,1481,30,318
26/12/2020,SULAWESI BARAT,15,1,31,-17,1844,1512,31,301
27/12/2020,SULAWESI BARAT,24,1,11,12,1868,1523,32,313
28/12/2020,SULAWESI BARAT,9,1,1,7,1877,1524,33,320
29/12/2020,SULAWESI BARAT,19,1,11,7,1896,1535,34,327
30/12/2020,SULAWESI BARAT,18,0,6,12,1914,1541,34,339
31/12/2020,SULAWESI BARAT,27,0,10,17,1941,1551,34,356
01/01/2021,SULAWESI BARAT,13,2,1,10,1954,1552,36,366
02/01/2021,SULAWESI BARAT,6,0,1,5,1960,1553,36,371
03/01/2021,SULAWESI BARAT,24,0,13,11,1984,1566,36,382
04/01/2021,SULAWESI BARAT,22,2,0,20,2006,1566,38,402
05/01/2021,SULAWESI BARAT,4,1,4,-1,2010,1570,39,401
06/01/2021,SULAWESI BARAT,10,1,9,0,2020,1579,40,401
07/01/2021,SULAWESI BARAT,33,4,21,8,2053,1600,44,409
08/01/2021,SULAWESI BARAT,47,1,19,27,2100,1619,45,436
09/01/2021,SULAWESI BARAT,86,1,11,74,2186,1630,46,510
10/01/2021,SULAWESI BARAT,99,2,23,74,2285,1653,48,584
11/01/2021,SULAWESI BARAT,11,1,11,-1,2296,1664,49,583
12/01/2021,SULAWESI BARAT,72,4,20,48,2368,1684,53,631
13/01/2021,SULAWESI BARAT,18,1,5,12,2386,1689,54,643
14/01/2021,SULAWESI BARAT,143,3,3,137,2529,1692,57,780
15/01/2021,SULAWESI BARAT,2,0,1,1,2531,1693,57,781
16/01/2021,SULAWESI BARAT,0,0,0,0,2531,1693,57,781
17/01/2021,SULAWESI BARAT,0,1,12,-13,2531,1705,58,768
18/01/2021,SULAWESI BARAT,0,0,12,-12,2531,1717,58,756
19/01/2021,SULAWESI BARAT,16,0,0,16,2547,1717,58,772
20/01/2021,SULAWESI BARAT,2,1,17,-16,2549,1734,59,756
21/01/2021,SULAWESI BARAT,241,4,4,233,2790,1738,63,989
22/01/2021,SULAWESI BARAT,104,1,81,22,2894,1819,64,1011
23/01/2021,SULAWESI BARAT,203,2,13,188,3097,1832,66,1199
24/01/2021,SULAWESI BARAT,68,0,29,39,3165,1861,66,1238
25/01/2021,SULAWESI BARAT,47,0,21,26,3212,1882,66,1264
26/01/2021,SULAWESI BARAT,61,2,9,50,3273,1891,68,1314
27/01/2021,SULAWESI BARAT,57,3,15,39,3330,1906,71,1353
28/01/2021,SULAWESI BARAT,108,2,27,79,3438,1933,73,1432
29/01/2021,SULAWESI BARAT,79,1,32,46,3517,1965,74,1478
30/01/2021,SULAWESI BARAT,116,3,26,87,3633,1991,77,1565
31/01/2021,SULAWESI BARAT,99,3,111,-15,3732,2102,80,1550
01/02/2021,SULAWESI BARAT,48,2,32,14,3780,2134,82,1564
02/02/2021,SULAWESI BARAT,113,1,28,84,3893,2162,83,1648
03/02/2021,SULAWESI BARAT,190,0,93,97,4083,2255,83,1745
04/02/2021,SULAWESI BARAT,101,0,20,81,4184,2275,83,1826
05/02/2021,SULAWESI BARAT,48,0,0,48,4232,2275,83,1874
06/02/2021,SULAWESI BARAT,148,1,140,7,4380,2415,84,1881
07/02/2021,SULAWESI BARAT,88,2,59,27,4468,2474,86,1908
08/02/2021,SULAWESI BARAT,31,1,22,8,4499,2496,87,1916
09/02/2021,SULAWESI BARAT,179,0,49,130,4678,2545,87,2046
10/02/2021,SULAWESI BARAT,23,0,34,-11,4701,2579,87,2035
11/02/2021,SULAWESI BARAT,27,1,60,-34,4728,2639,88,2001
12/02/2021,SULAWESI BARAT,39,1,45,-7,4767,2684,89,1994
13/02/2021,SULAWESI BARAT,95,1,102,-8,4862,2786,90,1986
14/02/2021,SULAWESI BARAT,7,2,113,-108,4869,2899,92,1878
15/02/2021,SULAWESI BARAT,14,0,12,2,4883,2911,92,1880
16/02/2021,SULAWESI BARAT,38,1,30,7,4921,2941,93,1887
17/02/2021,SULAWESI BARAT,73,1,36,36,4994,2977,94,1923
18/02/2021,SULAWESI BARAT,31,0,39,-8,5025,3016,94,1915
19/02/2021,SULAWESI BARAT,17,2,328,-313,5042,3344,96,1602
20/02/2021,SULAWESI BARAT,29,2,56,-29,5071,3400,98,1573
21/02/2021,SULAWESI BARAT,14,1,25,-12,5085,3425,99,1561
22/02/2021,SULAWESI BARAT,6,0,26,-20,5091,3451,99,1541
23/02/2021,SULAWESI BARAT,89,0,57,32,5180,3508,99,1573
24/02/2021,SULAWESI BARAT,10,0,49,-39,5190,3557,99,1534
25/02/2021,SULAWESI BARAT,7,2,30,-25,5197,3587,101,1509
26/02/2021,SULAWESI BARAT,17,1,77,-61,5214,3664,102,1448
27/02/2021,SULAWESI BARAT,6,0,43,-37,5220,3707,102,1411
28/02/2021,SULAWESI BARAT,3,1,128,-126,5223,3835,103,1285
01/03/2021,SULAWESI BARAT,11,1,104,-94,5234,3939,104,1191
02/03/2021,SULAWESI BARAT,32,0,99,-67,5266,4038,104,1124
03/03/2021,SULAWESI BARAT,2,1,51,-50,5268,4089,105,1074
04/03/2021,SULAWESI BARAT,3,1,43,-41,5271,4132,106,1033
05/03/2021,SULAWESI BARAT,14,0,52,-38,5285,4184,106,995
06/03/2021,SULAWESI BARAT,4,2,87,-85,5289,4271,108,910
07/03/2021,SULAWESI BARAT,7,1,31,-25,5296,4302,109,885
08/03/2021,SULAWESI BARAT,3,0,24,-21,5299,4326,109,864
09/03/2021,SULAWESI BARAT,6,0,10,-4,5305,4336,109,860
10/03/2021,SULAWESI BARAT,0,0,28,-28,5305,4364,109,832
11/03/2021,SULAWESI BARAT,8,0,8,0,5313,4372,109,832
12/03/2021,SULAWESI BARAT,4,0,71,-67,5317,4443,109,765
13/03/2021,SULAWESI BARAT,9,1,91,-83,5326,4534,110,682
14/03/2021,SULAWESI BARAT,3,0,43,-40,5329,4577,110,642
15/03/2021,SULAWESI BARAT,3,0,7,-4,5332,4584,110,638
16/03/2021,SULAWESI BARAT,2,0,75,-73,5334,4659,110,565
17/03/2021,SULAWESI BARAT,3,0,23,-20,5337,4682,110,545
18/03/2021,SULAWESI BARAT,1,0,17,-16,5338,4699,110,529
19/03/2021,SULAWESI BARAT,14,0,31,-17,5352,4730,110,512
20/03/2021,SULAWESI BARAT,0,0,81,-81,5352,4811,110,431
21/03/2021,SULAWESI BARAT,3,0,51,-48,5355,4862,110,383
22/03/2021,SULAWESI BARAT,2,0,71,-69,5357,4933,110,314
23/03/2021,SULAWESI BARAT,0,0,42,-42,5357,4975,110,272
24/03/2021,SULAWESI BARAT,1,2,5,-6,5358,4980,112,266
25/03/2021,SULAWESI BARAT,1,0,25,-24,5359,5005,112,242
26/03/2021,SULAWESI BARAT,0,0,46,-46,5359,5051,112,196
27/03/2021,SULAWESI BARAT,1,0,7,-6,5360,5058,112,190
28/03/2021,SULAWESI BARAT,3,0,2,1,5363,5060,112,191
29/03/2021,SULAWESI BARAT,1,0,49,-48,5364,5109,112,143
30/03/2021,SULAWESI BARAT,0,0,7,-7,5364,5116,112,136
31/03/2021,SULAWESI BARAT,1,1,3,-3,5365,5119,113,133
01/04/2021,SULAWESI BARAT,1,0,4,-3,5366,5123,113,130
02/04/2021,SULAWESI BARAT,3,0,4,-1,5369,5127,113,129
03/04/2021,SULAWESI BARAT,1,0,0,1,5370,5127,113,130
04/04/2021,SULAWESI BARAT,3,0,0,3,5373,5127,113,133
05/04/2021,SULAWESI BARAT,0,0,9,-9,5373,5136,113,124
06/04/2021,SULAWESI BARAT,1,1,11,-11,5374,5147,114,113
07/04/2021,SULAWESI BARAT,1,0,29,-28,5375,5176,114,85
08/04/2021,SULAWESI BARAT,3,0,29,-26,5378,5205,114,59
09/04/2021,SULAWESI BARAT,6,0,6,0,5384,5211,114,59
10/04/2021,SULAWESI BARAT,3,0,0,3,5387,5211,114,62
11/04/2021,SULAWESI BARAT,0,0,1,-1,5387,5212,114,61
12/04/2021,SULAWESI BARAT,3,1,1,1,5390,5213,115,62
13/04/2021,SULAWESI BARAT,6,0,2,4,5396,5215,115,66
14/04/2021,SULAWESI BARAT,1,1,0,0,5397,5215,116,66
15/04/2021,SULAWESI BARAT,1,0,1,0,5398,5216,116,66
16/04/2021,SULAWESI BARAT,4,1,5,-2,5402,5221,117,64
17/04/2021,SULAWESI BARAT,1,0,1,0,5403,5222,117,64
18/04/2021,SULAWESI BARAT,1,0,4,-3,5404,5226,117,61
20/03/2020,JAMBI,1,0,0,1,1,0,0,1
21/03/2020,JAMBI,0,0,0,0,1,0,0,1
22/03/2020,JAMBI,0,0,0,0,1,0,0,1
23/03/2020,JAMBI,0,0,0,0,1,0,0,1
24/03/2020,JAMBI,0,0,0,0,1,0,0,1
25/03/2020,JAMBI,0,0,0,0,1,0,0,1
26/03/2020,JAMBI,0,0,0,0,1,0,0,1
27/03/2020,JAMBI,0,0,0,0,1,0,0,1
28/03/2020,JAMBI,0,0,0,0,1,0,0,1
29/03/2020,JAMBI,0,0,0,0,1,0,0,1
30/03/2020,JAMBI,1,0,0,1,2,0,0,2
31/03/2020,JAMBI,0,0,0,0,2,0,0,2
01/04/2020,JAMBI,0,0,0,0,2,0,0,2
02/04/2020,JAMBI,0,0,0,0,2,0,0,2
03/04/2020,JAMBI,0,0,0,0,2,0,0,2
04/04/2020,JAMBI,0,0,0,0,2,0,0,2
05/04/2020,JAMBI,0,0,0,0,2,0,0,2
06/04/2020,JAMBI,0,0,0,0,2,0,0,2
07/04/2020,JAMBI,0,0,0,0,2,0,0,2
08/04/2020,JAMBI,0,0,0,0,2,0,0,2
09/04/2020,JAMBI,0,0,0,0,2,0,0,2
10/04/2020,JAMBI,0,0,0,0,2,0,0,2
11/04/2020,JAMBI,2,0,0,2,4,0,0,4
12/04/2020,JAMBI,0,0,0,0,4,0,0,4
13/04/2020,JAMBI,0,0,0,0,4,0,0,4
14/04/2020,JAMBI,1,0,0,1,5,0,0,5
15/04/2020,JAMBI,1,0,0,1,6,0,0,6
16/04/2020,JAMBI,1,0,0,1,7,0,0,7
17/04/2020,JAMBI,1,0,0,1,8,0,0,8
18/04/2020,JAMBI,0,0,1,-1,8,1,0,7
19/04/2020,JAMBI,0,0,0,0,8,1,0,7
20/04/2020,JAMBI,0,0,0,0,8,1,0,7
21/04/2020,JAMBI,5,0,0,5,13,1,0,12
22/04/2020,JAMBI,0,0,0,0,13,1,0,12
23/04/2020,JAMBI,1,0,0,1,14,1,0,13
24/04/2020,JAMBI,4,0,0,4,18,1,0,17
25/04/2020,JAMBI,3,0,0,3,21,1,0,20
26/04/2020,JAMBI,11,0,0,11,32,1,0,31
27/04/2020,JAMBI,0,0,0,0,32,1,0,31
28/04/2020,JAMBI,0,0,0,0,32,1,0,31
29/04/2020,JAMBI,0,0,0,0,32,1,0,31
30/04/2020,JAMBI,0,0,0,0,32,1,0,31
01/05/2020,JAMBI,0,0,0,0,32,1,0,31
02/05/2020,JAMBI,0,0,0,0,32,1,0,31
03/05/2020,JAMBI,6,0,0,6,38,1,0,37
04/05/2020,JAMBI,0,0,0,0,38,1,0,37
05/05/2020,JAMBI,5,0,0,5,43,1,0,42
06/05/2020,JAMBI,4,0,0,4,47,1,0,46
07/05/2020,JAMBI,0,0,0,0,47,1,0,46
08/05/2020,JAMBI,0,0,0,0,47,1,0,46
09/05/2020,JAMBI,15,0,2,13,62,3,0,59
10/05/2020,JAMBI,2,0,0,2,64,3,0,61
11/05/2020,JAMBI,1,0,0,1,65,3,0,62
12/05/2020,JAMBI,0,0,0,0,65,3,0,62
13/05/2020,JAMBI,0,0,0,0,65,3,0,62
14/05/2020,JAMBI,1,0,0,1,66,3,0,63
15/05/2020,JAMBI,3,0,0,3,69,3,0,66
16/05/2020,JAMBI,10,0,1,9,79,4,0,75
17/05/2020,JAMBI,1,0,0,1,80,4,0,76
18/05/2020,JAMBI,1,0,0,1,81,4,0,77
19/05/2020,JAMBI,3,0,0,3,84,4,0,80
20/05/2020,JAMBI,5,0,2,3,89,6,0,83
21/05/2020,JAMBI,0,0,2,-2,89,8,0,81
22/05/2020,JAMBI,2,0,0,2,91,8,0,83
23/05/2020,JAMBI,0,0,5,-5,91,13,0,78
24/05/2020,JAMBI,4,0,2,2,95,15,0,80
25/05/2020,JAMBI,2,0,0,2,97,15,0,82
26/05/2020,JAMBI,0,0,0,0,97,15,0,82
27/05/2020,JAMBI,0,0,0,0,97,15,0,82
28/05/2020,JAMBI,0,0,0,0,97,15,0,82
29/05/2020,JAMBI,0,0,0,0,97,15,0,82
30/05/2020,JAMBI,0,0,0,0,97,15,0,82
31/05/2020,JAMBI,0,0,0,0,97,15,0,82
01/06/2020,JAMBI,0,0,5,-5,97,20,0,77
02/06/2020,JAMBI,0,0,0,0,97,20,0,77
03/06/2020,JAMBI,0,0,7,-7,97,27,0,70
04/06/2020,JAMBI,2,0,0,2,99,27,0,72
05/06/2020,JAMBI,2,0,0,2,101,27,0,74
06/06/2020,JAMBI,2,0,0,2,103,27,0,76
07/06/2020,JAMBI,0,0,0,0,103,27,0,76
08/06/2020,JAMBI,0,0,0,0,103,27,0,76
09/06/2020,JAMBI,0,0,0,0,103,27,0,76
10/06/2020,JAMBI,2,0,0,2,105,27,0,78
11/06/2020,JAMBI,0,0,0,0,105,27,0,78
12/06/2020,JAMBI,1,0,0,1,106,27,0,79
13/06/2020,JAMBI,2,0,10,-8,108,37,0,71
14/06/2020,JAMBI,0,0,0,0,108,37,0,71
15/06/2020,JAMBI,0,0,0,0,108,37,0,71
16/06/2020,JAMBI,0,0,8,-8,108,45,0,63
17/06/2020,JAMBI,1,0,0,1,109,45,0,64
18/06/2020,JAMBI,0,0,0,0,109,45,0,64
19/06/2020,JAMBI,3,0,1,2,112,46,0,66
20/06/2020,JAMBI,0,0,0,0,112,46,0,66
21/06/2020,JAMBI,0,0,0,0,112,46,0,66
22/06/2020,JAMBI,0,0,0,0,112,46,0,66
23/06/2020,JAMBI,2,0,20,-18,114,66,0,48
24/06/2020,JAMBI,0,0,0,0,114,66,0,48
25/06/2020,JAMBI,0,0,0,0,114,66,0,48
26/06/2020,JAMBI,0,0,0,0,114,66,0,48
27/06/2020,JAMBI,3,0,3,0,117,69,0,48
28/06/2020,JAMBI,0,0,0,0,117,69,0,48
29/06/2020,JAMBI,0,0,0,0,117,69,0,48
30/06/2020,JAMBI,0,0,0,0,117,69,0,48
01/07/2020,JAMBI,0,0,8,-8,117,77,0,40
02/07/2020,JAMBI,0,0,0,0,117,77,0,40
03/07/2020,JAMBI,0,0,0,0,117,77,0,40
04/07/2020,JAMBI,0,0,0,0,117,77,0,40
05/07/2020,JAMBI,3,1,4,-2,120,81,1,38
06/07/2020,JAMBI,0,0,0,0,120,81,1,38
07/07/2020,JAMBI,1,0,0,1,121,81,1,39
08/07/2020,JAMBI,0,0,0,0,121,81,1,39
09/07/2020,JAMBI,1,0,0,1,122,81,1,40
10/07/2020,JAMBI,0,0,3,-3,122,84,1,37
11/07/2020,JAMBI,0,0,0,0,122,84,1,37
12/07/2020,JAMBI,0,0,9,-9,122,93,1,28
13/07/2020,JAMBI,0,1,0,-1,122,93,2,27
14/07/2020,JAMBI,2,0,0,2,124,93,2,29
15/07/2020,JAMBI,1,0,2,-1,125,95,2,28
16/07/2020,JAMBI,0,0,0,0,125,95,2,28
17/07/2020,JAMBI,1,0,3,-2,126,98,2,26
18/07/2020,JAMBI,6,0,3,3,132,101,2,29
19/07/2020,JAMBI,0,0,3,-3,132,104,2,26
20/07/2020,JAMBI,0,0,0,0,132,104,2,26
21/07/2020,JAMBI,2,0,0,2,134,104,2,28
22/07/2020,JAMBI,2,0,3,-1,136,107,2,27
23/07/2020,JAMBI,0,0,3,-3,136,110,2,24
24/07/2020,JAMBI,2,0,1,1,138,111,2,25
25/07/2020,JAMBI,1,0,1,0,139,112,2,25
26/07/2020,JAMBI,0,0,0,0,139,112,2,25
27/07/2020,JAMBI,0,0,0,0,139,112,2,25
28/07/2020,JAMBI,0,0,1,-1,139,113,2,24
29/07/2020,JAMBI,15,2,2,11,154,115,4,35
30/07/2020,JAMBI,2,0,0,2,156,115,4,37
31/07/2020,JAMBI,6,0,0,6,162,115,4,43
01/08/2020,JAMBI,6,0,0,6,168,115,4,49
02/08/2020,JAMBI,1,0,0,1,169,115,4,50
03/08/2020,JAMBI,0,0,0,0,169,115,4,50
04/08/2020,JAMBI,19,0,1,18,188,116,4,68
05/08/2020,JAMBI,5,0,0,5,193,116,4,73
06/08/2020,JAMBI,0,0,0,0,193,116,4,73
07/08/2020,JAMBI,12,0,1,11,205,117,4,84
08/08/2020,JAMBI,5,0,0,5,210,117,4,89
09/08/2020,JAMBI,0,0,1,-1,210,118,4,88
10/08/2020,JAMBI,0,0,0,0,210,118,4,88
11/08/2020,JAMBI,0,0,0,0,210,118,4,88
12/08/2020,JAMBI,5,0,1,4,215,119,4,92
13/08/2020,JAMBI,0,0,0,0,215,119,4,92
14/08/2020,JAMBI,7,0,1,6,222,120,4,98
15/08/2020,JAMBI,3,0,1,2,225,121,4,100
16/08/2020,JAMBI,0,0,0,0,225,121,4,100
17/08/2020,JAMBI,20,0,1,19,245,122,4,119
18/08/2020,JAMBI,0,0,0,0,245,122,4,119
19/08/2020,JAMBI,5,0,4,1,250,126,4,120
20/08/2020,JAMBI,0,0,0,0,250,126,4,120
21/08/2020,JAMBI,21,1,4,16,271,130,5,136
22/08/2020,JAMBI,3,0,1,2,274,131,5,138
23/08/2020,JAMBI,0,0,0,0,274,131,5,138
24/08/2020,JAMBI,0,0,0,0,274,131,5,138
25/08/2020,JAMBI,7,0,2,5,281,133,5,143
26/08/2020,JAMBI,8,0,4,4,289,137,5,147
27/08/2020,JAMBI,7,0,0,7,296,137,5,154
28/08/2020,JAMBI,6,0,6,0,302,143,5,154
29/08/2020,JAMBI,0,0,6,-6,302,149,5,148
30/08/2020,JAMBI,0,0,0,0,302,149,5,148
31/08/2020,JAMBI,0,0,7,-7,302,156,5,141
01/09/2020,JAMBI,0,0,0,0,302,156,5,141
02/09/2020,JAMBI,1,0,0,1,303,156,5,142
03/09/2020,JAMBI,0,0,1,-1,303,157,5,141
04/09/2020,JAMBI,1,0,13,-12,304,170,5,129
05/09/2020,JAMBI,0,0,11,-11,304,181,5,118
06/09/2020,JAMBI,0,0,0,0,304,181,5,118
07/09/2020,JAMBI,0,0,0,0,304,181,5,118
08/09/2020,JAMBI,0,0,0,0,304,181,5,118
09/09/2020,JAMBI,4,0,6,-2,308,187,5,116
10/09/2020,JAMBI,1,1,25,-25,309,212,6,91
11/09/2020,JAMBI,5,1,10,-6,314,222,7,85
12/09/2020,JAMBI,5,0,7,-2,319,229,7,83
13/09/2020,JAMBI,2,0,4,-2,321,233,7,81
14/09/2020,JAMBI,0,0,0,0,321,233,7,81
15/09/2020,JAMBI,10,0,0,10,331,233,7,91
16/09/2020,JAMBI,14,0,8,6,345,241,7,97
17/09/2020,JAMBI,6,1,8,-3,351,249,8,94
18/09/2020,JAMBI,7,0,3,4,358,252,8,98
19/09/2020,JAMBI,14,0,2,12,372,254,8,110
20/09/2020,JAMBI,14,0,1,13,386,255,8,123
21/09/2020,JAMBI,0,0,1,-1,386,256,8,122
22/09/2020,JAMBI,0,0,0,0,386,256,8,122
23/09/2020,JAMBI,9,0,4,5,395,260,8,127
24/09/2020,JAMBI,4,0,2,2,399,262,8,129
25/09/2020,JAMBI,10,0,1,9,409,263,8,138
26/09/2020,JAMBI,16,1,0,15,425,263,9,153
27/09/2020,JAMBI,21,0,2,19,446,265,9,172
28/09/2020,JAMBI,21,0,0,21,467,265,9,193
29/09/2020,JAMBI,23,2,0,21,490,265,11,214
30/09/2020,JAMBI,23,0,0,23,513,265,11,237
01/10/2020,JAMBI,21,0,3,18,534,268,11,255
02/10/2020,JAMBI,24,3,5,16,558,273,14,271
03/10/2020,JAMBI,13,0,3,10,571,276,14,281
04/10/2020,JAMBI,22,0,5,17,593,281,14,298
05/10/2020,JAMBI,25,0,5,20,618,286,14,318
06/10/2020,JAMBI,29,0,7,22,647,293,14,340
07/10/2020,JAMBI,23,0,10,13,670,303,14,353
08/10/2020,JAMBI,46,0,1,45,716,304,14,398
09/10/2020,JAMBI,45,2,5,38,761,309,16,436
10/10/2020,JAMBI,30,0,1,29,791,310,16,465
11/10/2020,JAMBI,21,2,6,13,812,316,18,478
12/10/2020,JAMBI,13,0,0,13,825,316,18,491
13/10/2020,JAMBI,38,0,2,36,863,318,18,527
14/10/2020,JAMBI,30,0,0,30,893,318,18,557
15/10/2020,JAMBI,23,0,3,20,916,321,18,577
16/10/2020,JAMBI,26,0,20,6,942,341,18,583
17/10/2020,JAMBI,26,0,27,-1,968,368,18,582
18/10/2020,JAMBI,14,0,0,14,982,368,18,596
19/10/2020,JAMBI,6,1,3,2,988,371,19,598
20/10/2020,JAMBI,39,2,9,28,1027,380,21,626
21/10/2020,JAMBI,22,0,0,22,1049,380,21,648
22/10/2020,JAMBI,19,0,39,-20,1068,419,21,628
23/10/2020,JAMBI,24,0,6,18,1092,425,21,646
24/10/2020,JAMBI,26,0,22,4,1118,447,21,650
25/10/2020,JAMBI,22,0,54,-32,1140,501,21,618
26/10/2020,JAMBI,9,1,19,-11,1149,520,22,607
27/10/2020,JAMBI,7,1,22,-16,1156,542,23,591
28/10/2020,JAMBI,32,1,32,-1,1188,574,24,590
29/10/2020,JAMBI,31,0,19,12,1219,593,24,602
30/10/2020,JAMBI,11,0,14,-3,1230,607,24,599
31/10/2020,JAMBI,0,0,12,-12,1230,619,24,587
01/11/2020,JAMBI,0,0,0,0,1230,619,24,587
02/11/2020,JAMBI,0,0,0,0,1230,619,24,587
03/11/2020,JAMBI,7,0,29,-22,1237,648,24,565
04/11/2020,JAMBI,5,0,7,-2,1242,655,24,563
05/11/2020,JAMBI,10,0,22,-12,1252,677,24,551
06/11/2020,JAMBI,15,0,17,-2,1267,694,24,549
07/11/2020,JAMBI,18,0,20,-2,1285,714,24,547
08/11/2020,JAMBI,41,0,30,11,1326,744,24,558
09/11/2020,JAMBI,36,0,35,1,1362,779,24,559
10/11/2020,JAMBI,11,0,50,-39,1373,829,24,520
11/11/2020,JAMBI,11,1,31,-21,1384,860,25,499
12/11/2020,JAMBI,15,2,31,-18,1399,891,27,481
13/11/2020,JAMBI,20,1,20,-1,1419,911,28,480
14/11/2020,JAMBI,19,2,20,-3,1438,931,30,477
15/11/2020,JAMBI,16,0,43,-27,1454,974,30,450
16/11/2020,JAMBI,0,0,11,-11,1454,985,30,439
17/11/2020,JAMBI,10,2,7,1,1464,992,32,440
18/11/2020,JAMBI,27,0,37,-10,1491,1029,32,430
19/11/2020,JAMBI,40,1,45,-6,1531,1074,33,424
20/11/2020,JAMBI,45,0,40,5,1576,1114,33,429
21/11/2020,JAMBI,44,1,32,11,1620,1146,34,440
22/11/2020,JAMBI,29,1,0,28,1649,1146,35,468
23/11/2020,JAMBI,0,0,28,-28,1649,1174,35,440
24/11/2020,JAMBI,41,1,8,32,1690,1182,36,472
25/11/2020,JAMBI,45,0,45,0,1735,1227,36,472
26/11/2020,JAMBI,39,0,4,35,1774,1231,36,507
27/11/2020,JAMBI,46,1,39,6,1820,1270,37,513
28/11/2020,JAMBI,47,0,5,42,1867,1275,37,555
29/11/2020,JAMBI,46,0,33,13,1913,1308,37,568
30/11/2020,JAMBI,30,0,22,8,1943,1330,37,576
01/12/2020,JAMBI,50,0,47,3,1993,1377,37,579
02/12/2020,JAMBI,81,0,44,37,2074,1421,37,616
03/12/2020,JAMBI,94,2,20,72,2168,1441,39,688
04/12/2020,JAMBI,55,0,0,55,2223,1441,39,743
05/12/2020,JAMBI,113,0,23,90,2336,1464,39,833
06/12/2020,JAMBI,19,2,1,16,2355,1465,41,849
07/12/2020,JAMBI,0,0,13,-13,2355,1478,41,836
08/12/2020,JAMBI,77,1,15,61,2432,1493,42,897
09/12/2020,JAMBI,70,0,5,65,2502,1498,42,962
10/12/2020,JAMBI,32,0,0,32,2534,1498,42,994
11/12/2020,JAMBI,39,3,6,30,2573,1504,45,1024
12/12/2020,JAMBI,63,0,30,33,2636,1534,45,1057
13/12/2020,JAMBI,66,2,25,39,2702,1559,47,1096
14/12/2020,JAMBI,0,0,0,0,2702,1559,47,1096
15/12/2020,JAMBI,50,0,62,-12,2752,1621,47,1084
16/12/2020,JAMBI,23,0,39,-16,2775,1660,47,1068
17/12/2020,JAMBI,72,0,90,-18,2847,1750,47,1050
18/12/2020,JAMBI,20,1,69,-50,2867,1819,48,1000
19/12/2020,JAMBI,34,0,39,-5,2901,1858,48,995
20/12/2020,JAMBI,35,0,9,26,2936,1867,48,1021
21/12/2020,JAMBI,19,1,48,-30,2955,1915,49,991
22/12/2020,JAMBI,36,0,63,-27,2991,1978,49,964
23/12/2020,JAMBI,39,2,12,25,3030,1990,51,989
24/12/2020,JAMBI,38,0,56,-18,3068,2046,51,971
25/12/2020,JAMBI,28,0,41,-13,3096,2087,51,958
26/12/2020,JAMBI,0,1,47,-48,3096,2134,52,910
27/12/2020,JAMBI,20,0,25,-5,3116,2159,52,905
28/12/2020,JAMBI,11,0,35,-24,3127,2194,52,881
29/12/2020,JAMBI,30,2,16,12,3157,2210,54,893
30/12/2020,JAMBI,35,0,58,-23,3192,2268,54,870
31/12/2020,JAMBI,35,1,50,-16,3227,2318,55,854
01/01/2021,JAMBI,36,0,34,2,3263,2352,55,856
02/01/2021,JAMBI,33,1,29,3,3296,2381,56,859
03/01/2021,JAMBI,26,1,1,24,3322,2382,57,883
04/01/2021,JAMBI,14,0,15,-1,3336,2397,57,882
05/01/2021,JAMBI,20,0,43,-23,3356,2440,57,859
06/01/2021,JAMBI,41,0,29,12,3397,2469,57,871
07/01/2021,JAMBI,57,0,48,9,3454,2517,57,880
08/01/2021,JAMBI,72,0,33,39,3526,2550,57,919
09/01/2021,JAMBI,44,0,42,2,3570,2592,57,921
10/01/2021,JAMBI,31,1,17,13,3601,2609,58,934
11/01/2021,JAMBI,14,0,10,4,3615,2619,58,938
12/01/2021,JAMBI,34,0,12,22,3649,2631,58,960
13/01/2021,JAMBI,78,1,17,60,3727,2648,59,1020
14/01/2021,JAMBI,80,0,1,79,3807,2649,59,1099
15/01/2021,JAMBI,51,0,39,12,3858,2688,59,1111
16/01/2021,JAMBI,36,2,3,31,3894,2691,61,1142
17/01/2021,JAMBI,52,0,60,-8,3946,2751,61,1134
18/01/2021,JAMBI,29,0,4,25,3975,2755,61,1159
19/01/2021,JAMBI,49,0,5,44,4024,2760,61,1203
20/01/2021,JAMBI,32,0,35,-3,4056,2795,61,1200
21/01/2021,JAMBI,71,0,18,53,4127,2813,61,1253
22/01/2021,JAMBI,62,1,49,12,4189,2862,62,1265
23/01/2021,JAMBI,36,0,12,24,4225,2874,62,1289
24/01/2021,JAMBI,38,0,64,-26,4263,2938,62,1263
25/01/2021,JAMBI,26,0,7,19,4289,2945,62,1282
26/01/2021,JAMBI,39,0,33,6,4328,2978,62,1288
27/01/2021,JAMBI,60,1,67,-8,4388,3045,63,1280
28/01/2021,JAMBI,65,0,46,19,4453,3091,63,1299
29/01/2021,JAMBI,46,0,51,-5,4499,3142,63,1294
30/01/2021,JAMBI,44,0,30,14,4543,3172,63,1308
31/01/2021,JAMBI,37,1,36,0,4580,3208,64,1308
01/02/2021,JAMBI,0,0,0,0,4580,3208,64,1308
02/02/2021,JAMBI,53,0,26,27,4633,3234,64,1335
03/02/2021,JAMBI,60,0,6,54,4693,3240,64,1389
04/02/2021,JAMBI,48,0,15,33,4741,3255,64,1422
05/02/2021,JAMBI,56,4,130,-78,4797,3385,68,1344
06/02/2021,JAMBI,37,0,71,-34,4834,3456,68,1310
07/02/2021,JAMBI,25,0,32,-7,4859,3488,68,1303
08/02/2021,JAMBI,2,0,11,-9,4861,3499,68,1294
09/02/2021,JAMBI,22,0,21,1,4883,3520,68,1295
10/02/2021,JAMBI,45,0,80,-35,4928,3600,68,1260
11/02/2021,JAMBI,33,0,41,-8,4961,3641,68,1252
12/02/2021,JAMBI,30,0,21,9,4991,3662,68,1261
13/02/2021,JAMBI,33,0,3,30,5024,3665,68,1291
14/02/2021,JAMBI,34,0,22,12,5058,3687,68,1303
15/02/2021,JAMBI,9,0,16,-7,5067,3703,68,1296
16/02/2021,JAMBI,24,0,0,24,5091,3703,68,1320
17/02/2021,JAMBI,22,0,3,19,5113,3706,68,1339
18/02/2021,JAMBI,55,2,50,3,5168,3756,70,1342
19/02/2021,JAMBI,10,0,27,-17,5178,3783,70,1325
20/02/2021,JAMBI,20,0,38,-18,5198,3821,70,1307
21/02/2021,JAMBI,21,1,24,-4,5219,3845,71,1303
22/02/2021,JAMBI,20,0,21,-1,5239,3866,71,1302
23/02/2021,JAMBI,26,0,22,4,5265,3888,71,1306
24/02/2021,JAMBI,56,0,48,8,5321,3936,71,1314
25/02/2021,JAMBI,28,1,39,-12,5349,3975,72,1302
26/02/2021,JAMBI,24,1,39,-16,5373,4014,73,1286
27/02/2021,JAMBI,83,0,40,43,5456,4054,73,1329
28/02/2021,JAMBI,32,0,35,-3,5488,4089,73,1326
01/03/2021,JAMBI,1,0,43,-42,5489,4132,73,1284
02/03/2021,JAMBI,45,0,0,45,5534,4132,73,1329
03/03/2021,JAMBI,9,0,62,-53,5543,4194,73,1276
04/03/2021,JAMBI,44,0,21,23,5587,4215,73,1299
05/03/2021,JAMBI,7,2,23,-18,5594,4238,75,1281
06/03/2021,JAMBI,17,0,45,-28,5611,4283,75,1253
07/03/2021,JAMBI,20,1,15,4,5631,4298,76,1257
08/03/2021,JAMBI,6,0,9,-3,5637,4307,76,1254
09/03/2021,JAMBI,20,1,42,-23,5657,4349,77,1231
10/03/2021,JAMBI,18,0,48,-30,5675,4397,77,1201
11/03/2021,JAMBI,9,0,13,-4,5684,4410,77,1197
12/03/2021,JAMBI,29,0,2,27,5713,4412,77,1224
13/03/2021,JAMBI,21,1,45,-25,5734,4457,78,1199
14/03/2021,JAMBI,0,0,23,-23,5734,4480,78,1176
15/03/2021,JAMBI,5,0,32,-27,5739,4512,78,1149
16/03/2021,JAMBI,36,0,54,-18,5775,4566,78,1131
17/03/2021,JAMBI,25,0,10,15,5800,4576,78,1146
18/03/2021,JAMBI,35,2,85,-52,5835,4661,80,1094
19/03/2021,JAMBI,32,2,88,-58,5867,4749,82,1036
20/03/2021,JAMBI,25,6,76,-57,5892,4825,88,979
21/03/2021,JAMBI,22,0,16,6,5914,4841,88,985
22/03/2021,JAMBI,14,0,31,-17,5928,4872,88,968
23/03/2021,JAMBI,19,0,27,-8,5947,4899,88,960
24/03/2021,JAMBI,24,0,10,14,5971,4909,88,974
25/03/2021,JAMBI,48,0,2,46,6019,4911,88,1020
26/03/2021,JAMBI,15,2,10,3,6034,4921,90,1023
27/03/2021,JAMBI,45,1,27,17,6079,4948,91,1040
28/03/2021,JAMBI,53,0,12,41,6132,4960,91,1081
29/03/2021,JAMBI,46,2,33,11,6178,4993,93,1092
30/03/2021,JAMBI,20,0,15,5,6198,5008,93,1097
31/03/2021,JAMBI,27,0,77,-50,6225,5085,93,1047
01/04/2021,JAMBI,62,0,16,46,6287,5101,93,1093
02/04/2021,JAMBI,42,0,10,32,6329,5111,93,1125
03/04/2021,JAMBI,32,1,26,5,6361,5137,94,1130
04/04/2021,JAMBI,23,0,17,6,6384,5154,94,1136
05/04/2021,JAMBI,21,0,15,6,6405,5169,94,1142
06/04/2021,JAMBI,60,0,36,24,6465,5205,94,1166
07/04/2021,JAMBI,47,1,26,20,6512,5231,95,1186
08/04/2021,JAMBI,50,0,27,23,6562,5258,95,1209
09/04/2021,JAMBI,50,0,28,22,6612,5286,95,1231
10/04/2021,JAMBI,8,0,42,-34,6620,5328,95,1197
11/04/2021,JAMBI,20,1,9,10,6640,5337,96,1207
12/04/2021,JAMBI,5,0,8,-3,6645,5345,96,1204
13/04/2021,JAMBI,40,0,54,-14,6685,5399,96,1190
14/04/2021,JAMBI,51,0,32,19,6736,5431,96,1209
15/04/2021,JAMBI,49,0,70,-21,6785,5501,96,1188
16/04/2021,JAMBI,53,0,45,8,6838,5546,96,1196
17/04/2021,JAMBI,68,2,43,23,6906,5589,98,1219
18/04/2021,JAMBI,48,0,25,23,6954,5614,98,1242
23/03/2020,MALUKU UTARA,1,0,0,1,1,0,0,1
24/03/2020,MALUKU UTARA,0,0,0,0,1,0,0,1
25/03/2020,MALUKU UTARA,0,0,0,0,1,0,0,1
26/03/2020,MALUKU UTARA,0,0,0,0,1,0,0,1
27/03/2020,MALUKU UTARA,0,0,0,0,1,0,0,1
28/03/2020,MALUKU UTARA,0,0,0,0,1,0,0,1
29/03/2020,MALUKU UTARA,0,0,0,0,1,0,0,1
30/03/2020,MALUKU UTARA,0,0,0,0,1,0,0,1
31/03/2020,MALUKU UTARA,0,0,0,0,1,0,0,1
01/04/2020,MALUKU UTARA,0,0,0,0,1,0,0,1
02/04/2020,MALUKU UTARA,0,0,0,0,1,0,0,1
03/04/2020,MALUKU UTARA,0,0,0,0,1,0,0,1
04/04/2020,MALUKU UTARA,0,0,0,0,1,0,0,1
05/04/2020,MALUKU UTARA,0,0,0,0,1,0,0,1
06/04/2020,MALUKU UTARA,0,0,0,0,1,0,0,1
07/04/2020,MALUKU UTARA,0,0,0,0,1,0,0,1
08/04/2020,MALUKU UTARA,1,0,0,1,2,0,0,2
09/04/2020,MALUKU UTARA,0,0,1,-1,2,1,0,1
10/04/2020,MALUKU UTARA,0,0,0,0,2,1,0,1
11/04/2020,MALUKU UTARA,0,0,0,0,2,1,0,1
12/04/2020,MALUKU UTARA,0,0,0,0,2,1,0,1
13/04/2020,MALUKU UTARA,0,0,0,0,2,1,0,1
14/04/2020,MALUKU UTARA,0,0,0,0,2,1,0,1
15/04/2020,MALUKU UTARA,2,0,1,1,4,2,0,2
16/04/2020,MALUKU UTARA,0,0,0,0,4,2,0,2
17/04/2020,MALUKU UTARA,0,0,0,0,4,2,0,2
18/04/2020,MALUKU UTARA,0,0,0,0,4,2,0,2
19/04/2020,MALUKU UTARA,0,0,0,0,4,2,0,2
20/04/2020,MALUKU UTARA,0,0,0,0,4,2,0,2
21/04/2020,MALUKU UTARA,0,0,0,0,4,2,0,2
22/04/2020,MALUKU UTARA,8,0,0,8,12,2,0,10
23/04/2020,MALUKU UTARA,2,0,0,2,14,2,0,12
24/04/2020,MALUKU UTARA,0,0,0,0,14,2,0,12
25/04/2020,MALUKU UTARA,0,0,1,-1,14,3,0,11
26/04/2020,MALUKU UTARA,12,0,0,12,26,3,0,23
27/04/2020,MALUKU UTARA,0,0,0,0,26,3,0,23
28/04/2020,MALUKU UTARA,0,0,1,-1,26,4,0,22
29/04/2020,MALUKU UTARA,0,0,0,0,26,4,0,22
30/04/2020,MALUKU UTARA,14,0,0,14,40,4,0,36
01/05/2020,MALUKU UTARA,1,0,0,1,41,4,0,37
02/05/2020,MALUKU UTARA,0,0,0,0,41,4,0,37
03/05/2020,MALUKU UTARA,9,0,2,7,50,6,0,44
04/05/2020,MALUKU UTARA,0,0,0,0,50,6,0,44
05/05/2020,MALUKU UTARA,0,0,0,0,50,6,0,44
06/05/2020,MALUKU UTARA,0,0,0,0,50,6,0,44
07/05/2020,MALUKU UTARA,0,0,0,0,50,6,0,44
08/05/2020,MALUKU UTARA,0,0,3,-3,50,9,0,41
09/05/2020,MALUKU UTARA,4,0,0,4,54,9,0,45
10/05/2020,MALUKU UTARA,0,0,0,0,54,9,0,45
11/05/2020,MALUKU UTARA,0,0,0,0,54,9,0,45
12/05/2020,MALUKU UTARA,0,0,0,0,54,9,0,45
13/05/2020,MALUKU UTARA,23,3,0,20,77,9,3,65
14/05/2020,MALUKU UTARA,4,0,3,1,81,12,3,66
15/05/2020,MALUKU UTARA,4,1,1,2,85,13,4,68
16/05/2020,MALUKU UTARA,3,0,0,3,88,13,4,71
17/05/2020,MALUKU UTARA,4,0,0,4,92,13,4,75
18/05/2020,MALUKU UTARA,1,0,0,1,93,13,4,76
19/05/2020,MALUKU UTARA,2,0,0,2,95,13,4,78
20/05/2020,MALUKU UTARA,1,0,0,1,96,13,4,79
21/05/2020,MALUKU UTARA,1,0,0,1,97,13,4,80
22/05/2020,MALUKU UTARA,2,0,0,2,99,13,4,82
23/05/2020,MALUKU UTARA,0,0,0,0,99,13,4,82
24/05/2020,MALUKU UTARA,1,1,0,0,100,13,5,82
25/05/2020,MALUKU UTARA,7,0,0,7,107,13,5,89
26/05/2020,MALUKU UTARA,11,1,4,6,118,17,6,95
27/05/2020,MALUKU UTARA,1,0,4,-3,119,21,6,92
28/05/2020,MALUKU UTARA,9,1,0,8,128,21,7,100
29/05/2020,MALUKU UTARA,11,0,0,11,139,21,7,111
30/05/2020,MALUKU UTARA,7,0,6,1,146,27,7,112
31/05/2020,MALUKU UTARA,7,3,0,4,153,27,10,116
01/06/2020,MALUKU UTARA,7,3,2,2,160,29,13,118
02/06/2020,MALUKU UTARA,14,1,0,13,174,29,14,131
03/06/2020,MALUKU UTARA,2,1,1,0,176,30,15,131
04/06/2020,MALUKU UTARA,1,2,0,-1,177,30,17,130
05/06/2020,MALUKU UTARA,1,0,0,1,178,30,17,131
06/06/2020,MALUKU UTARA,7,0,3,4,185,33,17,135
07/06/2020,MALUKU UTARA,1,0,0,1,186,33,17,136
08/06/2020,MALUKU UTARA,0,0,0,0,186,33,17,136
09/06/2020,MALUKU UTARA,28,0,0,28,214,33,17,164
10/06/2020,MALUKU UTARA,13,0,4,9,227,37,17,173
11/06/2020,MALUKU UTARA,35,5,2,28,262,39,22,201
12/06/2020,MALUKU UTARA,22,0,1,21,284,40,22,222
13/06/2020,MALUKU UTARA,17,0,0,17,301,40,22,239
14/06/2020,MALUKU UTARA,8,0,8,0,309,48,22,239
15/06/2020,MALUKU UTARA,2,0,0,2,311,48,22,241
16/06/2020,MALUKU UTARA,3,0,0,3,314,48,22,244
17/06/2020,MALUKU UTARA,7,0,0,7,321,48,22,251
18/06/2020,MALUKU UTARA,21,0,1,20,342,49,22,271
19/06/2020,MALUKU UTARA,40,0,2,38,382,51,22,309
20/06/2020,MALUKU UTARA,17,0,5,12,399,56,22,321
21/06/2020,MALUKU UTARA,11,0,0,11,410,56,22,332
22/06/2020,MALUKU UTARA,20,2,14,4,430,70,24,336
23/06/2020,MALUKU UTARA,33,1,12,20,463,82,25,356
24/06/2020,MALUKU UTARA,96,0,6,90,559,88,25,446
25/06/2020,MALUKU UTARA,77,3,1,73,636,89,28,519
26/06/2020,MALUKU UTARA,34,2,8,24,670,97,30,543
27/06/2020,MALUKU UTARA,37,0,2,35,707,99,30,578
28/06/2020,MALUKU UTARA,11,0,4,7,718,103,30,585
29/06/2020,MALUKU UTARA,0,0,0,0,718,103,30,585
30/06/2020,MALUKU UTARA,9,0,2,7,727,105,30,592
01/07/2020,MALUKU UTARA,140,0,7,133,867,112,30,725
02/07/2020,MALUKU UTARA,68,0,5,63,935,117,30,788
03/07/2020,MALUKU UTARA,10,1,2,7,945,119,31,795
04/07/2020,MALUKU UTARA,3,0,4,-1,948,123,31,794
05/07/2020,MALUKU UTARA,0,0,0,0,948,123,31,794
06/07/2020,MALUKU UTARA,0,0,0,0,948,123,31,794
07/07/2020,MALUKU UTARA,14,0,1,13,962,124,31,807
08/07/2020,MALUKU UTARA,70,0,4,66,1032,128,31,873
09/07/2020,MALUKU UTARA,73,2,2,69,1105,130,33,942
10/07/2020,MALUKU UTARA,24,0,1,23,1129,131,33,965
11/07/2020,MALUKU UTARA,23,0,0,23,1152,131,33,988
12/07/2020,MALUKU UTARA,8,4,1,3,1160,132,37,991
13/07/2020,MALUKU UTARA,13,1,4,8,1173,136,38,999
14/07/2020,MALUKU UTARA,2,0,4,-2,1175,140,38,997
15/07/2020,MALUKU UTARA,39,0,3,36,1214,143,38,1033
16/07/2020,MALUKU UTARA,27,0,4,23,1241,147,38,1056
17/07/2020,MALUKU UTARA,11,0,5,6,1252,152,38,1062
18/07/2020,MALUKU UTARA,33,0,23,10,1285,175,38,1072
19/07/2020,MALUKU UTARA,8,0,10,-2,1293,185,38,1070
20/07/2020,MALUKU UTARA,3,0,5,-2,1296,190,38,1068
21/07/2020,MALUKU UTARA,42,0,6,36,1338,196,38,1104
22/07/2020,MALUKU UTARA,8,2,8,-2,1346,204,40,1102
23/07/2020,MALUKU UTARA,9,0,37,-28,1355,241,40,1074
24/07/2020,MALUKU UTARA,27,2,18,7,1382,259,42,1081
25/07/2020,MALUKU UTARA,37,3,5,29,1419,264,45,1110
26/07/2020,MALUKU UTARA,32,1,4,27,1451,268,46,1137
27/07/2020,MALUKU UTARA,14,1,21,-8,1465,289,47,1129
28/07/2020,MALUKU UTARA,38,0,22,16,1503,311,47,1145
29/07/2020,MALUKU UTARA,31,1,17,13,1534,328,48,1158
30/07/2020,MALUKU UTARA,6,2,0,4,1540,328,50,1162
31/07/2020,MALUKU UTARA,0,0,0,0,1540,328,50,1162
01/08/2020,MALUKU UTARA,13,0,2,11,1553,330,50,1173
02/08/2020,MALUKU UTARA,14,0,0,14,1567,330,50,1187
03/08/2020,MALUKU UTARA,5,0,17,-12,1572,347,50,1175
04/08/2020,MALUKU UTARA,6,0,216,-210,1578,563,50,965
05/08/2020,MALUKU UTARA,7,0,201,-194,1585,764,50,771
06/08/2020,MALUKU UTARA,7,0,88,-81,1592,852,50,690
07/08/2020,MALUKU UTARA,31,0,4,27,1623,856,50,717
08/08/2020,MALUKU UTARA,47,0,0,47,1670,856,50,764
09/08/2020,MALUKU UTARA,4,2,0,2,1674,856,52,766
10/08/2020,MALUKU UTARA,6,4,4,-2,1680,860,56,764
11/08/2020,MALUKU UTARA,11,0,13,-2,1691,873,56,762
12/08/2020,MALUKU UTARA,18,3,51,-36,1709,924,59,726
13/08/2020,MALUKU UTARA,8,0,36,-28,1717,960,59,698
14/08/2020,MALUKU UTARA,12,0,0,12,1729,960,59,710
15/08/2020,MALUKU UTARA,10,0,48,-38,1739,1008,59,672
16/08/2020,MALUKU UTARA,2,0,23,-21,1741,1031,59,651
17/08/2020,MALUKU UTARA,3,0,6,-3,1744,1037,59,648
18/08/2020,MALUKU UTARA,2,0,0,2,1746,1037,59,650
19/08/2020,MALUKU UTARA,10,0,458,-448,1756,1495,59,202
20/08/2020,MALUKU UTARA,5,0,1,4,1761,1496,59,206
21/08/2020,MALUKU UTARA,0,2,0,-2,1761,1496,61,204
22/08/2020,MALUKU UTARA,9,0,0,9,1770,1496,61,213
23/08/2020,MALUKU UTARA,4,0,0,4,1774,1496,61,217
24/08/2020,MALUKU UTARA,4,0,0,4,1778,1496,61,221
25/08/2020,MALUKU UTARA,1,0,14,-13,1779,1510,61,208
26/08/2020,MALUKU UTARA,30,0,0,30,1809,1510,61,238
27/08/2020,MALUKU UTARA,16,2,53,-39,1825,1563,63,199
28/08/2020,MALUKU UTARA,15,2,0,13,1840,1563,65,212
29/08/2020,MALUKU UTARA,0,0,18,-18,1840,1581,65,194
30/08/2020,MALUKU UTARA,18,1,0,17,1858,1581,66,211
31/08/2020,MALUKU UTARA,2,0,0,2,1860,1581,66,213
01/09/2020,MALUKU UTARA,6,0,0,6,1866,1581,66,219
02/09/2020,MALUKU UTARA,5,0,0,5,1871,1581,66,224
03/09/2020,MALUKU UTARA,7,0,0,7,1878,1581,66,231
04/09/2020,MALUKU UTARA,9,0,0,9,1887,1581,66,240
05/09/2020,MALUKU UTARA,0,0,0,0,1887,1581,66,240
06/09/2020,MALUKU UTARA,0,0,0,0,1887,1581,66,240
07/09/2020,MALUKU UTARA,9,1,0,8,1896,1581,67,248
08/09/2020,MALUKU UTARA,4,1,0,3,1900,1581,68,251
09/09/2020,MALUKU UTARA,10,2,0,8,1910,1581,70,259
10/09/2020,MALUKU UTARA,1,1,0,0,1911,1581,71,259
11/09/2020,MALUKU UTARA,7,0,5,2,1918,1586,71,261
12/09/2020,MALUKU UTARA,3,0,0,3,1921,1586,71,264
13/09/2020,MALUKU UTARA,14,0,8,6,1935,1594,71,270
14/09/2020,MALUKU UTARA,5,0,0,5,1940,1594,71,275
15/09/2020,MALUKU UTARA,16,1,1,14,1956,1595,72,289
16/09/2020,MALUKU UTARA,10,0,16,-6,1966,1611,72,283
17/09/2020,MALUKU UTARA,6,0,164,-158,1972,1775,72,125
18/09/2020,MALUKU UTARA,1,0,12,-11,1973,1787,72,114
19/09/2020,MALUKU UTARA,19,0,0,19,1992,1787,72,133
20/09/2020,MALUKU UTARA,0,0,0,0,1992,1787,72,133
21/09/2020,MALUKU UTARA,19,1,0,18,2011,1787,73,151
22/09/2020,MALUKU UTARA,3,0,0,3,2014,1787,73,154
23/09/2020,MALUKU UTARA,21,0,0,21,2035,1787,73,175
24/09/2020,MALUKU UTARA,4,0,12,-8,2039,1799,73,167
25/09/2020,MALUKU UTARA,6,0,0,6,2045,1799,73,173
26/09/2020,MALUKU UTARA,3,0,0,3,2048,1799,73,176
27/09/2020,MALUKU UTARA,0,0,0,0,2048,1799,73,176
28/09/2020,MALUKU UTARA,4,1,0,3,2052,1799,74,179
29/09/2020,MALUKU UTARA,7,0,3,4,2059,1802,74,183
30/09/2020,MALUKU UTARA,6,0,0,6,2065,1802,74,189
01/10/2020,MALUKU UTARA,2,0,0,2,2067,1802,74,191
02/10/2020,MALUKU UTARA,7,0,0,7,2074,1802,74,198
03/10/2020,MALUKU UTARA,1,0,9,-8,2075,1811,74,190
04/10/2020,MALUKU UTARA,0,0,0,0,2075,1811,74,190
05/10/2020,MALUKU UTARA,2,0,8,-6,2077,1819,74,184
06/10/2020,MALUKU UTARA,0,0,4,-4,2077,1823,74,180
07/10/2020,MALUKU UTARA,0,0,8,-8,2077,1831,74,172
08/10/2020,MALUKU UTARA,5,0,0,5,2082,1831,74,177
09/10/2020,MALUKU UTARA,0,0,33,-33,2082,1864,74,144
10/10/2020,MALUKU UTARA,7,0,0,7,2089,1864,74,151
11/10/2020,MALUKU UTARA,0,0,0,0,2089,1864,74,151
12/10/2020,MALUKU UTARA,16,0,4,12,2105,1868,74,163
13/10/2020,MALUKU UTARA,5,0,20,-15,2110,1888,74,148
14/10/2020,MALUKU UTARA,4,0,4,0,2114,1892,74,148
15/10/2020,MALUKU UTARA,1,0,0,1,2115,1892,74,149
16/10/2020,MALUKU UTARA,5,0,14,-9,2120,1906,74,140
17/10/2020,MALUKU UTARA,0,0,0,0,2120,1906,74,140
18/10/2020,MALUKU UTARA,0,0,0,0,2120,1906,74,140
19/10/2020,MALUKU UTARA,11,0,3,8,2131,1909,74,148
20/10/2020,MALUKU UTARA,11,0,19,-8,2142,1928,74,140
21/10/2020,MALUKU UTARA,10,0,0,10,2152,1928,74,150
22/10/2020,MALUKU UTARA,28,0,0,28,2180,1928,74,178
23/10/2020,MALUKU UTARA,7,0,0,7,2187,1928,74,185
24/10/2020,MALUKU UTARA,1,0,0,1,2188,1928,74,186
25/10/2020,MALUKU UTARA,0,0,0,0,2188,1928,74,186
26/10/2020,MALUKU UTARA,4,0,0,4,2192,1928,74,190
27/10/2020,MALUKU UTARA,1,0,0,1,2193,1928,74,191
28/10/2020,MALUKU UTARA,3,1,0,2,2196,1928,75,193
29/10/2020,MALUKU UTARA,0,0,0,0,2196,1928,75,193
30/10/2020,MALUKU UTARA,3,0,0,3,2199,1928,75,196
31/10/2020,MALUKU UTARA,0,0,0,0,2199,1928,75,196
01/11/2020,MALUKU UTARA,0,0,0,0,2199,1928,75,196
02/11/2020,MALUKU UTARA,33,0,18,15,2232,1946,75,211
03/11/2020,MALUKU UTARA,0,0,0,0,2232,1946,75,211
04/11/2020,MALUKU UTARA,2,0,0,2,2234,1946,75,213
05/11/2020,MALUKU UTARA,1,0,0,1,2235,1946,75,214
06/11/2020,MALUKU UTARA,3,0,0,3,2238,1946,75,217
07/11/2020,MALUKU UTARA,2,0,0,2,2240,1946,75,219
08/11/2020,MALUKU UTARA,0,0,0,0,2240,1946,75,219
09/11/2020,MALUKU UTARA,4,0,0,4,2244,1946,75,223
10/11/2020,MALUKU UTARA,3,0,0,3,2247,1946,75,226
11/11/2020,MALUKU UTARA,28,0,0,28,2275,1946,75,254
12/11/2020,MALUKU UTARA,0,0,0,0,2275,1946,75,254
13/11/2020,MALUKU UTARA,9,1,0,8,2284,1946,76,262
14/11/2020,MALUKU UTARA,6,0,0,6,2290,1946,76,268
15/11/2020,MALUKU UTARA,4,0,0,4,2294,1946,76,272
16/11/2020,MALUKU UTARA,3,0,0,3,2297,1946,76,275
17/11/2020,MALUKU UTARA,20,0,0,20,2317,1946,76,295
18/11/2020,MALUKU UTARA,5,1,0,4,2322,1946,77,299
19/11/2020,MALUKU UTARA,1,2,16,-17,2323,1962,79,282
20/11/2020,MALUKU UTARA,13,0,0,13,2336,1962,79,295
21/11/2020,MALUKU UTARA,8,0,4,4,2344,1966,79,299
22/11/2020,MALUKU UTARA,3,0,0,3,2347,1966,79,302
23/11/2020,MALUKU UTARA,2,1,0,1,2349,1966,80,303
24/11/2020,MALUKU UTARA,3,1,5,-3,2352,1971,81,300
25/11/2020,MALUKU UTARA,3,0,0,3,2355,1971,81,303
26/11/2020,MALUKU UTARA,1,0,0,1,2356,1971,81,304
27/11/2020,MALUKU UTARA,6,0,0,6,2362,1971,81,310
28/11/2020,MALUKU UTARA,7,0,0,7,2369,1971,81,317
29/11/2020,MALUKU UTARA,2,0,0,2,2371,1971,81,319
30/11/2020,MALUKU UTARA,2,0,0,2,2373,1971,81,321
01/12/2020,MALUKU UTARA,3,0,10,-7,2376,1981,81,314
02/12/2020,MALUKU UTARA,50,1,39,10,2426,2020,82,324
03/12/2020,MALUKU UTARA,25,1,0,24,2451,2020,83,348
04/12/2020,MALUKU UTARA,10,0,0,10,2461,2020,83,358
05/12/2020,MALUKU UTARA,6,0,0,6,2467,2020,83,364
06/12/2020,MALUKU UTARA,5,0,0,5,2472,2020,83,369
07/12/2020,MALUKU UTARA,6,0,6,0,2478,2026,83,369
08/12/2020,MALUKU UTARA,9,1,3,5,2487,2029,84,374
09/12/2020,MALUKU UTARA,0,0,0,0,2487,2029,84,374
10/12/2020,MALUKU UTARA,9,0,0,9,2496,2029,84,383
11/12/2020,MALUKU UTARA,5,0,0,5,2501,2029,84,388
12/12/2020,MALUKU UTARA,12,0,0,12,2513,2029,84,400
13/12/2020,MALUKU UTARA,8,0,0,8,2521,2029,84,408
14/12/2020,MALUKU UTARA,9,0,34,-25,2530,2063,84,383
15/12/2020,MALUKU UTARA,21,0,5,16,2551,2068,84,399
16/12/2020,MALUKU UTARA,12,0,0,12,2563,2068,84,411
17/12/2020,MALUKU UTARA,8,0,0,8,2571,2068,84,419
18/12/2020,MALUKU UTARA,7,0,0,7,2578,2068,84,426
19/12/2020,MALUKU UTARA,14,2,0,12,2592,2068,86,438
20/12/2020,MALUKU UTARA,62,0,0,62,2654,2068,86,500
21/12/2020,MALUKU UTARA,54,0,0,54,2708,2068,86,554
22/12/2020,MALUKU UTARA,5,1,1,3,2713,2069,87,557
23/12/2020,MALUKU UTARA,8,0,12,-4,2721,2081,87,553
24/12/2020,MALUKU UTARA,9,0,2,7,2730,2083,87,560
25/12/2020,MALUKU UTARA,4,0,0,4,2734,2083,87,564
26/12/2020,MALUKU UTARA,3,0,0,3,2737,2083,87,567
27/12/2020,MALUKU UTARA,3,0,22,-19,2740,2105,87,548
28/12/2020,MALUKU UTARA,8,0,3,5,2748,2108,87,553
29/12/2020,MALUKU UTARA,6,2,201,-197,2754,2309,89,356
30/12/2020,MALUKU UTARA,6,0,42,-36,2760,2351,89,320
31/12/2020,MALUKU UTARA,11,0,2,9,2771,2353,89,329
01/01/2021,MALUKU UTARA,2,1,0,1,2773,2353,90,330
02/01/2021,MALUKU UTARA,9,0,8,1,2782,2361,90,331
03/01/2021,MALUKU UTARA,5,0,0,5,2787,2361,90,336
04/01/2021,MALUKU UTARA,9,1,0,8,2796,2361,91,344
05/01/2021,MALUKU UTARA,22,0,2,20,2818,2363,91,364
06/01/2021,MALUKU UTARA,20,0,0,20,2838,2363,91,384
07/01/2021,MALUKU UTARA,25,0,19,6,2863,2382,91,390
08/01/2021,MALUKU UTARA,12,1,18,-7,2875,2400,92,383
09/01/2021,MALUKU UTARA,13,0,40,-27,2888,2440,92,356
10/01/2021,MALUKU UTARA,52,0,46,6,2940,2486,92,362
11/01/2021,MALUKU UTARA,9,0,13,-4,2949,2499,92,358
12/01/2021,MALUKU UTARA,23,2,22,-1,2972,2521,94,357
13/01/2021,MALUKU UTARA,54,0,28,26,3026,2549,94,383
14/01/2021,MALUKU UTARA,24,0,19,5,3050,2568,94,388
15/01/2021,MALUKU UTARA,25,0,12,13,3075,2580,94,401
16/01/2021,MALUKU UTARA,16,0,0,16,3091,2580,94,417
17/01/2021,MALUKU UTARA,24,0,0,24,3115,2580,94,441
18/01/2021,MALUKU UTARA,19,0,54,-35,3134,2634,94,406
19/01/2021,MALUKU UTARA,15,1,0,14,3149,2634,95,420
20/01/2021,MALUKU UTARA,85,0,4,81,3234,2638,95,501
21/01/2021,MALUKU UTARA,7,0,0,7,3241,2638,95,508
22/01/2021,MALUKU UTARA,36,2,5,29,3277,2643,97,537
23/01/2021,MALUKU UTARA,24,0,21,3,3301,2664,97,540
24/01/2021,MALUKU UTARA,3,2,3,-2,3304,2667,99,538
25/01/2021,MALUKU UTARA,27,1,26,0,3331,2693,100,538
26/01/2021,MALUKU UTARA,31,0,10,21,3362,2703,100,559
27/01/2021,MALUKU UTARA,30,0,0,30,3392,2703,100,589
28/01/2021,MALUKU UTARA,12,0,3,9,3404,2706,100,598
29/01/2021,MALUKU UTARA,22,0,76,-54,3426,2782,100,544
30/01/2021,MALUKU UTARA,16,0,0,16,3442,2782,100,560
31/01/2021,MALUKU UTARA,10,0,0,10,3452,2782,100,570
01/02/2021,MALUKU UTARA,31,1,2,28,3483,2784,101,598
02/02/2021,MALUKU UTARA,45,2,63,-20,3528,2847,103,578
03/02/2021,MALUKU UTARA,12,1,0,11,3540,2847,104,589
04/02/2021,MALUKU UTARA,30,1,21,8,3570,2868,105,597
05/02/2021,MALUKU UTARA,33,1,7,25,3603,2875,106,622
06/02/2021,MALUKU UTARA,0,0,0,0,3603,2875,106,622
07/02/2021,MALUKU UTARA,10,0,22,-12,3613,2897,106,610
08/02/2021,MALUKU UTARA,21,1,39,-19,3634,2936,107,591
09/02/2021,MALUKU UTARA,39,1,69,-31,3673,3005,108,560
10/02/2021,MALUKU UTARA,40,1,13,26,3713,3018,109,586
11/02/2021,MALUKU UTARA,49,1,16,32,3762,3034,110,618
12/02/2021,MALUKU UTARA,58,0,9,49,3820,3043,110,667
13/02/2021,MALUKU UTARA,27,0,5,22,3847,3048,110,689
14/02/2021,MALUKU UTARA,22,0,10,12,3869,3058,110,701
15/02/2021,MALUKU UTARA,9,0,53,-44,3878,3111,110,657
16/02/2021,MALUKU UTARA,8,0,0,8,3886,3111,110,665
17/02/2021,MALUKU UTARA,22,0,0,22,3908,3111,110,687
18/02/2021,MALUKU UTARA,4,1,29,-26,3912,3140,111,661
19/02/2021,MALUKU UTARA,1,0,62,-61,3913,3202,111,600
20/02/2021,MALUKU UTARA,19,0,20,-1,3932,3222,111,599
21/02/2021,MALUKU UTARA,1,0,4,-3,3933,3226,111,596
22/02/2021,MALUKU UTARA,15,0,49,-34,3948,3275,111,562
23/02/2021,MALUKU UTARA,10,1,55,-46,3958,3330,112,516
24/02/2021,MALUKU UTARA,12,0,0,12,3970,3330,112,528
25/02/2021,MALUKU UTARA,5,0,0,5,3975,3330,112,533
26/02/2021,MALUKU UTARA,6,0,49,-43,3981,3379,112,490
27/02/2021,MALUKU UTARA,1,1,0,0,3982,3379,113,490
28/02/2021,MALUKU UTARA,0,0,0,0,3982,3379,113,490
01/03/2021,MALUKU UTARA,5,0,12,-7,3987,3391,113,483
02/03/2021,MALUKU UTARA,0,0,12,-12,3987,3403,113,471
03/03/2021,MALUKU UTARA,43,0,11,32,4030,3414,113,503
04/03/2021,MALUKU UTARA,6,0,9,-3,4036,3423,113,500
05/03/2021,MALUKU UTARA,4,0,13,-9,4040,3436,113,491
06/03/2021,MALUKU UTARA,12,0,19,-7,4052,3455,113,484
07/03/2021,MALUKU UTARA,10,0,0,10,4062,3455,113,494
08/03/2021,MALUKU UTARA,17,1,0,16,4079,3455,114,510
09/03/2021,MALUKU UTARA,33,0,12,21,4112,3467,114,531
10/03/2021,MALUKU UTARA,35,0,21,14,4147,3488,114,545
11/03/2021,MALUKU UTARA,0,1,3,-4,4147,3491,115,541
12/03/2021,MALUKU UTARA,1,0,0,1,4148,3491,115,542
13/03/2021,MALUKU UTARA,12,0,0,12,4160,3491,115,554
14/03/2021,MALUKU UTARA,13,0,9,4,4173,3500,115,558
15/03/2021,MALUKU UTARA,20,2,18,0,4193,3518,117,558
16/03/2021,MALUKU UTARA,27,1,13,13,4220,3531,118,571
17/03/2021,MALUKU UTARA,9,0,4,5,4229,3535,118,576
18/03/2021,MALUKU UTARA,9,0,8,1,4238,3543,118,577
19/03/2021,MALUKU UTARA,19,1,1,17,4257,3544,119,594
20/03/2021,MALUKU UTARA,10,0,6,4,4267,3550,119,598
21/03/2021,MALUKU UTARA,0,0,6,-6,4267,3556,119,592
22/03/2021,MALUKU UTARA,7,0,25,-18,4274,3581,119,574
23/03/2021,MALUKU UTARA,3,0,2,1,4277,3583,119,575
24/03/2021,MALUKU UTARA,7,0,11,-4,4284,3594,119,571
25/03/2021,MALUKU UTARA,0,1,27,-28,4284,3621,120,543
26/03/2021,MALUKU UTARA,9,0,1,8,4293,3622,120,551
27/03/2021,MALUKU UTARA,7,0,5,2,4300,3627,120,553
28/03/2021,MALUKU UTARA,4,0,0,4,4304,3627,120,557
29/03/2021,MALUKU UTARA,6,0,34,-28,4310,3661,120,529
30/03/2021,MALUKU UTARA,12,0,0,12,4322,3661,120,541
31/03/2021,MALUKU UTARA,6,0,5,1,4328,3666,120,542
01/04/2021,MALUKU UTARA,3,0,0,3,4331,3666,120,545
02/04/2021,MALUKU UTARA,0,0,0,0,4331,3666,120,545
03/04/2021,MALUKU UTARA,0,0,0,0,4331,3666,120,545
04/04/2021,MALUKU UTARA,0,0,0,0,4331,3666,120,545
05/04/2021,MALUKU UTARA,1,0,15,-14,4332,3681,120,531
06/04/2021,MALUKU UTARA,8,0,0,8,4340,3681,120,539
07/04/2021,MALUKU UTARA,11,0,4,7,4351,3685,120,546
08/04/2021,MALUKU UTARA,2,0,26,-24,4353,3711,120,522
09/04/2021,MALUKU UTARA,0,0,6,-6,4353,3717,120,516
10/04/2021,MALUKU UTARA,4,0,4,0,4357,3721,120,516
11/04/2021,MALUKU UTARA,0,0,94,-94,4357,3815,120,422
12/04/2021,MALUKU UTARA,0,0,20,-20,4357,3835,120,402
13/04/2021,MALUKU UTARA,3,0,10,-7,4360,3845,120,395
14/04/2021,MALUKU UTARA,6,0,17,-11,4366,3862,120,384
15/04/2021,MALUKU UTARA,3,0,48,-45,4369,3910,120,339
16/04/2021,MALUKU UTARA,2,0,0,2,4371,3910,120,341
17/04/2021,MALUKU UTARA,6,0,45,-39,4377,3955,120,302
18/04/2021,MALUKU UTARA,4,0,0,4,4381,3955,120,306
22/03/2020,MALUKU,1,0,0,1,1,0,0,1
23/03/2020,MALUKU,0,0,0,0,1,0,0,1
24/03/2020,MALUKU,0,0,0,0,1,0,0,1
25/03/2020,MALUKU,0,0,0,0,1,0,0,1
26/03/2020,MALUKU,0,0,0,0,1,0,0,1
27/03/2020,MALUKU,0,0,0,0,1,0,0,1
28/03/2020,MALUKU,0,0,0,0,1,0,0,1
29/03/2020,MALUKU,0,0,0,0,1,0,0,1
30/03/2020,MALUKU,0,0,0,0,1,0,0,1
31/03/2020,MALUKU,0,0,0,0,1,0,0,1
01/04/2020,MALUKU,0,0,0,0,1,0,0,1
02/04/2020,MALUKU,0,0,0,0,1,0,0,1
03/04/2020,MALUKU,0,0,0,0,1,0,0,1
04/04/2020,MALUKU,0,0,0,0,1,0,0,1
05/04/2020,MALUKU,0,0,0,0,1,0,0,1
06/04/2020,MALUKU,0,0,0,0,1,0,0,1
07/04/2020,MALUKU,0,0,0,0,1,0,0,1
08/04/2020,MALUKU,2,0,0,2,3,0,0,3
09/04/2020,MALUKU,0,0,0,0,3,0,0,3
10/04/2020,MALUKU,0,0,0,0,3,0,0,3
11/04/2020,MALUKU,0,0,0,0,3,0,0,3
12/04/2020,MALUKU,8,0,0,8,11,0,0,11
13/04/2020,MALUKU,0,0,0,0,11,0,0,11
14/04/2020,MALUKU,0,0,0,0,11,0,0,11
15/04/2020,MALUKU,3,0,0,3,14,0,0,14
16/04/2020,MALUKU,0,0,0,0,14,0,0,14
17/04/2020,MALUKU,0,0,0,0,14,0,0,14
18/04/2020,MALUKU,3,0,5,-2,17,5,0,12
19/04/2020,MALUKU,0,0,0,0,17,5,0,12
20/04/2020,MALUKU,0,0,4,-4,17,9,0,8
21/04/2020,MALUKU,0,0,0,0,17,9,0,8
22/04/2020,MALUKU,0,0,0,0,17,9,0,8
23/04/2020,MALUKU,0,0,0,0,17,9,0,8
24/04/2020,MALUKU,0,0,1,-1,17,10,0,7
25/04/2020,MALUKU,3,0,0,3,20,10,0,10
26/04/2020,MALUKU,0,0,0,0,20,10,0,10
27/04/2020,MALUKU,0,0,0,0,20,10,0,10
28/04/2020,MALUKU,2,0,1,1,22,11,0,11
29/04/2020,MALUKU,1,0,0,1,23,11,0,12
30/04/2020,MALUKU,0,0,0,0,23,11,0,12
01/05/2020,MALUKU,0,0,0,0,23,11,0,12
02/05/2020,MALUKU,0,0,0,0,23,11,0,12
03/05/2020,MALUKU,0,0,0,0,23,11,0,12
04/05/2020,MALUKU,0,0,0,0,23,11,0,12
05/05/2020,MALUKU,0,0,0,0,23,11,0,12
06/05/2020,MALUKU,0,2,0,-2,23,11,2,10
07/05/2020,MALUKU,0,0,0,0,23,11,2,10
08/05/2020,MALUKU,9,0,0,9,32,11,2,19
09/05/2020,MALUKU,0,0,0,0,32,11,2,19
10/05/2020,MALUKU,0,0,1,-1,32,12,2,18
11/05/2020,MALUKU,0,2,4,-6,32,16,4,12
12/05/2020,MALUKU,18,0,0,18,50,16,4,30
13/05/2020,MALUKU,0,0,0,0,50,16,4,30
14/05/2020,MALUKU,12,0,0,12,62,16,4,42
15/05/2020,MALUKU,0,0,0,0,62,16,4,42
16/05/2020,MALUKU,0,0,0,0,62,16,4,42
17/05/2020,MALUKU,22,2,4,16,84,20,6,58
18/05/2020,MALUKU,23,0,0,23,107,20,6,81
19/05/2020,MALUKU,0,0,0,0,107,20,6,81
20/05/2020,MALUKU,17,1,0,16,124,20,7,97
21/05/2020,MALUKU,11,0,1,10,135,21,7,107
22/05/2020,MALUKU,22,0,0,22,157,21,7,129
23/05/2020,MALUKU,0,0,0,0,157,21,7,129
24/05/2020,MALUKU,2,0,5,-3,159,26,7,126
25/05/2020,MALUKU,1,0,0,1,160,26,7,127
26/05/2020,MALUKU,0,0,0,0,160,26,7,127
27/05/2020,MALUKU,10,1,7,2,170,33,8,129
28/05/2020,MALUKU,18,0,1,17,188,34,8,146
29/05/2020,MALUKU,27,0,0,27,215,34,8,173
30/05/2020,MALUKU,0,0,1,-1,215,35,8,172
31/05/2020,MALUKU,8,0,0,8,223,35,8,180
01/06/2020,MALUKU,0,0,0,0,223,35,8,180
02/06/2020,MALUKU,0,0,19,-19,223,54,8,161
03/06/2020,MALUKU,15,0,0,15,238,54,8,176
04/06/2020,MALUKU,0,0,7,-7,238,61,8,169
05/06/2020,MALUKU,16,0,2,14,254,63,8,183
06/06/2020,MALUKU,7,0,3,4,261,66,8,187
07/06/2020,MALUKU,8,0,0,8,269,66,8,195
08/06/2020,MALUKU,38,0,13,25,307,79,8,220
09/06/2020,MALUKU,8,0,9,-1,315,88,8,219
10/06/2020,MALUKU,13,0,0,13,328,88,8,232
11/06/2020,MALUKU,0,0,0,0,328,88,8,232
12/06/2020,MALUKU,58,2,15,41,386,103,10,273
13/06/2020,MALUKU,13,0,1,12,399,104,10,285
14/06/2020,MALUKU,21,0,4,17,420,108,10,302
15/06/2020,MALUKU,32,1,0,31,452,108,11,333
16/06/2020,MALUKU,44,2,2,40,496,110,13,373
17/06/2020,MALUKU,24,0,2,22,520,112,13,395
18/06/2020,MALUKU,14,0,0,14,534,112,13,409
19/06/2020,MALUKU,10,0,23,-13,544,135,13,396
20/06/2020,MALUKU,37,0,25,12,581,160,13,408
21/06/2020,MALUKU,17,0,0,17,598,160,13,425
22/06/2020,MALUKU,35,0,3,32,633,163,13,457
23/06/2020,MALUKU,1,0,4,-3,634,167,13,454
24/06/2020,MALUKU,37,1,4,32,671,171,14,486
25/06/2020,MALUKU,13,0,18,-5,684,189,14,481
26/06/2020,MALUKU,7,1,6,0,691,195,15,481
27/06/2020,MALUKU,14,0,22,-8,705,217,15,473
28/06/2020,MALUKU,6,0,12,-6,711,229,15,467
29/06/2020,MALUKU,15,0,27,-12,726,256,15,455
30/06/2020,MALUKU,16,1,7,8,742,263,16,463
01/07/2020,MALUKU,7,0,18,-11,749,281,16,452
02/07/2020,MALUKU,13,1,25,-13,762,306,17,439
03/07/2020,MALUKU,7,0,9,-2,769,315,17,437
04/07/2020,MALUKU,6,0,59,-53,775,374,17,384
05/07/2020,MALUKU,19,0,2,17,794,376,17,401
06/07/2020,MALUKU,10,0,4,6,804,380,17,407
07/07/2020,MALUKU,26,0,33,-7,830,413,17,400
08/07/2020,MALUKU,7,0,52,-45,837,465,17,355
09/07/2020,MALUKU,8,0,21,-13,845,486,17,342
10/07/2020,MALUKU,13,0,22,-9,858,508,17,333
11/07/2020,MALUKU,6,0,30,-24,864,538,17,309
12/07/2020,MALUKU,10,0,25,-15,874,563,17,294
13/07/2020,MALUKU,26,0,4,22,900,567,17,316
14/07/2020,MALUKU,0,0,0,0,900,567,17,316
15/07/2020,MALUKU,20,0,11,9,920,578,17,325
16/07/2020,MALUKU,6,0,19,-13,926,597,17,312
17/07/2020,MALUKU,2,0,1,1,928,598,17,313
18/07/2020,MALUKU,1,1,0,0,929,598,18,313
19/07/2020,MALUKU,31,2,4,25,960,602,20,338
20/07/2020,MALUKU,19,0,10,9,979,612,20,347
21/07/2020,MALUKU,19,0,9,10,998,621,20,357
22/07/2020,MALUKU,0,0,0,0,998,621,20,357
23/07/2020,MALUKU,12,0,7,5,1010,628,20,362
24/07/2020,MALUKU,0,0,3,-3,1010,631,20,359
25/07/2020,MALUKU,6,0,0,6,1016,631,20,365
26/07/2020,MALUKU,29,1,2,26,1045,633,21,391
27/07/2020,MALUKU,0,0,7,-7,1045,640,21,384
28/07/2020,MALUKU,23,1,40,-18,1068,680,22,366
29/07/2020,MALUKU,1,0,16,-15,1069,696,22,351
30/07/2020,MALUKU,24,1,2,21,1093,698,23,372
31/07/2020,MALUKU,0,0,0,0,1093,698,23,372
01/08/2020,MALUKU,31,0,44,-13,1124,742,23,359
02/08/2020,MALUKU,11,0,5,6,1135,747,23,365
03/08/2020,MALUKU,0,0,2,-2,1135,749,23,363
04/08/2020,MALUKU,11,0,6,5,1146,755,23,368
05/08/2020,MALUKU,29,0,12,17,1175,767,23,385
06/08/2020,MALUKU,46,2,11,33,1221,778,25,418
07/08/2020,MALUKU,71,0,7,64,1292,785,25,482
08/08/2020,MALUKU,6,0,4,2,1298,789,25,484
09/08/2020,MALUKU,32,0,1,31,1330,790,25,515
10/08/2020,MALUKU,15,0,12,3,1345,802,25,518
11/08/2020,MALUKU,2,0,53,-51,1347,855,25,467
12/08/2020,MALUKU,20,0,29,-9,1367,884,25,458
13/08/2020,MALUKU,39,0,24,15,1406,908,25,473
14/08/2020,MALUKU,10,0,1,9,1416,909,25,482
15/08/2020,MALUKU,32,3,27,2,1448,936,28,484
16/08/2020,MALUKU,47,0,9,38,1495,945,28,522
17/08/2020,MALUKU,26,1,0,25,1521,945,29,547
18/08/2020,MALUKU,9,1,28,-20,1530,973,30,527
19/08/2020,MALUKU,23,0,22,1,1553,995,30,528
20/08/2020,MALUKU,58,1,0,57,1611,995,31,585
21/08/2020,MALUKU,0,0,0,0,1611,995,31,585
22/08/2020,MALUKU,4,0,2,2,1615,997,31,587
23/08/2020,MALUKU,54,0,0,54,1669,997,31,641
24/08/2020,MALUKU,8,0,10,-2,1677,1007,31,639
25/08/2020,MALUKU,65,1,45,19,1742,1052,32,658
26/08/2020,MALUKU,6,1,31,-26,1748,1083,33,632
27/08/2020,MALUKU,33,0,16,17,1781,1099,33,649
28/08/2020,MALUKU,4,0,1,3,1785,1100,33,652
29/08/2020,MALUKU,27,0,2,25,1812,1102,33,677
30/08/2020,MALUKU,20,0,0,20,1832,1102,33,697
31/08/2020,MALUKU,25,0,56,-31,1857,1158,33,666
01/09/2020,MALUKU,43,0,38,5,1900,1196,33,671
02/09/2020,MALUKU,10,1,10,-1,1910,1206,34,670
03/09/2020,MALUKU,51,0,17,34,1961,1223,34,704
04/09/2020,MALUKU,43,0,25,18,2004,1248,34,722
05/09/2020,MALUKU,60,1,18,41,2064,1266,35,763
06/09/2020,MALUKU,80,1,22,57,2144,1288,36,820
07/09/2020,MALUKU,20,0,29,-9,2164,1317,36,811
08/09/2020,MALUKU,42,0,47,-5,2206,1364,36,806
09/09/2020,MALUKU,21,0,11,10,2227,1375,36,816
10/09/2020,MALUKU,21,0,0,21,2248,1375,36,837
11/09/2020,MALUKU,117,0,38,79,2365,1413,36,916
12/09/2020,MALUKU,12,2,7,3,2377,1420,38,919
13/09/2020,MALUKU,57,0,0,57,2434,1420,38,976
14/09/2020,MALUKU,31,0,93,-62,2465,1513,38,914
15/09/2020,MALUKU,16,0,13,3,2481,1526,38,917
16/09/2020,MALUKU,19,0,0,19,2500,1526,38,936
17/09/2020,MALUKU,3,0,0,3,2503,1526,38,939
18/09/2020,MALUKU,7,0,59,-52,2510,1585,38,887
19/09/2020,MALUKU,41,0,45,-4,2551,1630,38,883
20/09/2020,MALUKU,15,0,0,15,2566,1630,38,898
21/09/2020,MALUKU,49,1,2,46,2615,1632,39,944
22/09/2020,MALUKU,37,1,31,5,2652,1663,40,949
23/09/2020,MALUKU,2,0,24,-22,2654,1687,40,927
24/09/2020,MALUKU,0,0,0,0,2654,1687,40,927
25/09/2020,MALUKU,0,0,0,0,2654,1687,40,927
26/09/2020,MALUKU,73,1,8,64,2727,1695,41,991
27/09/2020,MALUKU,0,0,39,-39,2727,1734,41,952
28/09/2020,MALUKU,0,0,0,0,2727,1734,41,952
29/09/2020,MALUKU,88,0,66,22,2815,1800,41,974
30/09/2020,MALUKU,0,0,0,0,2815,1800,41,974
01/10/2020,MALUKU,44,0,59,-15,2859,1859,41,959
02/10/2020,MALUKU,117,0,0,117,2976,1859,41,1076
03/10/2020,MALUKU,0,0,27,-27,2976,1886,41,1049
04/10/2020,MALUKU,64,0,32,32,3040,1918,41,1081
05/10/2020,MALUKU,22,0,0,22,3062,1918,41,1103
06/10/2020,MALUKU,68,0,16,52,3130,1934,41,1155
07/10/2020,MALUKU,48,0,48,0,3178,1982,41,1155
08/10/2020,MALUKU,94,0,32,62,3272,2014,41,1217
09/10/2020,MALUKU,0,0,0,0,3272,2014,41,1217
10/10/2020,MALUKU,122,1,25,96,3394,2039,42,1313
11/10/2020,MALUKU,41,0,0,41,3435,2039,42,1354
12/10/2020,MALUKU,13,0,120,-107,3448,2159,42,1247
13/10/2020,MALUKU,6,0,109,-103,3454,2268,42,1144
14/10/2020,MALUKU,2,0,22,-20,3456,2290,42,1124
15/10/2020,MALUKU,15,0,180,-165,3471,2470,42,959
16/10/2020,MALUKU,8,0,72,-64,3479,2542,42,895
17/10/2020,MALUKU,42,0,109,-67,3521,2651,42,828
18/10/2020,MALUKU,40,0,64,-24,3561,2715,42,804
19/10/2020,MALUKU,36,1,29,6,3597,2744,43,810
20/10/2020,MALUKU,20,0,63,-43,3617,2807,43,767
21/10/2020,MALUKU,7,1,29,-23,3624,2836,44,744
22/10/2020,MALUKU,0,0,0,0,3624,2836,44,744
23/10/2020,MALUKU,26,0,49,-23,3650,2885,44,721
24/10/2020,MALUKU,68,1,42,25,3718,2927,45,746
25/10/2020,MALUKU,21,0,98,-77,3739,3025,45,669
26/10/2020,MALUKU,0,0,59,-59,3739,3084,45,610
27/10/2020,MALUKU,33,2,37,-6,3772,3121,47,604
28/10/2020,MALUKU,13,0,39,-26,3785,3160,47,578
29/10/2020,MALUKU,5,0,28,-23,3790,3188,47,555
30/10/2020,MALUKU,0,0,0,0,3790,3188,47,555
31/10/2020,MALUKU,62,0,46,16,3852,3234,47,571
01/11/2020,MALUKU,11,0,0,11,3863,3234,47,582
02/11/2020,MALUKU,0,0,35,-35,3863,3269,47,547
03/11/2020,MALUKU,14,0,1,13,3877,3270,47,560
04/11/2020,MALUKU,0,0,0,0,3877,3270,47,560
05/11/2020,MALUKU,7,0,19,-12,3884,3289,47,548
06/11/2020,MALUKU,30,1,31,-2,3914,3320,48,546
07/11/2020,MALUKU,10,1,77,-68,3924,3397,49,478
08/11/2020,MALUKU,40,0,13,27,3964,3410,49,505
09/11/2020,MALUKU,11,1,14,-4,3975,3424,50,501
10/11/2020,MALUKU,29,0,18,11,4004,3442,50,512
11/11/2020,MALUKU,25,0,14,11,4029,3456,50,523
12/11/2020,MALUKU,44,0,26,18,4073,3482,50,541
13/11/2020,MALUKU,17,3,51,-37,4090,3533,53,504
14/11/2020,MALUKU,25,0,8,17,4115,3541,53,521
15/11/2020,MALUKU,14,0,3,11,4129,3544,53,532
16/11/2020,MALUKU,0,0,4,-4,4129,3548,53,528
17/11/2020,MALUKU,19,0,36,-17,4148,3584,53,511
18/11/2020,MALUKU,4,0,3,1,4152,3587,53,512
19/11/2020,MALUKU,50,4,13,33,4202,3600,57,545
20/11/2020,MALUKU,10,0,20,-10,4212,3620,57,535
21/11/2020,MALUKU,33,3,43,-13,4245,3663,60,522
22/11/2020,MALUKU,10,0,0,10,4255,3663,60,532
23/11/2020,MALUKU,16,0,31,-15,4271,3694,60,517
24/11/2020,MALUKU,0,0,0,0,4271,3694,60,517
25/11/2020,MALUKU,53,0,52,1,4324,3746,60,518
26/11/2020,MALUKU,104,0,7,97,4428,3753,60,615
27/11/2020,MALUKU,0,0,2,-2,4428,3755,60,613
28/11/2020,MALUKU,41,1,15,25,4469,3770,61,638
29/11/2020,MALUKU,108,0,16,92,4577,3786,61,730
30/11/2020,MALUKU,43,0,6,37,4620,3792,61,767
01/12/2020,MALUKU,0,0,5,-5,4620,3797,61,762
02/12/2020,MALUKU,0,0,12,-12,4620,3809,61,750
03/12/2020,MALUKU,1,0,0,1,4621,3809,61,751
04/12/2020,MALUKU,5,0,8,-3,4626,3817,61,748
05/12/2020,MALUKU,0,0,5,-5,4626,3822,61,743
06/12/2020,MALUKU,47,3,0,44,4673,3822,64,787
07/12/2020,MALUKU,46,0,0,46,4719,3822,64,833
08/12/2020,MALUKU,0,0,25,-25,4719,3847,64,808
09/12/2020,MALUKU,39,2,0,37,4758,3847,66,845
10/12/2020,MALUKU,11,0,4,7,4769,3851,66,852
11/12/2020,MALUKU,40,0,9,31,4809,3860,66,883
12/12/2020,MALUKU,71,1,7,63,4880,3867,67,946
13/12/2020,MALUKU,32,0,8,24,4912,3875,67,970
14/12/2020,MALUKU,0,0,9,-9,4912,3884,67,961
15/12/2020,MALUKU,137,1,29,107,5049,3913,68,1068
16/12/2020,MALUKU,100,0,0,100,5149,3913,68,1168
17/12/2020,MALUKU,190,0,24,166,5339,3937,68,1334
18/12/2020,MALUKU,0,0,0,0,5339,3937,68,1334
19/12/2020,MALUKU,45,1,63,-19,5384,4000,69,1315
20/12/2020,MALUKU,64,0,13,51,5448,4013,69,1366
21/12/2020,MALUKU,21,0,14,7,5469,4027,69,1373
22/12/2020,MALUKU,10,0,189,-179,5479,4216,69,1194
23/12/2020,MALUKU,16,0,18,-2,5495,4234,69,1192
24/12/2020,MALUKU,42,1,20,21,5537,4254,70,1213
25/12/2020,MALUKU,36,0,22,14,5573,4276,70,1227
26/12/2020,MALUKU,34,0,19,15,5607,4295,70,1242
27/12/2020,MALUKU,33,0,4,29,5640,4299,70,1271
28/12/2020,MALUKU,43,1,33,9,5683,4332,71,1280
29/12/2020,MALUKU,10,0,30,-20,5693,4362,71,1260
30/12/2020,MALUKU,0,0,24,-24,5693,4386,71,1236
31/12/2020,MALUKU,29,0,170,-141,5722,4556,71,1095
01/01/2021,MALUKU,32,1,14,17,5754,4570,72,1112
02/01/2021,MALUKU,18,0,34,-16,5772,4604,72,1096
03/01/2021,MALUKU,9,0,23,-14,5781,4627,72,1082
04/01/2021,MALUKU,6,3,20,-17,5787,4647,75,1065
05/01/2021,MALUKU,35,0,144,-109,5822,4791,75,956
06/01/2021,MALUKU,3,0,14,-11,5825,4805,75,945
07/01/2021,MALUKU,1,0,19,-18,5826,4824,75,927
08/01/2021,MALUKU,0,0,22,-22,5826,4846,75,905
09/01/2021,MALUKU,33,0,6,27,5859,4852,75,932
10/01/2021,MALUKU,22,0,1,21,5881,4853,75,953
11/01/2021,MALUKU,70,0,3,67,5951,4856,75,1020
12/01/2021,MALUKU,0,0,8,-8,5951,4864,75,1012
13/01/2021,MALUKU,0,0,2,-2,5951,4866,75,1010
14/01/2021,MALUKU,4,0,5,-1,5955,4871,75,1009
15/01/2021,MALUKU,46,4,41,1,6001,4912,79,1010
16/01/2021,MALUKU,38,2,40,-4,6039,4952,81,1006
17/01/2021,MALUKU,41,0,0,41,6080,4952,81,1047
18/01/2021,MALUKU,29,1,31,-3,6109,4983,82,1044
19/01/2021,MALUKU,32,0,33,-1,6141,5016,82,1043
20/01/2021,MALUKU,7,0,15,-8,6148,5031,82,1035
21/01/2021,MALUKU,17,0,32,-15,6165,5063,82,1020
22/01/2021,MALUKU,0,0,0,0,6165,5063,82,1020
23/01/2021,MALUKU,55,0,33,22,6220,5096,82,1042
24/01/2021,MALUKU,39,0,24,15,6259,5120,82,1057
25/01/2021,MALUKU,7,0,28,-21,6266,5148,82,1036
26/01/2021,MALUKU,49,1,18,30,6315,5166,83,1066
27/01/2021,MALUKU,1,0,0,1,6316,5166,83,1067
28/01/2021,MALUKU,13,0,0,13,6329,5166,83,1080
29/01/2021,MALUKU,32,1,4,27,6361,5170,84,1107
30/01/2021,MALUKU,19,0,2,17,6380,5172,84,1124
31/01/2021,MALUKU,46,0,0,46,6426,5172,84,1170
01/02/2021,MALUKU,46,0,36,10,6472,5208,84,1180
02/02/2021,MALUKU,8,0,11,-3,6480,5219,84,1177
03/02/2021,MALUKU,1,3,6,-8,6481,5225,87,1169
04/02/2021,MALUKU,20,0,104,-84,6501,5329,87,1085
05/02/2021,MALUKU,31,0,48,-17,6532,5377,87,1068
06/02/2021,MALUKU,29,0,45,-16,6561,5422,87,1052
07/02/2021,MALUKU,23,1,24,-2,6584,5446,88,1050
08/02/2021,MALUKU,11,1,71,-61,6595,5517,89,989
09/02/2021,MALUKU,5,0,48,-43,6600,5565,89,946
10/02/2021,MALUKU,30,3,24,3,6630,5589,92,949
11/02/2021,MALUKU,10,7,51,-48,6640,5640,99,901
12/02/2021,MALUKU,0,0,11,-11,6640,5651,99,890
13/02/2021,MALUKU,74,3,24,47,6714,5675,102,937
14/02/2021,MALUKU,33,0,157,-124,6747,5832,102,813
15/02/2021,MALUKU,0,0,39,-39,6747,5871,102,774
16/02/2021,MALUKU,22,1,0,21,6769,5871,103,795
17/02/2021,MALUKU,5,0,65,-60,6774,5936,103,735
18/02/2021,MALUKU,19,0,43,-24,6793,5979,103,711
19/02/2021,MALUKU,27,1,52,-26,6820,6031,104,685
20/02/2021,MALUKU,12,1,84,-73,6832,6115,105,612
21/02/2021,MALUKU,3,0,15,-12,6835,6130,105,600
22/02/2021,MALUKU,44,1,20,23,6879,6150,106,623
23/02/2021,MALUKU,9,0,17,-8,6888,6167,106,615
24/02/2021,MALUKU,14,0,21,-7,6902,6188,106,608
25/02/2021,MALUKU,30,0,48,-18,6932,6236,106,590
26/02/2021,MALUKU,24,0,10,14,6956,6246,106,604
27/02/2021,MALUKU,28,0,9,19,6984,6255,106,623
28/02/2021,MALUKU,0,0,10,-10,6984,6265,106,613
01/03/2021,MALUKU,0,0,12,-12,6984,6277,106,601
02/03/2021,MALUKU,37,0,28,9,7021,6305,106,610
03/03/2021,MALUKU,23,0,31,-8,7044,6336,106,602
04/03/2021,MALUKU,25,0,52,-27,7069,6388,106,575
05/03/2021,MALUKU,9,0,10,-1,7078,6398,106,574
06/03/2021,MALUKU,38,0,36,2,7116,6434,106,576
07/03/2021,MALUKU,2,0,10,-8,7118,6444,106,568
08/03/2021,MALUKU,15,1,96,-82,7133,6540,107,486
09/03/2021,MALUKU,9,0,10,-1,7142,6550,107,485
10/03/2021,MALUKU,3,0,28,-25,7145,6578,107,460
11/03/2021,MALUKU,9,0,4,5,7154,6582,107,465
12/03/2021,MALUKU,10,0,7,3,7164,6589,107,468
13/03/2021,MALUKU,0,0,0,0,7164,6589,107,468
14/03/2021,MALUKU,22,1,5,16,7186,6594,108,484
15/03/2021,MALUKU,4,1,5,-2,7190,6599,109,482
16/03/2021,MALUKU,6,1,2,3,7196,6601,110,485
17/03/2021,MALUKU,4,0,20,-16,7200,6621,110,469
18/03/2021,MALUKU,14,0,0,14,7214,6621,110,483
19/03/2021,MALUKU,4,0,68,-64,7218,6689,110,419
20/03/2021,MALUKU,10,0,11,-1,7228,6700,110,418
21/03/2021,MALUKU,4,0,6,-2,7232,6706,110,416
22/03/2021,MALUKU,4,0,7,-3,7236,6713,110,413
23/03/2021,MALUKU,21,0,14,7,7257,6727,110,420
24/03/2021,MALUKU,26,0,0,26,7283,6727,110,446
25/03/2021,MALUKU,33,0,41,-8,7316,6768,110,438
26/03/2021,MALUKU,6,0,12,-6,7322,6780,110,432
27/03/2021,MALUKU,15,0,10,5,7337,6790,110,437
28/03/2021,MALUKU,3,0,21,-18,7340,6811,110,419
29/03/2021,MALUKU,0,0,12,-12,7340,6823,110,407
30/03/2021,MALUKU,12,0,8,4,7352,6831,110,411
31/03/2021,MALUKU,0,0,0,0,7352,6831,110,411
01/04/2021,MALUKU,6,0,10,-4,7358,6841,110,407
02/04/2021,MALUKU,12,0,12,0,7370,6853,110,407
03/04/2021,MALUKU,3,0,5,-2,7373,6858,110,405
04/04/2021,MALUKU,0,0,13,-13,7373,6871,110,392
05/04/2021,MALUKU,2,2,9,-9,7375,6880,112,383
06/04/2021,MALUKU,11,0,16,-5,7386,6896,112,378
07/04/2021,MALUKU,6,0,24,-18,7392,6920,112,360
08/04/2021,MALUKU,9,0,7,2,7401,6927,112,362
09/04/2021,MALUKU,2,0,4,-2,7403,6931,112,360
10/04/2021,MALUKU,1,0,3,-2,7404,6934,112,358
11/04/2021,MALUKU,7,0,33,-26,7411,6967,112,332
12/04/2021,MALUKU,24,0,4,20,7435,6971,112,352
13/04/2021,MALUKU,2,3,2,-3,7437,6973,115,349
14/04/2021,MALUKU,18,0,1,17,7455,6974,115,366
15/04/2021,MALUKU,0,0,0,0,7455,6974,115,366
16/04/2021,MALUKU,5,0,26,-21,7460,7000,115,345
17/04/2021,MALUKU,13,0,13,0,7473,7013,115,345
18/04/2021,MALUKU,13,0,5,8,7486,7018,115,353
10/04/2020,GORONTALO,1,0,0,1,1,0,0,1
11/04/2020,GORONTALO,0,0,0,0,1,0,0,1
12/04/2020,GORONTALO,0,0,0,0,1,0,0,1
13/04/2020,GORONTALO,0,0,0,0,1,0,0,1
14/04/2020,GORONTALO,0,0,0,0,1,0,0,1
15/04/2020,GORONTALO,0,0,0,0,1,0,0,1
16/04/2020,GORONTALO,3,0,0,3,4,0,0,4
17/04/2020,GORONTALO,0,0,0,0,4,0,0,4
18/04/2020,GORONTALO,0,0,0,0,4,0,0,4
19/04/2020,GORONTALO,0,0,0,0,4,0,0,4
20/04/2020,GORONTALO,0,0,0,0,4,0,0,4
21/04/2020,GORONTALO,3,1,0,2,7,0,1,6
22/04/2020,GORONTALO,0,0,0,0,7,0,1,6
23/04/2020,GORONTALO,0,0,0,0,7,0,1,6
24/04/2020,GORONTALO,5,0,0,5,12,0,1,11
25/04/2020,GORONTALO,2,0,0,2,14,0,1,13
26/04/2020,GORONTALO,0,0,0,0,14,0,1,13
27/04/2020,GORONTALO,0,0,0,0,14,0,1,13
28/04/2020,GORONTALO,1,0,2,-1,15,2,1,12
29/04/2020,GORONTALO,0,0,0,0,15,2,1,12
30/04/2020,GORONTALO,0,0,0,0,15,2,1,12
01/05/2020,GORONTALO,0,0,0,0,15,2,1,12
02/05/2020,GORONTALO,0,0,0,0,15,2,1,12
03/05/2020,GORONTALO,0,0,0,0,15,2,1,12
04/05/2020,GORONTALO,0,0,0,0,15,2,1,12
05/05/2020,GORONTALO,0,0,4,-4,15,6,1,8
06/05/2020,GORONTALO,0,0,1,-1,15,7,1,7
07/05/2020,GORONTALO,4,0,0,4,19,7,1,11
08/05/2020,GORONTALO,0,0,3,-3,19,10,1,8
09/05/2020,GORONTALO,0,0,0,0,19,10,1,8
10/05/2020,GORONTALO,0,0,1,-1,19,11,1,7
11/05/2020,GORONTALO,0,0,0,0,19,11,1,7
12/05/2020,GORONTALO,0,0,0,0,19,11,1,7
13/05/2020,GORONTALO,0,0,1,-1,19,12,1,6
14/05/2020,GORONTALO,2,0,1,1,21,13,1,7
15/05/2020,GORONTALO,1,0,1,0,22,14,1,7
16/05/2020,GORONTALO,1,1,0,0,23,14,2,7
17/05/2020,GORONTALO,1,0,0,1,24,14,2,8
18/05/2020,GORONTALO,4,0,0,4,28,14,2,12
19/05/2020,GORONTALO,0,0,0,0,28,14,2,12
20/05/2020,GORONTALO,0,0,1,-1,28,15,2,11
21/05/2020,GORONTALO,16,0,0,16,44,15,2,27
22/05/2020,GORONTALO,3,0,2,1,47,17,2,28
23/05/2020,GORONTALO,2,0,1,1,49,18,2,29
24/05/2020,GORONTALO,9,0,0,9,58,18,2,38
25/05/2020,GORONTALO,0,0,0,0,58,18,2,38
26/05/2020,GORONTALO,0,0,0,0,58,18,2,38
27/05/2020,GORONTALO,2,0,0,2,60,18,2,40
28/05/2020,GORONTALO,5,1,1,3,65,19,3,43
29/05/2020,GORONTALO,3,0,4,-1,68,23,3,42
30/05/2020,GORONTALO,1,2,0,-1,69,23,5,41
31/05/2020,GORONTALO,25,1,3,21,94,26,6,62
01/06/2020,GORONTALO,0,0,0,0,94,26,6,62
02/06/2020,GORONTALO,14,0,3,11,108,29,6,73
03/06/2020,GORONTALO,10,0,0,10,118,29,6,83
04/06/2020,GORONTALO,3,0,1,2,121,30,6,85
05/06/2020,GORONTALO,0,0,4,-4,121,34,6,81
06/06/2020,GORONTALO,5,0,21,-16,126,55,6,65
07/06/2020,GORONTALO,8,0,4,4,134,59,6,69
08/06/2020,GORONTALO,0,1,4,-5,134,63,7,64
09/06/2020,GORONTALO,5,0,7,-2,139,70,7,62
10/06/2020,GORONTALO,6,0,2,4,145,72,7,66
11/06/2020,GORONTALO,3,0,10,-7,148,82,7,59
12/06/2020,GORONTALO,33,0,1,32,181,83,7,91
13/06/2020,GORONTALO,4,1,0,3,185,83,8,94
14/06/2020,GORONTALO,0,0,8,-8,185,91,8,86
15/06/2020,GORONTALO,23,0,1,22,208,92,8,108
16/06/2020,GORONTALO,6,0,2,4,214,94,8,112
17/06/2020,GORONTALO,0,0,32,-32,214,126,8,80
18/06/2020,GORONTALO,0,0,0,0,214,126,8,80
19/06/2020,GORONTALO,6,0,0,6,220,126,8,86
20/06/2020,GORONTALO,0,0,13,-13,220,139,8,73
21/06/2020,GORONTALO,7,0,1,6,227,140,8,79
22/06/2020,GORONTALO,3,0,5,-2,230,145,8,77
23/06/2020,GORONTALO,1,0,30,-29,231,175,8,48
24/06/2020,GORONTALO,7,0,0,7,238,175,8,55
25/06/2020,GORONTALO,5,0,26,-21,243,201,8,34
26/06/2020,GORONTALO,0,0,0,0,243,201,8,34
27/06/2020,GORONTALO,0,0,0,0,243,201,8,34
28/06/2020,GORONTALO,0,0,0,0,243,201,8,34
29/06/2020,GORONTALO,0,1,12,-13,243,213,9,21
30/06/2020,GORONTALO,6,1,0,5,249,213,10,26
01/07/2020,GORONTALO,0,1,10,-11,249,223,11,15
02/07/2020,GORONTALO,7,0,3,4,256,226,11,19
03/07/2020,GORONTALO,5,0,0,5,261,226,11,24
04/07/2020,GORONTALO,8,0,1,7,269,227,11,31
05/07/2020,GORONTALO,0,0,0,0,269,227,11,31
06/07/2020,GORONTALO,2,2,0,0,271,227,13,31
07/07/2020,GORONTALO,5,2,0,3,276,227,15,34
08/07/2020,GORONTALO,10,2,0,8,286,227,17,42
09/07/2020,GORONTALO,0,0,0,0,286,227,17,42
10/07/2020,GORONTALO,30,0,2,28,316,229,17,70
11/07/2020,GORONTALO,29,0,1,28,345,230,17,98
12/07/2020,GORONTALO,14,0,2,12,359,232,17,110
13/07/2020,GORONTALO,4,3,5,-4,363,237,20,106
14/07/2020,GORONTALO,22,0,7,15,385,244,20,121
15/07/2020,GORONTALO,7,0,13,-6,392,257,20,115
16/07/2020,GORONTALO,24,1,9,14,416,266,21,129
17/07/2020,GORONTALO,9,3,35,-29,425,301,24,100
18/07/2020,GORONTALO,1,2,3,-4,426,304,26,96
19/07/2020,GORONTALO,6,0,7,-1,432,311,26,95
20/07/2020,GORONTALO,105,2,0,103,537,311,28,198
21/07/2020,GORONTALO,79,1,0,78,616,311,29,276
22/07/2020,GORONTALO,0,1,0,-1,616,311,30,275
23/07/2020,GORONTALO,4,1,11,-8,620,322,31,267
24/07/2020,GORONTALO,74,0,11,63,694,333,31,330
25/07/2020,GORONTALO,102,0,13,89,796,346,31,419
26/07/2020,GORONTALO,24,2,35,-13,820,381,33,406
27/07/2020,GORONTALO,31,0,15,16,851,396,33,422
28/07/2020,GORONTALO,4,0,42,-38,855,438,33,384
29/07/2020,GORONTALO,102,0,11,91,957,449,33,475
30/07/2020,GORONTALO,58,0,18,40,1015,467,33,515
31/07/2020,GORONTALO,0,0,76,-76,1015,543,33,439
01/08/2020,GORONTALO,142,1,45,96,1157,588,34,535
02/08/2020,GORONTALO,127,0,61,66,1284,649,34,601
03/08/2020,GORONTALO,38,1,49,-12,1322,698,35,589
04/08/2020,GORONTALO,65,2,63,0,1387,761,37,589
05/08/2020,GORONTALO,40,0,31,9,1427,792,37,598
06/08/2020,GORONTALO,4,0,121,-117,1431,913,37,481
07/08/2020,GORONTALO,38,0,102,-64,1469,1015,37,417
08/08/2020,GORONTALO,80,0,98,-18,1549,1113,37,399
09/08/2020,GORONTALO,7,2,0,5,1556,1113,39,404
10/08/2020,GORONTALO,58,1,19,38,1614,1132,40,442
11/08/2020,GORONTALO,3,0,56,-53,1617,1188,40,389
12/08/2020,GORONTALO,47,1,32,14,1664,1220,41,403
13/08/2020,GORONTALO,8,0,24,-16,1672,1244,41,387
14/08/2020,GORONTALO,3,2,25,-24,1675,1269,43,363
15/08/2020,GORONTALO,40,1,18,21,1715,1287,44,384
16/08/2020,GORONTALO,6,0,16,-10,1721,1303,44,374
17/08/2020,GORONTALO,67,2,4,61,1788,1307,46,435
18/08/2020,GORONTALO,33,0,53,-20,1821,1360,46,415
19/08/2020,GORONTALO,54,0,39,15,1875,1399,46,430
20/08/2020,GORONTALO,0,0,47,-47,1875,1446,46,383
21/08/2020,GORONTALO,12,2,28,-18,1887,1474,48,365
22/08/2020,GORONTALO,0,0,32,-32,1887,1506,48,333
23/08/2020,GORONTALO,72,1,7,64,1959,1513,49,397
24/08/2020,GORONTALO,0,1,50,-51,1959,1563,50,346
25/08/2020,GORONTALO,11,0,0,11,1970,1563,50,357
26/08/2020,GORONTALO,0,0,27,-27,1970,1590,50,330
27/08/2020,GORONTALO,53,0,11,42,2023,1601,50,372
28/08/2020,GORONTALO,12,1,151,-140,2035,1752,51,232
29/08/2020,GORONTALO,6,2,13,-9,2041,1765,53,223
30/08/2020,GORONTALO,0,0,5,-5,2041,1770,53,218
31/08/2020,GORONTALO,0,1,16,-17,2041,1786,54,201
01/09/2020,GORONTALO,34,0,27,7,2075,1813,54,208
02/09/2020,GORONTALO,15,0,17,-2,2090,1830,54,206
03/09/2020,GORONTALO,61,1,16,44,2151,1846,55,250
04/09/2020,GORONTALO,9,0,6,3,2160,1852,55,253
05/09/2020,GORONTALO,22,4,20,-2,2182,1872,59,251
06/09/2020,GORONTALO,4,0,4,0,2186,1876,59,251
07/09/2020,GORONTALO,15,0,26,-11,2201,1902,59,240
08/09/2020,GORONTALO,24,1,11,12,2225,1913,60,252
09/09/2020,GORONTALO,16,0,7,9,2241,1920,60,261
10/09/2020,GORONTALO,28,1,28,-1,2269,1948,61,260
11/09/2020,GORONTALO,2,1,8,-7,2271,1956,62,253
12/09/2020,GORONTALO,11,0,8,3,2282,1964,62,256
13/09/2020,GORONTALO,32,2,4,26,2314,1968,64,282
14/09/2020,GORONTALO,0,2,48,-50,2314,2016,66,232
15/09/2020,GORONTALO,16,0,39,-23,2330,2055,66,209
16/09/2020,GORONTALO,6,0,23,-17,2336,2078,66,192
17/09/2020,GORONTALO,5,0,11,-6,2341,2089,66,186
18/09/2020,GORONTALO,12,2,17,-7,2353,2106,68,179
19/09/2020,GORONTALO,22,0,12,10,2375,2118,68,189
20/09/2020,GORONTALO,60,0,3,57,2435,2121,68,246
21/09/2020,GORONTALO,2,0,20,-18,2437,2141,68,228
22/09/2020,GORONTALO,4,2,11,-9,2441,2152,70,219
23/09/2020,GORONTALO,48,2,15,31,2489,2167,72,250
24/09/2020,GORONTALO,0,0,21,-21,2489,2188,72,229
25/09/2020,GORONTALO,45,2,9,34,2534,2197,74,263
26/09/2020,GORONTALO,5,0,6,-1,2539,2203,74,262
27/09/2020,GORONTALO,33,0,12,21,2572,2215,74,283
28/09/2020,GORONTALO,87,0,10,77,2659,2225,74,360
29/09/2020,GORONTALO,12,0,16,-4,2671,2241,74,356
30/09/2020,GORONTALO,82,1,20,61,2753,2261,75,417
01/10/2020,GORONTALO,6,0,35,-29,2759,2296,75,388
02/10/2020,GORONTALO,16,0,21,-5,2775,2317,75,383
03/10/2020,GORONTALO,0,0,9,-9,2775,2326,75,374
04/10/2020,GORONTALO,41,0,31,10,2816,2357,75,384
05/10/2020,GORONTALO,23,1,33,-11,2839,2390,76,373
06/10/2020,GORONTALO,0,0,27,-27,2839,2417,76,346
07/10/2020,GORONTALO,83,0,24,59,2922,2441,76,405
08/10/2020,GORONTALO,9,1,0,8,2931,2441,77,413
09/10/2020,GORONTALO,2,0,106,-104,2933,2547,77,309
10/10/2020,GORONTALO,7,0,28,-21,2940,2575,77,288
11/10/2020,GORONTALO,7,0,36,-29,2947,2611,77,259
12/10/2020,GORONTALO,2,0,46,-44,2949,2657,77,215
13/10/2020,GORONTALO,0,0,36,-36,2949,2693,77,179
14/10/2020,GORONTALO,10,0,16,-6,2959,2709,77,173
15/10/2020,GORONTALO,1,1,48,-48,2960,2757,78,125
16/10/2020,GORONTALO,4,0,0,4,2964,2757,78,129
17/10/2020,GORONTALO,0,0,17,-17,2964,2774,78,112
18/10/2020,GORONTALO,3,0,0,3,2967,2774,78,115
19/10/2020,GORONTALO,2,0,22,-20,2969,2796,78,95
20/10/2020,GORONTALO,0,1,1,-2,2969,2797,79,93
21/10/2020,GORONTALO,3,1,4,-2,2972,2801,80,91
22/10/2020,GORONTALO,3,0,13,-10,2975,2814,80,81
23/10/2020,GORONTALO,0,0,0,0,2975,2814,80,81
24/10/2020,GORONTALO,7,0,2,5,2982,2816,80,86
25/10/2020,GORONTALO,19,4,18,-3,3001,2834,84,83
26/10/2020,GORONTALO,2,0,3,-1,3003,2837,84,82
27/10/2020,GORONTALO,2,0,1,1,3005,2838,84,83
28/10/2020,GORONTALO,2,0,0,2,3007,2838,84,85
29/10/2020,GORONTALO,0,0,6,-6,3007,2844,84,79
30/10/2020,GORONTALO,10,0,2,8,3017,2846,84,87
31/10/2020,GORONTALO,0,0,5,-5,3017,2851,84,82
01/11/2020,GORONTALO,4,0,1,3,3021,2852,84,85
02/11/2020,GORONTALO,0,0,6,-6,3021,2858,84,79
03/11/2020,GORONTALO,10,1,2,7,3031,2860,85,86
04/11/2020,GORONTALO,0,0,5,-5,3031,2865,85,81
05/11/2020,GORONTALO,0,0,0,0,3031,2865,85,81
06/11/2020,GORONTALO,1,0,5,-4,3032,2870,85,77
07/11/2020,GORONTALO,5,0,0,5,3037,2870,85,82
08/11/2020,GORONTALO,8,0,1,7,3045,2871,85,89
09/11/2020,GORONTALO,4,0,3,1,3049,2874,85,90
10/11/2020,GORONTALO,0,0,3,-3,3049,2877,85,87
11/11/2020,GORONTALO,0,0,0,0,3049,2877,85,87
12/11/2020,GORONTALO,5,0,14,-9,3054,2891,85,78
13/11/2020,GORONTALO,0,0,1,-1,3054,2892,85,77
14/11/2020,GORONTALO,0,2,1,-3,3054,2893,87,74
15/11/2020,GORONTALO,0,0,1,-1,3054,2894,87,73
16/11/2020,GORONTALO,0,1,4,-5,3054,2898,88,68
17/11/2020,GORONTALO,0,0,7,-7,3054,2905,88,61
18/11/2020,GORONTALO,3,0,3,0,3057,2908,88,61
19/11/2020,GORONTALO,0,0,0,0,3057,2908,88,61
20/11/2020,GORONTALO,0,0,0,0,3057,2908,88,61
21/11/2020,GORONTALO,0,0,2,-2,3057,2910,88,59
22/11/2020,GORONTALO,5,0,0,5,3062,2910,88,64
23/11/2020,GORONTALO,1,0,48,-47,3063,2958,88,17
24/11/2020,GORONTALO,2,0,0,2,3065,2958,88,19
25/11/2020,GORONTALO,0,0,0,0,3065,2958,88,19
26/11/2020,GORONTALO,8,0,0,8,3073,2958,88,27
27/11/2020,GORONTALO,0,0,0,0,3073,2958,88,27
28/11/2020,GORONTALO,18,1,7,10,3091,2965,89,37
29/11/2020,GORONTALO,19,2,1,16,3110,2966,91,53
30/11/2020,GORONTALO,0,0,3,-3,3110,2969,91,50
01/12/2020,GORONTALO,0,0,0,0,3110,2969,91,50
02/12/2020,GORONTALO,29,0,0,29,3139,2969,91,79
03/12/2020,GORONTALO,18,0,3,15,3157,2972,91,94
04/12/2020,GORONTALO,15,0,11,4,3172,2983,91,98
05/12/2020,GORONTALO,0,0,24,-24,3172,3007,91,74
06/12/2020,GORONTALO,91,1,2,88,3263,3009,92,162
07/12/2020,GORONTALO,0,0,11,-11,3263,3020,92,151
08/12/2020,GORONTALO,3,0,4,-1,3266,3024,92,150
09/12/2020,GORONTALO,24,3,60,-39,3290,3084,95,111
10/12/2020,GORONTALO,0,0,32,-32,3290,3116,95,79
11/12/2020,GORONTALO,5,0,10,-5,3295,3126,95,74
12/12/2020,GORONTALO,11,0,6,5,3306,3132,95,79
13/12/2020,GORONTALO,0,0,5,-5,3306,3137,95,74
14/12/2020,GORONTALO,15,0,6,9,3321,3143,95,83
15/12/2020,GORONTALO,1,0,2,-1,3322,3145,95,82
16/12/2020,GORONTALO,20,1,6,13,3342,3151,96,95
17/12/2020,GORONTALO,12,0,27,-15,3354,3178,96,80
18/12/2020,GORONTALO,11,0,0,11,3365,3178,96,91
19/12/2020,GORONTALO,0,0,1,-1,3365,3179,96,90
20/12/2020,GORONTALO,3,0,4,-1,3368,3183,96,89
21/12/2020,GORONTALO,0,0,3,-3,3368,3186,96,86
22/12/2020,GORONTALO,47,1,3,43,3415,3189,97,129
23/12/2020,GORONTALO,50,2,0,48,3465,3189,99,177
24/12/2020,GORONTALO,30,2,9,19,3495,3198,101,196
25/12/2020,GORONTALO,64,0,7,57,3559,3205,101,253
26/12/2020,GORONTALO,44,0,1,43,3603,3206,101,296
27/12/2020,GORONTALO,0,0,38,-38,3603,3244,101,258
28/12/2020,GORONTALO,73,0,3,70,3676,3247,101,328
29/12/2020,GORONTALO,12,0,16,-4,3688,3263,101,324
30/12/2020,GORONTALO,7,0,20,-13,3695,3283,101,311
31/12/2020,GORONTALO,146,3,25,118,3841,3308,104,429
01/01/2021,GORONTALO,25,0,16,9,3866,3324,104,438
02/01/2021,GORONTALO,0,0,30,-30,3866,3354,104,408
03/01/2021,GORONTALO,1,0,35,-34,3867,3389,104,374
04/01/2021,GORONTALO,13,0,16,-3,3880,3405,104,371
05/01/2021,GORONTALO,8,0,33,-25,3888,3438,104,346
06/01/2021,GORONTALO,0,0,22,-22,3888,3460,104,324
07/01/2021,GORONTALO,46,0,67,-21,3934,3527,104,303
08/01/2021,GORONTALO,15,1,32,-18,3949,3559,105,285
09/01/2021,GORONTALO,12,0,4,8,3961,3563,105,293
10/01/2021,GORONTALO,8,1,44,-37,3969,3607,106,256
11/01/2021,GORONTALO,11,0,21,-10,3980,3628,106,246
12/01/2021,GORONTALO,31,0,10,21,4011,3638,106,267
13/01/2021,GORONTALO,0,0,24,-24,4011,3662,106,243
14/01/2021,GORONTALO,43,0,24,19,4054,3686,106,262
15/01/2021,GORONTALO,3,0,4,-1,4057,3690,106,261
16/01/2021,GORONTALO,8,0,0,8,4065,3690,106,269
17/01/2021,GORONTALO,9,0,0,9,4074,3690,106,278
18/01/2021,GORONTALO,6,1,151,-146,4080,3841,107,132
19/01/2021,GORONTALO,28,0,27,1,4108,3868,107,133
20/01/2021,GORONTALO,14,1,9,4,4122,3877,108,137
21/01/2021,GORONTALO,7,0,2,5,4129,3879,108,142
22/01/2021,GORONTALO,13,0,7,6,4142,3886,108,148
23/01/2021,GORONTALO,16,2,3,11,4158,3889,110,159
24/01/2021,GORONTALO,3,0,0,3,4161,3889,110,162
25/01/2021,GORONTALO,7,0,25,-18,4168,3914,110,144
26/01/2021,GORONTALO,4,2,7,-5,4172,3921,112,139
27/01/2021,GORONTALO,1,1,7,-7,4173,3928,113,132
28/01/2021,GORONTALO,55,1,3,51,4228,3931,114,183
29/01/2021,GORONTALO,16,1,15,0,4244,3946,115,183
30/01/2021,GORONTALO,39,0,14,25,4283,3960,115,208
31/01/2021,GORONTALO,25,0,2,23,4308,3962,115,231
01/02/2021,GORONTALO,3,2,9,-8,4311,3971,117,223
02/02/2021,GORONTALO,59,2,9,48,4370,3980,119,271
03/02/2021,GORONTALO,30,0,6,24,4400,3986,119,295
04/02/2021,GORONTALO,23,1,12,10,4423,3998,120,305
05/02/2021,GORONTALO,14,0,3,11,4437,4001,120,316
06/02/2021,GORONTALO,11,1,14,-4,4448,4015,121,312
07/02/2021,GORONTALO,22,1,20,1,4470,4035,122,313
08/02/2021,GORONTALO,0,0,17,-17,4470,4052,122,296
09/02/2021,GORONTALO,31,0,17,14,4501,4069,122,310
10/02/2021,GORONTALO,26,0,21,5,4527,4090,122,315
11/02/2021,GORONTALO,14,0,62,-48,4541,4152,122,267
12/02/2021,GORONTALO,29,1,9,19,4570,4161,123,286
13/02/2021,GORONTALO,4,0,27,-23,4574,4188,123,263
14/02/2021,GORONTALO,19,0,11,8,4593,4199,123,271
15/02/2021,GORONTALO,19,1,10,8,4612,4209,124,279
16/02/2021,GORONTALO,22,0,3,19,4634,4212,124,298
17/02/2021,GORONTALO,4,0,3,1,4638,4215,124,299
18/02/2021,GORONTALO,10,2,11,-3,4648,4226,126,296
19/02/2021,GORONTALO,47,0,13,34,4695,4239,126,330
20/02/2021,GORONTALO,6,0,12,-6,4701,4251,126,324
21/02/2021,GORONTALO,18,2,9,7,4719,4260,128,331
22/02/2021,GORONTALO,2,0,17,-15,4721,4277,128,316
23/02/2021,GORONTALO,10,3,12,-5,4731,4289,131,311
24/02/2021,GORONTALO,2,0,9,-7,4733,4298,131,304
25/02/2021,GORONTALO,22,2,22,-2,4755,4320,133,302
26/02/2021,GORONTALO,19,0,17,2,4774,4337,133,304
27/02/2021,GORONTALO,2,2,12,-12,4776,4349,135,292
28/02/2021,GORONTALO,18,0,10,8,4794,4359,135,300
01/03/2021,GORONTALO,4,1,20,-17,4798,4379,136,283
02/03/2021,GORONTALO,4,0,16,-12,4802,4395,136,271
03/03/2021,GORONTALO,17,0,6,11,4819,4401,136,282
04/03/2021,GORONTALO,23,0,7,16,4842,4408,136,298
05/03/2021,GORONTALO,9,0,17,-8,4851,4425,136,290
06/03/2021,GORONTALO,13,1,10,2,4864,4435,137,292
07/03/2021,GORONTALO,2,1,0,1,4866,4435,138,293
08/03/2021,GORONTALO,0,0,4,-4,4866,4439,138,289
09/03/2021,GORONTALO,0,0,21,-21,4866,4460,138,268
10/03/2021,GORONTALO,14,0,2,12,4880,4462,138,280
11/03/2021,GORONTALO,0,1,3,-4,4880,4465,139,276
12/03/2021,GORONTALO,23,0,27,-4,4903,4492,139,272
13/03/2021,GORONTALO,51,1,23,27,4954,4515,140,299
14/03/2021,GORONTALO,7,0,3,4,4961,4518,140,303
15/03/2021,GORONTALO,3,0,6,-3,4964,4524,140,300
16/03/2021,GORONTALO,3,1,5,-3,4967,4529,141,297
17/03/2021,GORONTALO,16,0,11,5,4983,4540,141,302
18/03/2021,GORONTALO,34,0,155,-121,5017,4695,141,181
19/03/2021,GORONTALO,3,0,12,-9,5020,4707,141,172
20/03/2021,GORONTALO,17,0,5,12,5037,4712,141,184
21/03/2021,GORONTALO,2,1,2,-1,5039,4714,142,183
22/03/2021,GORONTALO,2,0,16,-14,5041,4730,142,169
23/03/2021,GORONTALO,34,0,27,7,5075,4757,142,176
24/03/2021,GORONTALO,0,2,2,-4,5075,4759,144,172
25/03/2021,GORONTALO,7,0,8,-1,5082,4767,144,171
26/03/2021,GORONTALO,21,0,13,8,5103,4780,144,179
27/03/2021,GORONTALO,8,1,8,-1,5111,4788,145,178
28/03/2021,GORONTALO,8,0,0,8,5119,4788,145,186
29/03/2021,GORONTALO,2,0,14,-12,5121,4802,145,174
30/03/2021,GORONTALO,10,1,24,-15,5131,4826,146,159
31/03/2021,GORONTALO,8,0,10,-2,5139,4836,146,157
01/04/2021,GORONTALO,23,1,2,20,5162,4838,147,177
02/04/2021,GORONTALO,10,0,2,8,5172,4840,147,185
03/04/2021,GORONTALO,19,0,3,16,5191,4843,147,201
04/04/2021,GORONTALO,11,1,7,3,5202,4850,148,204
05/04/2021,GORONTALO,0,1,11,-12,5202,4861,149,192
06/04/2021,GORONTALO,7,1,8,-2,5209,4869,150,190
07/04/2021,GORONTALO,16,0,4,12,5225,4873,150,202
08/04/2021,GORONTALO,0,0,3,-3,5225,4876,150,199
09/04/2021,GORONTALO,15,0,5,10,5240,4881,150,209
10/04/2021,GORONTALO,7,0,1,6,5247,4882,150,215
11/04/2021,GORONTALO,10,0,0,10,5257,4882,150,225
12/04/2021,GORONTALO,1,0,8,-7,5258,4890,150,218
13/04/2021,GORONTALO,16,3,26,-13,5274,4916,153,205
14/04/2021,GORONTALO,7,3,13,-9,5281,4929,156,196
15/04/2021,GORONTALO,16,1,12,3,5297,4941,157,199
16/04/2021,GORONTALO,7,0,0,7,5304,4941,157,206
17/04/2021,GORONTALO,12,1,20,-9,5316,4961,158,197
18/04/2021,GORONTALO,7,0,7,0,5323,4968,158,197
30/03/2020,KEPULAUAN BANGKA BELITUNG,1,0,0,1,1,0,0,1
31/03/2020,KEPULAUAN BANGKA BELITUNG,1,1,0,0,2,0,1,1
01/04/2020,KEPULAUAN BANGKA BELITUNG,0,0,0,0,2,0,1,1
02/04/2020,KEPULAUAN BANGKA BELITUNG,0,0,0,0,2,0,1,1
03/04/2020,KEPULAUAN BANGKA BELITUNG,0,0,0,0,2,0,1,1
04/04/2020,KEPULAUAN BANGKA BELITUNG,0,0,0,0,2,0,1,1
05/04/2020,KEPULAUAN BANGKA BELITUNG,0,0,0,0,2,0,1,1
06/04/2020,KEPULAUAN BANGKA BELITUNG,0,0,0,0,2,0,1,1
07/04/2020,KEPULAUAN BANGKA BELITUNG,0,0,0,0,2,0,1,1
08/04/2020,KEPULAUAN BANGKA BELITUNG,1,0,0,1,3,0,1,2
09/04/2020,KEPULAUAN BANGKA BELITUNG,1,0,0,1,4,0,1,3
10/04/2020,KEPULAUAN BANGKA BELITUNG,0,0,0,0,4,0,1,3
11/04/2020,KEPULAUAN BANGKA BELITUNG,1,0,0,1,5,0,1,4
12/04/2020,KEPULAUAN BANGKA BELITUNG,0,0,0,0,5,0,1,4
13/04/2020,KEPULAUAN BANGKA BELITUNG,0,0,0,0,5,0,1,4
14/04/2020,KEPULAUAN BANGKA BELITUNG,0,0,0,0,5,0,1,4
15/04/2020,KEPULAUAN BANGKA BELITUNG,1,0,0,1,6,0,1,5
16/04/2020,KEPULAUAN BANGKA BELITUNG,1,0,0,1,7,0,1,6
17/04/2020,KEPULAUAN BANGKA BELITUNG,0,0,0,0,7,0,1,6
18/04/2020,KEPULAUAN BANGKA BELITUNG,0,0,1,-1,7,1,1,5
19/04/2020,KEPULAUAN BANGKA BELITUNG,1,0,0,1,8,1,1,6
20/04/2020,KEPULAUAN BANGKA BELITUNG,0,0,0,0,8,1,1,6
21/04/2020,KEPULAUAN BANGKA BELITUNG,1,0,2,-1,9,3,1,5
22/04/2020,KEPULAUAN BANGKA BELITUNG,0,0,0,0,9,3,1,5
23/04/2020,KEPULAUAN BANGKA BELITUNG,1,0,0,1,10,3,1,6
24/04/2020,KEPULAUAN BANGKA BELITUNG,0,0,0,0,10,3,1,6
25/04/2020,KEPULAUAN BANGKA BELITUNG,0,0,0,0,10,3,1,6
26/04/2020,KEPULAUAN BANGKA BELITUNG,1,0,0,1,11,3,1,7
27/04/2020,KEPULAUAN BANGKA BELITUNG,0,0,0,0,11,3,1,7
28/04/2020,KEPULAUAN BANGKA BELITUNG,0,0,0,0,11,3,1,7
29/04/2020,KEPULAUAN BANGKA BELITUNG,0,0,0,0,11,3,1,7
30/04/2020,KEPULAUAN BANGKA BELITUNG,0,0,2,-2,11,5,1,5
01/05/2020,KEPULAUAN BANGKA BELITUNG,9,0,0,9,20,5,1,14
02/05/2020,KEPULAUAN BANGKA BELITUNG,0,0,0,0,20,5,1,14
03/05/2020,KEPULAUAN BANGKA BELITUNG,1,0,0,1,21,5,1,15
04/05/2020,KEPULAUAN BANGKA BELITUNG,0,0,0,0,21,5,1,15
05/05/2020,KEPULAUAN BANGKA BELITUNG,8,0,0,8,29,5,1,23
06/05/2020,KEPULAUAN BANGKA BELITUNG,0,0,2,-2,29,7,1,21
07/05/2020,KEPULAUAN BANGKA BELITUNG,0,0,0,0,29,7,1,21
08/05/2020,KEPULAUAN BANGKA BELITUNG,0,0,1,-1,29,8,1,20
09/05/2020,KEPULAUAN BANGKA BELITUNG,0,0,0,0,29,8,1,20
10/05/2020,KEPULAUAN BANGKA BELITUNG,1,0,0,1,30,8,1,21
11/05/2020,KEPULAUAN BANGKA BELITUNG,0,0,0,0,30,8,1,21
12/05/2020,KEPULAUAN BANGKA BELITUNG,0,0,0,0,30,8,1,21
13/05/2020,KEPULAUAN BANGKA BELITUNG,0,0,0,0,30,8,1,21
14/05/2020,KEPULAUAN BANGKA BELITUNG,0,0,0,0,30,8,1,21
15/05/2020,KEPULAUAN BANGKA BELITUNG,0,0,17,-17,30,25,1,4
16/05/2020,KEPULAUAN BANGKA BELITUNG,0,0,0,0,30,25,1,4
17/05/2020,KEPULAUAN BANGKA BELITUNG,0,0,0,0,30,25,1,4
18/05/2020,KEPULAUAN BANGKA BELITUNG,0,0,0,0,30,25,1,4
19/05/2020,KEPULAUAN BANGKA BELITUNG,0,0,0,0,30,25,1,4
20/05/2020,KEPULAUAN BANGKA BELITUNG,6,0,1,5,36,26,1,9
21/05/2020,KEPULAUAN BANGKA BELITUNG,1,0,1,0,37,27,1,9
22/05/2020,KEPULAUAN BANGKA BELITUNG,0,0,0,0,37,27,1,9
23/05/2020,KEPULAUAN BANGKA BELITUNG,3,0,1,2,40,28,1,11
24/05/2020,KEPULAUAN BANGKA BELITUNG,0,0,0,0,40,28,1,11
25/05/2020,KEPULAUAN BANGKA BELITUNG,0,0,0,0,40,28,1,11
26/05/2020,KEPULAUAN BANGKA BELITUNG,0,0,0,0,40,28,1,11
27/05/2020,KEPULAUAN BANGKA BELITUNG,3,0,0,3,43,28,1,14
28/05/2020,KEPULAUAN BANGKA BELITUNG,0,0,0,0,43,28,1,14
29/05/2020,KEPULAUAN BANGKA BELITUNG,0,0,0,0,43,28,1,14
30/05/2020,KEPULAUAN BANGKA BELITUNG,3,0,0,3,46,28,1,17
31/05/2020,KEPULAUAN BANGKA BELITUNG,1,0,1,0,47,29,1,17
01/06/2020,KEPULAUAN BANGKA BELITUNG,0,0,0,0,47,29,1,17
02/06/2020,KEPULAUAN BANGKA BELITUNG,4,0,1,3,51,30,1,20
03/06/2020,KEPULAUAN BANGKA BELITUNG,12,0,3,9,63,33,1,29
04/06/2020,KEPULAUAN BANGKA BELITUNG,10,0,2,8,73,35,1,37
05/06/2020,KEPULAUAN BANGKA BELITUNG,9,0,0,9,82,35,1,46
06/06/2020,KEPULAUAN BANGKA BELITUNG,17,0,1,16,99,36,1,62
07/06/2020,KEPULAUAN BANGKA BELITUNG,4,0,1,3,103,37,1,65
08/06/2020,KEPULAUAN BANGKA BELITUNG,0,0,1,-1,103,38,1,64
09/06/2020,KEPULAUAN BANGKA BELITUNG,19,0,5,14,122,43,1,78
10/06/2020,KEPULAUAN BANGKA BELITUNG,2,0,1,1,124,44,1,79
11/06/2020,KEPULAUAN BANGKA BELITUNG,3,0,3,0,127,47,1,79
12/06/2020,KEPULAUAN BANGKA BELITUNG,6,0,8,-2,133,55,1,77
13/06/2020,KEPULAUAN BANGKA BELITUNG,4,0,9,-5,137,64,1,72
14/06/2020,KEPULAUAN BANGKA BELITUNG,8,1,0,7,145,64,2,79
15/06/2020,KEPULAUAN BANGKA BELITUNG,0,0,0,0,145,64,2,79
16/06/2020,KEPULAUAN BANGKA BELITUNG,1,0,5,-4,146,69,2,75
17/06/2020,KEPULAUAN BANGKA BELITUNG,2,0,27,-25,148,96,2,50
18/06/2020,KEPULAUAN BANGKA BELITUNG,0,0,6,-6,148,102,2,44
19/06/2020,KEPULAUAN BANGKA BELITUNG,0,0,6,-6,148,108,2,38
20/06/2020,KEPULAUAN BANGKA BELITUNG,1,0,0,1,149,108,2,39
21/06/2020,KEPULAUAN BANGKA BELITUNG,0,0,0,0,149,108,2,39
22/06/2020,KEPULAUAN BANGKA BELITUNG,0,0,10,-10,149,118,2,29
23/06/2020,KEPULAUAN BANGKA BELITUNG,0,0,0,0,149,118,2,29
24/06/2020,KEPULAUAN BANGKA BELITUNG,0,0,9,-9,149,127,2,20
25/06/2020,KEPULAUAN BANGKA BELITUNG,0,0,1,-1,149,128,2,19
26/06/2020,KEPULAUAN BANGKA BELITUNG,0,0,3,-3,149,131,2,16
27/06/2020,KEPULAUAN BANGKA BELITUNG,1,0,2,-1,150,133,2,15
28/06/2020,KEPULAUAN BANGKA BELITUNG,0,0,0,0,150,133,2,15
29/06/2020,KEPULAUAN BANGKA BELITUNG,3,0,1,2,153,134,2,17
30/06/2020,KEPULAUAN BANGKA BELITUNG,0,0,1,-1,153,135,2,16
01/07/2020,KEPULAUAN BANGKA BELITUNG,3,0,1,2,156,136,2,18
02/07/2020,KEPULAUAN BANGKA BELITUNG,0,0,1,-1,156,137,2,17
03/07/2020,KEPULAUAN BANGKA BELITUNG,2,0,0,2,158,137,2,19
04/07/2020,KEPULAUAN BANGKA BELITUNG,4,0,0,4,162,137,2,23
05/07/2020,KEPULAUAN BANGKA BELITUNG,2,0,0,2,164,137,2,25
06/07/2020,KEPULAUAN BANGKA BELITUNG,6,0,0,6,170,137,2,31
07/07/2020,KEPULAUAN BANGKA BELITUNG,2,0,3,-1,172,140,2,30
08/07/2020,KEPULAUAN BANGKA BELITUNG,0,0,0,0,172,140,2,30
09/07/2020,KEPULAUAN BANGKA BELITUNG,0,0,1,-1,172,141,2,29
10/07/2020,KEPULAUAN BANGKA BELITUNG,0,0,1,-1,172,142,2,28
11/07/2020,KEPULAUAN BANGKA BELITUNG,1,0,1,0,173,143,2,28
12/07/2020,KEPULAUAN BANGKA BELITUNG,0,0,0,0,173,143,2,28
13/07/2020,KEPULAUAN BANGKA BELITUNG,0,0,3,-3,173,146,2,25
14/07/2020,KEPULAUAN BANGKA BELITUNG,2,0,0,2,175,146,2,27
15/07/2020,KEPULAUAN BANGKA BELITUNG,1,0,5,-4,176,151,2,23
16/07/2020,KEPULAUAN BANGKA BELITUNG,0,0,16,-16,176,167,2,7
17/07/2020,KEPULAUAN BANGKA BELITUNG,0,0,0,0,176,167,2,7
18/07/2020,KEPULAUAN BANGKA BELITUNG,1,0,1,0,177,168,2,7
19/07/2020,KEPULAUAN BANGKA BELITUNG,0,0,0,0,177,168,2,7
20/07/2020,KEPULAUAN BANGKA BELITUNG,4,0,0,4,181,168,2,11
21/07/2020,KEPULAUAN BANGKA BELITUNG,0,0,0,0,181,168,2,11
22/07/2020,KEPULAUAN BANGKA BELITUNG,1,0,2,-1,182,170,2,10
23/07/2020,KEPULAUAN BANGKA BELITUNG,1,0,0,1,183,170,2,11
24/07/2020,KEPULAUAN BANGKA BELITUNG,3,0,0,3,186,170,2,14
25/07/2020,KEPULAUAN BANGKA BELITUNG,1,0,3,-2,187,173,2,12
26/07/2020,KEPULAUAN BANGKA BELITUNG,2,0,1,1,189,174,2,13
27/07/2020,KEPULAUAN BANGKA BELITUNG,3,0,0,3,192,174,2,16
28/07/2020,KEPULAUAN BANGKA BELITUNG,0,0,0,0,192,174,2,16
29/07/2020,KEPULAUAN BANGKA BELITUNG,2,0,0,2,194,174,2,18
30/07/2020,KEPULAUAN BANGKA BELITUNG,0,0,0,0,194,174,2,18
31/07/2020,KEPULAUAN BANGKA BELITUNG,0,0,0,0,194,174,2,18
01/08/2020,KEPULAUAN BANGKA BELITUNG,0,0,0,0,194,174,2,18
02/08/2020,KEPULAUAN BANGKA BELITUNG,0,0,0,0,194,174,2,18
03/08/2020,KEPULAUAN BANGKA BELITUNG,3,0,0,3,197,174,2,21
04/08/2020,KEPULAUAN BANGKA BELITUNG,0,0,2,-2,197,176,2,19
05/08/2020,KEPULAUAN BANGKA BELITUNG,1,0,7,-6,198,183,2,13
06/08/2020,KEPULAUAN BANGKA BELITUNG,0,0,0,0,198,183,2,13
07/08/2020,KEPULAUAN BANGKA BELITUNG,3,0,3,0,201,186,2,13
08/08/2020,KEPULAUAN BANGKA BELITUNG,0,0,3,-3,201,189,2,10
09/08/2020,KEPULAUAN BANGKA BELITUNG,1,0,1,0,202,190,2,10
10/08/2020,KEPULAUAN BANGKA BELITUNG,2,0,0,2,204,190,2,12
11/08/2020,KEPULAUAN BANGKA BELITUNG,0,0,0,0,204,190,2,12
12/08/2020,KEPULAUAN BANGKA BELITUNG,0,0,6,-6,204,196,2,6
13/08/2020,KEPULAUAN BANGKA BELITUNG,0,0,0,0,204,196,2,6
14/08/2020,KEPULAUAN BANGKA BELITUNG,2,0,0,2,206,196,2,8
15/08/2020,KEPULAUAN BANGKA BELITUNG,2,0,0,2,208,196,2,10
16/08/2020,KEPULAUAN BANGKA BELITUNG,5,0,1,4,213,197,2,14
17/08/2020,KEPULAUAN BANGKA BELITUNG,2,0,0,2,215,197,2,16
18/08/2020,KEPULAUAN BANGKA BELITUNG,2,0,2,0,217,199,2,16
19/08/2020,KEPULAUAN BANGKA BELITUNG,3,0,3,0,220,202,2,16
20/08/2020,KEPULAUAN BANGKA BELITUNG,1,0,0,1,221,202,2,17
21/08/2020,KEPULAUAN BANGKA BELITUNG,2,0,0,2,223,202,2,19
22/08/2020,KEPULAUAN BANGKA BELITUNG,4,0,0,4,227,202,2,23
23/08/2020,KEPULAUAN BANGKA BELITUNG,2,0,0,2,229,202,2,25
24/08/2020,KEPULAUAN BANGKA BELITUNG,0,0,2,-2,229,204,2,23
25/08/2020,KEPULAUAN BANGKA BELITUNG,3,0,5,-2,232,209,2,21
26/08/2020,KEPULAUAN BANGKA BELITUNG,4,0,4,0,236,213,2,21
27/08/2020,KEPULAUAN BANGKA BELITUNG,0,0,0,0,236,213,2,21
28/08/2020,KEPULAUAN BANGKA BELITUNG,0,0,2,-2,236,215,2,19
29/08/2020,KEPULAUAN BANGKA BELITUNG,0,0,3,-3,236,218,2,16
30/08/2020,KEPULAUAN BANGKA BELITUNG,4,0,0,4,240,218,2,20
31/08/2020,KEPULAUAN BANGKA BELITUNG,0,0,6,-6,240,224,2,14
01/09/2020,KEPULAUAN BANGKA BELITUNG,0,0,0,0,240,224,2,14
02/09/2020,KEPULAUAN BANGKA BELITUNG,0,0,1,-1,240,225,2,13
03/09/2020,KEPULAUAN BANGKA BELITUNG,1,0,2,-1,241,227,2,12
04/09/2020,KEPULAUAN BANGKA BELITUNG,2,0,2,0,243,229,2,12
05/09/2020,KEPULAUAN BANGKA BELITUNG,0,0,3,-3,243,232,2,9
06/09/2020,KEPULAUAN BANGKA BELITUNG,1,0,0,1,244,232,2,10
07/09/2020,KEPULAUAN BANGKA BELITUNG,0,0,0,0,244,232,2,10
08/09/2020,KEPULAUAN BANGKA BELITUNG,7,0,4,3,251,236,2,13
09/09/2020,KEPULAUAN BANGKA BELITUNG,2,0,0,2,253,236,2,15
10/09/2020,KEPULAUAN BANGKA BELITUNG,11,1,2,8,264,238,3,23
11/09/2020,KEPULAUAN BANGKA BELITUNG,7,0,0,7,271,238,3,30
12/09/2020,KEPULAUAN BANGKA BELITUNG,5,0,0,5,276,238,3,35
13/09/2020,KEPULAUAN BANGKA BELITUNG,8,0,2,6,284,240,3,41
14/09/2020,KEPULAUAN BANGKA BELITUNG,0,0,0,0,284,240,3,41
15/09/2020,KEPULAUAN BANGKA BELITUNG,1,0,5,-4,285,245,3,37
16/09/2020,KEPULAUAN BANGKA BELITUNG,11,0,2,9,296,247,3,46
17/09/2020,KEPULAUAN BANGKA BELITUNG,10,0,0,10,306,247,3,56
18/09/2020,KEPULAUAN BANGKA BELITUNG,1,1,3,-3,307,250,4,53
19/09/2020,KEPULAUAN BANGKA BELITUNG,4,0,13,-9,311,263,4,44
20/09/2020,KEPULAUAN BANGKA BELITUNG,1,0,2,-1,312,265,4,43
21/09/2020,KEPULAUAN BANGKA BELITUNG,1,0,4,-3,313,269,4,40
22/09/2020,KEPULAUAN BANGKA BELITUNG,8,0,1,7,321,270,4,47
23/09/2020,KEPULAUAN BANGKA BELITUNG,14,0,0,14,335,270,4,61
24/09/2020,KEPULAUAN BANGKA BELITUNG,1,0,5,-4,336,275,4,57
25/09/2020,KEPULAUAN BANGKA BELITUNG,1,0,3,-2,337,278,4,55
26/09/2020,KEPULAUAN BANGKA BELITUNG,1,0,1,0,338,279,4,55
27/09/2020,KEPULAUAN BANGKA BELITUNG,0,0,13,-13,338,292,4,42
28/09/2020,KEPULAUAN BANGKA BELITUNG,0,0,9,-9,338,301,4,33
29/09/2020,KEPULAUAN BANGKA BELITUNG,10,0,2,8,348,303,4,41
30/09/2020,KEPULAUAN BANGKA BELITUNG,14,0,1,13,362,304,4,54
01/10/2020,KEPULAUAN BANGKA BELITUNG,10,0,0,10,372,304,4,64
02/10/2020,KEPULAUAN BANGKA BELITUNG,16,1,9,6,388,313,5,70
03/10/2020,KEPULAUAN BANGKA BELITUNG,19,0,4,15,407,317,5,85
04/10/2020,KEPULAUAN BANGKA BELITUNG,5,1,6,-2,412,323,6,83
05/10/2020,KEPULAUAN BANGKA BELITUNG,12,0,6,6,424,329,6,89
06/10/2020,KEPULAUAN BANGKA BELITUNG,5,0,2,3,429,331,6,92
07/10/2020,KEPULAUAN BANGKA BELITUNG,10,0,1,9,439,332,6,101
08/10/2020,KEPULAUAN BANGKA BELITUNG,2,0,0,2,441,332,6,103
09/10/2020,KEPULAUAN BANGKA BELITUNG,14,0,2,12,455,334,6,115
10/10/2020,KEPULAUAN BANGKA BELITUNG,7,0,23,-16,462,357,6,99
11/10/2020,KEPULAUAN BANGKA BELITUNG,13,0,5,8,475,362,6,107
12/10/2020,KEPULAUAN BANGKA BELITUNG,0,0,2,-2,475,364,6,105
13/10/2020,KEPULAUAN BANGKA BELITUNG,1,0,13,-12,476,377,6,93
14/10/2020,KEPULAUAN BANGKA BELITUNG,5,0,26,-21,481,403,6,72
15/10/2020,KEPULAUAN BANGKA BELITUNG,4,0,10,-6,485,413,6,66
16/10/2020,KEPULAUAN BANGKA BELITUNG,4,0,6,-2,489,419,6,64
17/10/2020,KEPULAUAN BANGKA BELITUNG,11,0,12,-1,500,431,6,63
18/10/2020,KEPULAUAN BANGKA BELITUNG,16,1,6,9,516,437,7,72
19/10/2020,KEPULAUAN BANGKA BELITUNG,1,0,15,-14,517,452,7,58
20/10/2020,KEPULAUAN BANGKA BELITUNG,7,0,5,2,524,457,7,60
21/10/2020,KEPULAUAN BANGKA BELITUNG,15,0,5,10,539,462,7,70
22/10/2020,KEPULAUAN BANGKA BELITUNG,6,0,7,-1,545,469,7,69
23/10/2020,KEPULAUAN BANGKA BELITUNG,0,0,3,-3,545,472,7,66
24/10/2020,KEPULAUAN BANGKA BELITUNG,5,0,2,3,550,474,7,69
25/10/2020,KEPULAUAN BANGKA BELITUNG,4,0,2,2,554,476,7,71
26/10/2020,KEPULAUAN BANGKA BELITUNG,1,0,7,-6,555,483,7,65
27/10/2020,KEPULAUAN BANGKA BELITUNG,12,0,13,-1,567,496,7,64
28/10/2020,KEPULAUAN BANGKA BELITUNG,7,0,15,-8,574,511,7,56
29/10/2020,KEPULAUAN BANGKA BELITUNG,5,0,2,3,579,513,7,59
30/10/2020,KEPULAUAN BANGKA BELITUNG,3,0,0,3,582,513,7,62
31/10/2020,KEPULAUAN BANGKA BELITUNG,2,0,12,-10,584,525,7,52
01/11/2020,KEPULAUAN BANGKA BELITUNG,4,0,2,2,588,527,7,54
02/11/2020,KEPULAUAN BANGKA BELITUNG,5,0,7,-2,593,534,7,52
03/11/2020,KEPULAUAN BANGKA BELITUNG,11,0,7,4,604,541,7,56
04/11/2020,KEPULAUAN BANGKA BELITUNG,34,0,6,28,638,547,7,84
05/11/2020,KEPULAUAN BANGKA BELITUNG,15,0,3,12,653,550,7,96
06/11/2020,KEPULAUAN BANGKA BELITUNG,15,0,13,2,668,563,7,98
07/11/2020,KEPULAUAN BANGKA BELITUNG,13,0,4,9,681,567,7,107
08/11/2020,KEPULAUAN BANGKA BELITUNG,16,0,9,7,697,576,7,114
09/11/2020,KEPULAUAN BANGKA BELITUNG,0,0,7,-7,697,583,7,107
10/11/2020,KEPULAUAN BANGKA BELITUNG,10,1,0,9,707,583,8,116
11/11/2020,KEPULAUAN BANGKA BELITUNG,48,0,3,45,755,586,8,161
12/11/2020,KEPULAUAN BANGKA BELITUNG,23,2,4,17,778,590,10,178
13/11/2020,KEPULAUAN BANGKA BELITUNG,11,0,9,2,789,599,10,180
14/11/2020,KEPULAUAN BANGKA BELITUNG,15,0,45,-30,804,644,10,150
15/11/2020,KEPULAUAN BANGKA BELITUNG,0,0,10,-10,804,654,10,140
16/11/2020,KEPULAUAN BANGKA BELITUNG,2,0,7,-5,806,661,10,135
17/11/2020,KEPULAUAN BANGKA BELITUNG,15,0,46,-31,821,707,10,104
18/11/2020,KEPULAUAN BANGKA BELITUNG,12,0,14,-2,833,721,10,102
19/11/2020,KEPULAUAN BANGKA BELITUNG,23,1,0,22,856,721,11,124
20/11/2020,KEPULAUAN BANGKA BELITUNG,10,0,27,-17,866,748,11,107
21/11/2020,KEPULAUAN BANGKA BELITUNG,8,0,7,1,874,755,11,108
22/11/2020,KEPULAUAN BANGKA BELITUNG,9,0,5,4,883,760,11,112
23/11/2020,KEPULAUAN BANGKA BELITUNG,11,1,6,4,894,766,12,116
24/11/2020,KEPULAUAN BANGKA BELITUNG,15,0,5,10,909,771,12,126
25/11/2020,KEPULAUAN BANGKA BELITUNG,19,0,12,7,928,783,12,133
26/11/2020,KEPULAUAN BANGKA BELITUNG,17,0,2,15,945,785,12,148
27/11/2020,KEPULAUAN BANGKA BELITUNG,20,0,11,9,965,796,12,157
28/11/2020,KEPULAUAN BANGKA BELITUNG,18,1,23,-6,983,819,13,151
29/11/2020,KEPULAUAN BANGKA BELITUNG,12,0,23,-11,995,842,13,140
30/11/2020,KEPULAUAN BANGKA BELITUNG,8,0,12,-4,1003,854,13,136
01/12/2020,KEPULAUAN BANGKA BELITUNG,34,1,23,10,1037,877,14,146
02/12/2020,KEPULAUAN BANGKA BELITUNG,14,0,6,8,1051,883,14,154
03/12/2020,KEPULAUAN BANGKA BELITUNG,30,1,9,20,1081,892,15,174
04/12/2020,KEPULAUAN BANGKA BELITUNG,81,0,9,72,1162,901,15,246
05/12/2020,KEPULAUAN BANGKA BELITUNG,26,2,23,1,1188,924,17,247
06/12/2020,KEPULAUAN BANGKA BELITUNG,42,0,30,12,1230,954,17,259
07/12/2020,KEPULAUAN BANGKA BELITUNG,14,1,21,-8,1244,975,18,251
08/12/2020,KEPULAUAN BANGKA BELITUNG,40,0,15,25,1284,990,18,276
09/12/2020,KEPULAUAN BANGKA BELITUNG,22,1,12,9,1306,1002,19,285
10/12/2020,KEPULAUAN BANGKA BELITUNG,13,0,4,9,1319,1006,19,294
11/12/2020,KEPULAUAN BANGKA BELITUNG,28,0,54,-26,1347,1060,19,268
12/12/2020,KEPULAUAN BANGKA BELITUNG,39,0,15,24,1386,1075,19,292
13/12/2020,KEPULAUAN BANGKA BELITUNG,49,1,33,15,1435,1108,20,307
14/12/2020,KEPULAUAN BANGKA BELITUNG,13,0,27,-14,1448,1135,20,293
15/12/2020,KEPULAUAN BANGKA BELITUNG,39,1,53,-15,1487,1188,21,278
16/12/2020,KEPULAUAN BANGKA BELITUNG,41,3,31,7,1528,1219,24,285
17/12/2020,KEPULAUAN BANGKA BELITUNG,50,0,15,35,1578,1234,24,320
18/12/2020,KEPULAUAN BANGKA BELITUNG,35,1,26,8,1613,1260,25,328
19/12/2020,KEPULAUAN BANGKA BELITUNG,32,1,37,-6,1645,1297,26,322
20/12/2020,KEPULAUAN BANGKA BELITUNG,53,1,21,31,1698,1318,27,353
21/12/2020,KEPULAUAN BANGKA BELITUNG,21,0,40,-19,1719,1358,27,334
22/12/2020,KEPULAUAN BANGKA BELITUNG,33,1,29,3,1752,1387,28,337
23/12/2020,KEPULAUAN BANGKA BELITUNG,50,0,5,45,1802,1392,28,382
24/12/2020,KEPULAUAN BANGKA BELITUNG,68,0,22,46,1870,1414,28,428
25/12/2020,KEPULAUAN BANGKA BELITUNG,79,2,54,23,1949,1468,30,451
26/12/2020,KEPULAUAN BANGKA BELITUNG,54,1,16,37,2003,1484,31,488
27/12/2020,KEPULAUAN BANGKA BELITUNG,75,1,64,10,2078,1548,32,498
28/12/2020,KEPULAUAN BANGKA BELITUNG,61,0,43,18,2139,1591,32,516
29/12/2020,KEPULAUAN BANGKA BELITUNG,54,1,38,15,2193,1629,33,531
30/12/2020,KEPULAUAN BANGKA BELITUNG,90,1,34,55,2283,1663,34,586
31/12/2020,KEPULAUAN BANGKA BELITUNG,55,1,55,-1,2338,1718,35,585
01/01/2021,KEPULAUAN BANGKA BELITUNG,80,1,40,39,2418,1758,36,624
02/01/2021,KEPULAUAN BANGKA BELITUNG,60,0,36,24,2478,1794,36,648
03/01/2021,KEPULAUAN BANGKA BELITUNG,60,0,54,6,2538,1848,36,654
04/01/2021,KEPULAUAN BANGKA BELITUNG,50,3,45,2,2588,1893,39,656
05/01/2021,KEPULAUAN BANGKA BELITUNG,51,3,88,-40,2639,1981,42,616
06/01/2021,KEPULAUAN BANGKA BELITUNG,78,3,74,1,2717,2055,45,617
07/01/2021,KEPULAUAN BANGKA BELITUNG,47,3,80,-36,2764,2135,48,581
08/01/2021,KEPULAUAN BANGKA BELITUNG,75,0,49,26,2839,2184,48,607
09/01/2021,KEPULAUAN BANGKA BELITUNG,71,0,39,32,2910,2223,48,639
10/01/2021,KEPULAUAN BANGKA BELITUNG,96,4,89,3,3006,2312,52,642
11/01/2021,KEPULAUAN BANGKA BELITUNG,91,1,63,27,3097,2375,53,669
12/01/2021,KEPULAUAN BANGKA BELITUNG,36,0,37,-1,3133,2412,53,668
13/01/2021,KEPULAUAN BANGKA BELITUNG,88,3,68,17,3221,2480,56,685
14/01/2021,KEPULAUAN BANGKA BELITUNG,62,2,73,-13,3283,2553,58,672
15/01/2021,KEPULAUAN BANGKA BELITUNG,45,3,77,-35,3328,2630,61,637
16/01/2021,KEPULAUAN BANGKA BELITUNG,69,1,43,25,3397,2673,62,662
17/01/2021,KEPULAUAN BANGKA BELITUNG,85,1,97,-13,3482,2770,63,649
18/01/2021,KEPULAUAN BANGKA BELITUNG,60,2,95,-37,3542,2865,65,612
19/01/2021,KEPULAUAN BANGKA BELITUNG,43,1,42,0,3585,2907,66,612
20/01/2021,KEPULAUAN BANGKA BELITUNG,55,3,87,-35,3640,2994,69,577
21/01/2021,KEPULAUAN BANGKA BELITUNG,79,5,60,14,3719,3054,74,591
22/01/2021,KEPULAUAN BANGKA BELITUNG,103,1,114,-12,3822,3168,75,579
23/01/2021,KEPULAUAN BANGKA BELITUNG,94,1,103,-10,3916,3271,76,569
24/01/2021,KEPULAUAN BANGKA BELITUNG,75,2,47,26,3991,3318,78,595
25/01/2021,KEPULAUAN BANGKA BELITUNG,118,0,132,-14,4109,3450,78,581
26/01/2021,KEPULAUAN BANGKA BELITUNG,79,1,63,15,4188,3513,79,596
27/01/2021,KEPULAUAN BANGKA BELITUNG,90,0,76,14,4278,3589,79,610
28/01/2021,KEPULAUAN BANGKA BELITUNG,95,0,71,24,4373,3660,79,634
29/01/2021,KEPULAUAN BANGKA BELITUNG,117,2,78,37,4490,3738,81,671
30/01/2021,KEPULAUAN BANGKA BELITUNG,123,1,103,19,4613,3841,82,690
31/01/2021,KEPULAUAN BANGKA BELITUNG,55,1,67,-13,4668,3908,83,677
01/02/2021,KEPULAUAN BANGKA BELITUNG,69,1,39,29,4737,3947,84,706
02/02/2021,KEPULAUAN BANGKA BELITUNG,38,0,53,-15,4775,4000,84,691
03/02/2021,KEPULAUAN BANGKA BELITUNG,97,1,70,26,4872,4070,85,717
04/02/2021,KEPULAUAN BANGKA BELITUNG,121,0,119,2,4993,4189,85,719
05/02/2021,KEPULAUAN BANGKA BELITUNG,115,1,81,33,5108,4270,86,752
06/02/2021,KEPULAUAN BANGKA BELITUNG,135,1,109,25,5243,4379,87,777
07/02/2021,KEPULAUAN BANGKA BELITUNG,95,1,105,-11,5338,4484,88,766
08/02/2021,KEPULAUAN BANGKA BELITUNG,95,3,77,15,5433,4561,91,781
09/02/2021,KEPULAUAN BANGKA BELITUNG,28,1,55,-28,5461,4616,92,753
10/02/2021,KEPULAUAN BANGKA BELITUNG,89,0,95,-6,5550,4711,92,747
11/02/2021,KEPULAUAN BANGKA BELITUNG,160,3,98,59,5710,4809,95,806
12/02/2021,KEPULAUAN BANGKA BELITUNG,114,1,151,-38,5824,4960,96,768
13/02/2021,KEPULAUAN BANGKA BELITUNG,133,1,119,13,5957,5079,97,781
14/02/2021,KEPULAUAN BANGKA BELITUNG,130,0,74,56,6087,5153,97,837
15/02/2021,KEPULAUAN BANGKA BELITUNG,138,0,122,16,6225,5275,97,853
16/02/2021,KEPULAUAN BANGKA BELITUNG,54,0,12,42,6279,5287,97,895
17/02/2021,KEPULAUAN BANGKA BELITUNG,116,0,19,97,6395,5306,97,992
18/02/2021,KEPULAUAN BANGKA BELITUNG,127,5,247,-125,6522,5553,102,867
19/02/2021,KEPULAUAN BANGKA BELITUNG,85,1,185,-101,6607,5738,103,766
20/02/2021,KEPULAUAN BANGKA BELITUNG,132,1,99,32,6739,5837,104,798
21/02/2021,KEPULAUAN BANGKA BELITUNG,55,1,54,0,6794,5891,105,798
22/02/2021,KEPULAUAN BANGKA BELITUNG,70,0,79,-9,6864,5970,105,789
23/02/2021,KEPULAUAN BANGKA BELITUNG,41,1,43,-3,6905,6013,106,786
24/02/2021,KEPULAUAN BANGKA BELITUNG,236,2,66,168,7141,6079,108,954
25/02/2021,KEPULAUAN BANGKA BELITUNG,45,1,286,-242,7186,6365,109,712
26/02/2021,KEPULAUAN BANGKA BELITUNG,70,1,58,11,7256,6423,110,723
27/02/2021,KEPULAUAN BANGKA BELITUNG,44,1,88,-45,7300,6511,111,678
28/02/2021,KEPULAUAN BANGKA BELITUNG,47,0,87,-40,7347,6598,111,638
01/03/2021,KEPULAUAN BANGKA BELITUNG,27,1,53,-27,7374,6651,112,611
02/03/2021,KEPULAUAN BANGKA BELITUNG,26,0,54,-28,7400,6705,112,583
03/03/2021,KEPULAUAN BANGKA BELITUNG,61,0,83,-22,7461,6788,112,561
04/03/2021,KEPULAUAN BANGKA BELITUNG,32,0,36,-4,7493,6824,112,557
05/03/2021,KEPULAUAN BANGKA BELITUNG,50,0,81,-31,7543,6905,112,526
06/03/2021,KEPULAUAN BANGKA BELITUNG,75,1,85,-11,7618,6990,113,515
07/03/2021,KEPULAUAN BANGKA BELITUNG,37,3,56,-22,7655,7046,116,493
08/03/2021,KEPULAUAN BANGKA BELITUNG,62,1,48,13,7717,7094,117,506
09/03/2021,KEPULAUAN BANGKA BELITUNG,49,1,57,-9,7766,7151,118,497
10/03/2021,KEPULAUAN BANGKA BELITUNG,22,0,16,6,7788,7167,118,503
11/03/2021,KEPULAUAN BANGKA BELITUNG,54,1,17,36,7842,7184,119,539
12/03/2021,KEPULAUAN BANGKA BELITUNG,63,4,60,-1,7905,7244,123,538
13/03/2021,KEPULAUAN BANGKA BELITUNG,68,1,41,26,7973,7285,124,564
14/03/2021,KEPULAUAN BANGKA BELITUNG,86,0,33,53,8059,7318,124,617
15/03/2021,KEPULAUAN BANGKA BELITUNG,49,2,30,17,8108,7348,126,634
16/03/2021,KEPULAUAN BANGKA BELITUNG,91,1,52,38,8199,7400,127,672
17/03/2021,KEPULAUAN BANGKA BELITUNG,50,0,32,18,8249,7432,127,690
18/03/2021,KEPULAUAN BANGKA BELITUNG,59,4,63,-8,8308,7495,131,682
19/03/2021,KEPULAUAN BANGKA BELITUNG,58,1,45,12,8366,7540,132,694
20/03/2021,KEPULAUAN BANGKA BELITUNG,165,1,101,63,8531,7641,133,757
21/03/2021,KEPULAUAN BANGKA BELITUNG,95,3,92,0,8626,7733,136,757
22/03/2021,KEPULAUAN BANGKA BELITUNG,84,3,78,3,8710,7811,139,760
23/03/2021,KEPULAUAN BANGKA BELITUNG,44,1,86,-43,8754,7897,140,717
24/03/2021,KEPULAUAN BANGKA BELITUNG,68,0,41,27,8822,7938,140,744
25/03/2021,KEPULAUAN BANGKA BELITUNG,101,2,83,16,8923,8021,142,760
26/03/2021,KEPULAUAN BANGKA BELITUNG,52,0,93,-41,8975,8114,142,719
27/03/2021,KEPULAUAN BANGKA BELITUNG,75,3,53,19,9050,8167,145,738
28/03/2021,KEPULAUAN BANGKA BELITUNG,94,2,50,42,9144,8217,147,780
29/03/2021,KEPULAUAN BANGKA BELITUNG,63,2,54,7,9207,8271,149,787
30/03/2021,KEPULAUAN BANGKA BELITUNG,89,3,60,26,9296,8331,152,813
31/03/2021,KEPULAUAN BANGKA BELITUNG,68,3,90,-25,9364,8421,155,788
01/04/2021,KEPULAUAN BANGKA BELITUNG,100,2,61,37,9464,8482,157,825
02/04/2021,KEPULAUAN BANGKA BELITUNG,46,0,64,-18,9510,8546,157,807
03/04/2021,KEPULAUAN BANGKA BELITUNG,83,1,103,-21,9593,8649,158,786
04/04/2021,KEPULAUAN BANGKA BELITUNG,60,2,55,3,9653,8704,160,789
05/04/2021,KEPULAUAN BANGKA BELITUNG,102,2,80,20,9755,8784,162,809
06/04/2021,KEPULAUAN BANGKA BELITUNG,62,2,38,22,9817,8822,164,831
07/04/2021,KEPULAUAN BANGKA BELITUNG,72,1,69,2,9889,8891,165,833
08/04/2021,KEPULAUAN BANGKA BELITUNG,95,0,134,-39,9984,9025,165,794
09/04/2021,KEPULAUAN BANGKA BELITUNG,71,2,45,24,10055,9070,167,818
10/04/2021,KEPULAUAN BANGKA BELITUNG,54,2,92,-40,10109,9162,169,778
11/04/2021,KEPULAUAN BANGKA BELITUNG,183,2,142,39,10292,9304,171,817
12/04/2021,KEPULAUAN BANGKA BELITUNG,81,2,57,22,10373,9361,173,839
13/04/2021,KEPULAUAN BANGKA BELITUNG,117,0,66,51,10490,9427,173,890
14/04/2021,KEPULAUAN BANGKA BELITUNG,144,0,34,110,10634,9461,173,1000
15/04/2021,KEPULAUAN BANGKA BELITUNG,188,2,116,70,10822,9577,175,1070
16/04/2021,KEPULAUAN BANGKA BELITUNG,146,2,59,85,10968,9636,177,1155
17/04/2021,KEPULAUAN BANGKA BELITUNG,94,2,46,46,11062,9682,179,1201
18/04/2021,KEPULAUAN BANGKA BELITUNG,114,1,47,66,11176,9729,180,1267
26/03/2020,ACEH,1,0,0,1,1,0,0,1
27/03/2020,ACEH,3,0,0,3,4,0,0,4
28/03/2020,ACEH,1,0,0,1,5,0,0,5
29/03/2020,ACEH,0,0,0,0,5,0,0,5
30/03/2020,ACEH,0,0,0,0,5,0,0,5
31/03/2020,ACEH,0,0,0,0,5,0,0,5
01/04/2020,ACEH,0,0,0,0,5,0,0,5
02/04/2020,ACEH,0,0,0,0,5,0,0,5
03/04/2020,ACEH,0,0,0,0,5,0,0,5
04/04/2020,ACEH,0,0,0,0,5,0,0,5
05/04/2020,ACEH,0,0,0,0,5,0,0,5
06/04/2020,ACEH,0,0,0,0,5,0,0,5
07/04/2020,ACEH,0,0,0,0,5,0,0,5
08/04/2020,ACEH,0,0,0,0,5,0,0,5
09/04/2020,ACEH,0,0,1,-1,5,1,0,4
10/04/2020,ACEH,0,0,0,0,5,1,0,4
11/04/2020,ACEH,0,0,0,0,5,1,0,4
12/04/2020,ACEH,0,0,0,0,5,1,0,4
13/04/2020,ACEH,0,0,2,-2,5,3,0,2
14/04/2020,ACEH,0,0,0,0,5,3,0,2
15/04/2020,ACEH,0,0,0,0,5,3,0,2
16/04/2020,ACEH,0,0,0,0,5,3,0,2
17/04/2020,ACEH,0,0,0,0,5,3,0,2
18/04/2020,ACEH,1,0,0,1,6,3,0,3
19/04/2020,ACEH,1,0,0,1,7,3,0,4
20/04/2020,ACEH,0,0,0,0,7,3,0,4
21/04/2020,ACEH,0,0,0,0,7,3,0,4
22/04/2020,ACEH,0,0,0,0,7,3,0,4
23/04/2020,ACEH,0,1,0,-1,7,3,1,3
24/04/2020,ACEH,1,0,0,1,8,3,1,4
25/04/2020,ACEH,1,0,0,1,9,3,1,5
26/04/2020,ACEH,0,0,0,0,9,3,1,5
27/04/2020,ACEH,0,0,1,-1,9,4,1,4
28/04/2020,ACEH,0,0,1,-1,9,5,1,3
29/04/2020,ACEH,0,0,1,-1,9,6,1,2
30/04/2020,ACEH,1,0,0,1,10,6,1,3
01/05/2020,ACEH,1,0,0,1,11,6,1,4
02/05/2020,ACEH,0,0,0,0,11,6,1,4
03/05/2020,ACEH,1,0,2,-1,12,8,1,3
04/05/2020,ACEH,0,0,0,0,12,8,1,3
05/05/2020,ACEH,0,0,0,0,12,8,1,3
06/05/2020,ACEH,5,0,0,5,17,8,1,8
07/05/2020,ACEH,0,0,0,0,17,8,1,8
08/05/2020,ACEH,0,0,3,-3,17,11,1,5
09/05/2020,ACEH,0,0,0,0,17,11,1,5
10/05/2020,ACEH,0,0,0,0,17,11,1,5
11/05/2020,ACEH,0,0,1,-1,17,12,1,4
12/05/2020,ACEH,0,0,0,0,17,12,1,4
13/05/2020,ACEH,0,0,1,-1,17,13,1,3
14/05/2020,ACEH,0,0,0,0,17,13,1,3
15/05/2020,ACEH,0,0,0,0,17,13,1,3
16/05/2020,ACEH,1,0,2,-1,18,15,1,2
17/05/2020,ACEH,0,0,0,0,18,15,1,2
18/05/2020,ACEH,0,0,0,0,18,15,1,2
19/05/2020,ACEH,0,0,0,0,18,15,1,2
20/05/2020,ACEH,0,0,0,0,18,15,1,2
21/05/2020,ACEH,0,0,0,0,18,15,1,2
22/05/2020,ACEH,1,0,1,0,19,16,1,2
23/05/2020,ACEH,0,0,1,-1,19,17,1,1
24/05/2020,ACEH,0,0,0,0,19,17,1,1
25/05/2020,ACEH,0,0,0,0,19,17,1,1
26/05/2020,ACEH,0,0,0,0,19,17,1,1
27/05/2020,ACEH,0,0,0,0,19,17,1,1
28/05/2020,ACEH,1,0,0,1,20,17,1,2
29/05/2020,ACEH,0,0,0,0,20,17,1,2
30/05/2020,ACEH,0,0,0,0,20,17,1,2
31/05/2020,ACEH,0,0,0,0,20,17,1,2
01/06/2020,ACEH,0,0,0,0,20,17,1,2
02/06/2020,ACEH,0,0,0,0,20,17,1,2
03/06/2020,ACEH,0,0,1,-1,20,18,1,1
04/06/2020,ACEH,0,0,0,0,20,18,1,1
05/06/2020,ACEH,0,0,0,0,20,18,1,1
06/06/2020,ACEH,0,0,0,0,20,18,1,1
07/06/2020,ACEH,0,0,0,0,20,18,1,1
08/06/2020,ACEH,0,0,0,0,20,18,1,1
09/06/2020,ACEH,0,0,0,0,20,18,1,1
10/06/2020,ACEH,2,0,0,2,22,18,1,3
11/06/2020,ACEH,0,0,0,0,22,18,1,3
12/06/2020,ACEH,0,0,0,0,22,18,1,3
13/06/2020,ACEH,0,0,1,-1,22,19,1,2
14/06/2020,ACEH,5,0,0,5,27,19,1,7
15/06/2020,ACEH,0,0,0,0,27,19,1,7
16/06/2020,ACEH,0,0,1,-1,27,20,1,6
17/06/2020,ACEH,10,1,0,9,37,20,2,15
18/06/2020,ACEH,1,0,0,1,38,20,2,16
19/06/2020,ACEH,0,0,0,0,38,20,2,16
20/06/2020,ACEH,1,0,0,1,39,20,2,17
21/06/2020,ACEH,10,0,0,10,49,20,2,27
22/06/2020,ACEH,0,0,0,0,49,20,2,27
23/06/2020,ACEH,0,0,0,0,49,20,2,27
24/06/2020,ACEH,4,0,0,4,53,20,2,31
25/06/2020,ACEH,13,0,0,13,66,20,2,44
26/06/2020,ACEH,3,0,0,3,69,20,2,47
27/06/2020,ACEH,8,0,2,6,77,22,2,53
28/06/2020,ACEH,2,0,3,-1,79,25,2,52
29/06/2020,ACEH,0,1,0,-1,79,25,3,51
30/06/2020,ACEH,1,0,1,0,80,26,3,51
01/07/2020,ACEH,6,0,5,1,86,31,3,52
02/07/2020,ACEH,0,0,0,0,86,31,3,52
03/07/2020,ACEH,1,0,0,1,87,31,3,53
04/07/2020,ACEH,0,0,0,0,87,31,3,53
05/07/2020,ACEH,0,0,0,0,87,31,3,53
06/07/2020,ACEH,0,0,9,-9,87,40,3,44
07/07/2020,ACEH,1,0,2,-1,88,42,3,43
08/07/2020,ACEH,1,0,9,-8,89,51,3,35
09/07/2020,ACEH,1,0,3,-2,90,54,3,33
10/07/2020,ACEH,0,0,5,-5,90,59,3,28
11/07/2020,ACEH,9,1,4,4,99,63,4,32
12/07/2020,ACEH,7,0,0,7,106,63,4,39
13/07/2020,ACEH,0,1,0,-1,106,63,5,38
14/07/2020,ACEH,4,0,1,3,110,64,5,41
15/07/2020,ACEH,27,2,1,24,137,65,7,65
16/07/2020,ACEH,3,1,1,1,140,66,8,66
17/07/2020,ACEH,5,0,0,5,145,66,8,71
18/07/2020,ACEH,0,0,0,0,145,66,8,71
19/07/2020,ACEH,1,1,0,0,146,66,9,71
20/07/2020,ACEH,2,0,1,1,148,67,9,72
21/07/2020,ACEH,1,0,5,-4,149,72,9,68
22/07/2020,ACEH,2,0,4,-2,151,76,9,66
23/07/2020,ACEH,7,1,1,5,158,77,10,71
24/07/2020,ACEH,4,0,12,-8,162,89,10,63
25/07/2020,ACEH,6,0,2,4,168,91,10,67
26/07/2020,ACEH,0,0,0,0,168,91,10,67
27/07/2020,ACEH,0,0,0,0,168,91,10,67
28/07/2020,ACEH,25,0,0,25,193,91,10,92
29/07/2020,ACEH,45,3,0,42,238,91,13,134
30/07/2020,ACEH,74,0,0,74,312,91,13,208
31/07/2020,ACEH,98,0,0,98,410,91,13,306
01/08/2020,ACEH,0,1,0,-1,410,91,14,305
02/08/2020,ACEH,21,2,0,19,431,91,16,324
03/08/2020,ACEH,2,1,0,1,433,91,17,325
04/08/2020,ACEH,7,0,0,7,440,91,17,332
05/08/2020,ACEH,2,1,0,1,442,91,18,333
06/08/2020,ACEH,41,0,1,40,483,92,18,373
07/08/2020,ACEH,53,0,0,53,536,92,18,426
08/08/2020,ACEH,0,0,0,0,536,92,18,426
09/08/2020,ACEH,44,1,0,43,580,92,19,469
10/08/2020,ACEH,96,0,1,95,676,93,19,564
11/08/2020,ACEH,0,1,0,-1,676,93,20,563
12/08/2020,ACEH,72,2,98,-28,748,191,22,535
13/08/2020,ACEH,1,1,0,0,749,191,23,535
14/08/2020,ACEH,92,0,0,92,841,191,23,627
15/08/2020,ACEH,25,2,0,23,866,191,25,650
16/08/2020,ACEH,11,0,0,11,877,191,25,661
17/08/2020,ACEH,168,0,0,168,1045,191,25,829
18/08/2020,ACEH,25,2,0,23,1070,191,27,852
19/08/2020,ACEH,63,0,0,63,1133,191,27,915
20/08/2020,ACEH,4,0,0,4,1137,191,27,919
21/08/2020,ACEH,4,2,0,2,1141,191,29,921
22/08/2020,ACEH,70,0,0,70,1211,191,29,991
23/08/2020,ACEH,0,2,0,-2,1211,191,31,989
24/08/2020,ACEH,30,3,0,27,1241,191,34,1016
25/08/2020,ACEH,20,3,0,17,1261,191,37,1033
26/08/2020,ACEH,30,0,0,30,1291,191,37,1063
27/08/2020,ACEH,108,0,0,108,1399,191,37,1171
28/08/2020,ACEH,50,11,0,39,1449,191,48,1210
29/08/2020,ACEH,97,6,0,91,1546,191,54,1301
30/08/2020,ACEH,54,4,56,-6,1600,247,58,1295
31/08/2020,ACEH,33,2,66,-35,1633,313,60,1260
01/09/2020,ACEH,16,3,82,-69,1649,395,63,1191
02/09/2020,ACEH,48,3,1,44,1697,396,66,1235
03/09/2020,ACEH,97,3,8,86,1794,404,69,1321
04/09/2020,ACEH,90,3,31,56,1884,435,72,1377
05/09/2020,ACEH,61,1,0,60,1945,435,73,1437
06/09/2020,ACEH,78,2,0,76,2023,435,75,1513
07/09/2020,ACEH,19,3,0,16,2042,435,78,1529
08/09/2020,ACEH,12,2,58,-48,2054,493,80,1481
09/09/2020,ACEH,98,1,9,88,2152,502,81,1569
10/09/2020,ACEH,106,2,1,103,2258,503,83,1672
11/09/2020,ACEH,145,2,2,141,2403,505,85,1813
12/09/2020,ACEH,124,0,1,123,2527,506,85,1936
13/09/2020,ACEH,212,5,0,207,2739,506,90,2143
14/09/2020,ACEH,153,5,52,96,2892,558,95,2239
15/09/2020,ACEH,140,6,142,-8,3032,700,101,2231
16/09/2020,ACEH,95,12,390,-307,3127,1090,113,1924
17/09/2020,ACEH,109,12,1,96,3236,1091,125,2020
18/09/2020,ACEH,116,4,160,-48,3352,1251,129,1972
19/09/2020,ACEH,175,0,45,130,3527,1296,129,2102
20/09/2020,ACEH,68,4,0,64,3595,1296,133,2166
21/09/2020,ACEH,99,2,366,-269,3694,1662,135,1897
22/09/2020,ACEH,91,7,95,-11,3785,1757,142,1886
23/09/2020,ACEH,50,3,3,44,3835,1760,145,1930
24/09/2020,ACEH,56,1,115,-60,3891,1875,146,1870
25/09/2020,ACEH,91,2,1,88,3982,1876,148,1958
26/09/2020,ACEH,191,3,1,187,4173,1877,151,2145
27/09/2020,ACEH,73,5,149,-81,4246,2026,156,2064
28/09/2020,ACEH,79,13,161,-95,4325,2187,169,1969
29/09/2020,ACEH,146,9,120,17,4471,2307,178,1986
30/09/2020,ACEH,83,3,2,78,4554,2309,181,2064
01/10/2020,ACEH,112,3,158,-49,4666,2467,184,2015
02/10/2020,ACEH,188,6,0,182,4854,2467,190,2197
03/10/2020,ACEH,73,3,150,-80,4927,2617,193,2117
04/10/2020,ACEH,67,7,187,-127,4994,2804,200,1990
05/10/2020,ACEH,70,6,173,-109,5064,2977,206,1881
06/10/2020,ACEH,119,4,99,16,5183,3076,210,1897
07/10/2020,ACEH,72,2,211,-141,5255,3287,212,1756
08/10/2020,ACEH,168,2,165,1,5423,3452,214,1757
09/10/2020,ACEH,123,4,93,26,5546,3545,218,1783
10/10/2020,ACEH,98,2,1,95,5644,3546,220,1878
11/10/2020,ACEH,123,1,0,122,5767,3546,221,2000
12/10/2020,ACEH,77,2,157,-82,5844,3703,223,1918
13/10/2020,ACEH,51,1,105,-55,5895,3808,224,1863
14/10/2020,ACEH,65,3,58,4,5960,3866,227,1867
15/10/2020,ACEH,117,2,148,-33,6077,4014,229,1834
16/10/2020,ACEH,177,6,130,41,6254,4144,235,1875
17/10/2020,ACEH,182,1,130,51,6436,4274,236,1926
18/10/2020,ACEH,115,6,284,-175,6551,4558,242,1751
19/10/2020,ACEH,116,2,211,-97,6667,4769,244,1654
20/10/2020,ACEH,98,2,215,-119,6765,4984,246,1535
21/10/2020,ACEH,80,3,0,77,6845,4984,249,1612
22/10/2020,ACEH,102,3,0,99,6947,4984,252,1711
23/10/2020,ACEH,90,4,3,83,7037,4987,256,1794
24/10/2020,ACEH,88,5,0,83,7125,4987,261,1877
25/10/2020,ACEH,87,2,0,85,7212,4987,263,1962
26/10/2020,ACEH,40,5,0,35,7252,4987,268,1997
27/10/2020,ACEH,13,4,0,9,7265,4987,272,2006
28/10/2020,ACEH,74,4,0,70,7339,4987,276,2076
29/10/2020,ACEH,34,0,1,33,7373,4988,276,2109
30/10/2020,ACEH,21,2,0,19,7394,4988,278,2128
31/10/2020,ACEH,11,1,0,10,7405,4988,279,2138
01/11/2020,ACEH,20,0,0,20,7425,4988,279,2158
02/11/2020,ACEH,30,0,137,-107,7455,5125,279,2051
03/11/2020,ACEH,24,3,176,-155,7479,5301,282,1896
04/11/2020,ACEH,44,5,174,-135,7523,5475,287,1761
05/11/2020,ACEH,35,1,1,33,7558,5476,288,1794
06/11/2020,ACEH,71,0,185,-114,7629,5661,288,1680
07/11/2020,ACEH,27,3,80,-56,7656,5741,291,1624
08/11/2020,ACEH,26,0,251,-225,7682,5992,291,1399
09/11/2020,ACEH,3,0,201,-198,7685,6193,291,1201
10/11/2020,ACEH,29,1,3,25,7714,6196,292,1226
11/11/2020,ACEH,51,1,0,50,7765,6196,293,1276
12/11/2020,ACEH,32,0,0,32,7797,6196,293,1308
13/11/2020,ACEH,45,0,0,45,7842,6196,293,1353
14/11/2020,ACEH,20,0,2,18,7862,6198,293,1371
15/11/2020,ACEH,49,0,0,49,7911,6198,293,1420
16/11/2020,ACEH,21,0,13,8,7932,6211,293,1428
17/11/2020,ACEH,43,3,28,12,7975,6239,296,1440
18/11/2020,ACEH,18,22,115,-119,7993,6354,318,1321
19/11/2020,ACEH,50,1,0,49,8043,6354,319,1370
20/11/2020,ACEH,21,0,0,21,8064,6354,319,1391
21/11/2020,ACEH,42,0,0,42,8106,6354,319,1433
22/11/2020,ACEH,18,0,0,18,8124,6354,319,1451
23/11/2020,ACEH,30,0,2,28,8154,6356,319,1479
24/11/2020,ACEH,6,0,0,6,8160,6356,319,1485
25/11/2020,ACEH,39,5,139,-105,8199,6495,324,1380
26/11/2020,ACEH,24,5,27,-8,8223,6522,329,1372
27/11/2020,ACEH,21,1,4,16,8244,6526,330,1388
28/11/2020,ACEH,11,1,0,10,8255,6526,331,1398
29/11/2020,ACEH,27,4,25,-2,8282,6551,335,1396
30/11/2020,ACEH,10,1,9,0,8292,6560,336,1396
01/12/2020,ACEH,9,2,14,-7,8301,6574,338,1389
02/12/2020,ACEH,10,0,28,-18,8311,6602,338,1371
03/12/2020,ACEH,44,0,6,38,8355,6608,338,1409
04/12/2020,ACEH,14,6,3,5,8369,6611,344,1414
05/12/2020,ACEH,15,0,8,7,8384,6619,344,1421
06/12/2020,ACEH,38,0,119,-81,8422,6738,344,1340
07/12/2020,ACEH,4,0,5,-1,8426,6743,344,1339
08/12/2020,ACEH,18,1,7,10,8444,6750,345,1349
09/12/2020,ACEH,6,0,4,2,8450,6754,345,1351
10/12/2020,ACEH,8,1,8,-1,8458,6762,346,1350
11/12/2020,ACEH,20,4,62,-46,8478,6824,350,1304
12/12/2020,ACEH,29,0,11,18,8507,6835,350,1322
13/12/2020,ACEH,15,0,4,11,8522,6839,350,1333
14/12/2020,ACEH,4,2,54,-52,8526,6893,352,1281
15/12/2020,ACEH,12,2,86,-76,8538,6979,354,1205
16/12/2020,ACEH,8,0,6,2,8546,6985,354,1207
17/12/2020,ACEH,8,0,8,0,8554,6993,354,1207
18/12/2020,ACEH,3,0,55,-52,8557,7048,354,1155
19/12/2020,ACEH,12,0,6,6,8569,7054,354,1161
20/12/2020,ACEH,4,1,13,-10,8573,7067,355,1151
21/12/2020,ACEH,18,0,4,14,8591,7071,355,1165
22/12/2020,ACEH,29,0,9,20,8620,7080,355,1185
23/12/2020,ACEH,30,1,9,20,8650,7089,356,1205
24/12/2020,ACEH,14,1,13,0,8664,7102,357,1205
25/12/2020,ACEH,15,0,1,14,8679,7103,357,1219
26/12/2020,ACEH,19,1,6,12,8698,7109,358,1231
27/12/2020,ACEH,13,0,0,13,8711,7109,358,1244
28/12/2020,ACEH,16,0,16,0,8727,7125,358,1244
29/12/2020,ACEH,9,0,4,5,8736,7129,358,1249
30/12/2020,ACEH,6,0,2,4,8742,7131,358,1253
31/12/2020,ACEH,4,0,9,-5,8746,7140,358,1248
01/01/2021,ACEH,7,0,10,-3,8753,7150,358,1245
02/01/2021,ACEH,8,0,7,1,8761,7157,358,1246
03/01/2021,ACEH,2,0,0,2,8763,7157,358,1248
04/01/2021,ACEH,5,0,10,-5,8768,7167,358,1243
05/01/2021,ACEH,8,2,17,-11,8776,7184,360,1232
06/01/2021,ACEH,29,0,14,15,8805,7198,360,1247
07/01/2021,ACEH,31,3,84,-56,8836,7282,363,1191
08/01/2021,ACEH,42,0,5,37,8878,7287,363,1228
09/01/2021,ACEH,16,1,7,8,8894,7294,364,1236
10/01/2021,ACEH,15,1,14,0,8909,7308,365,1236
11/01/2021,ACEH,10,0,1,9,8919,7309,365,1245
12/01/2021,ACEH,48,4,0,44,8967,7309,369,1289
13/01/2021,ACEH,24,2,5,17,8991,7314,371,1306
14/01/2021,ACEH,11,2,13,-4,9002,7327,373,1302
15/01/2021,ACEH,16,1,36,-21,9018,7363,374,1281
16/01/2021,ACEH,17,1,1,15,9035,7364,375,1296
17/01/2021,ACEH,18,0,0,18,9053,7364,375,1314
18/01/2021,ACEH,2,3,26,-27,9055,7390,378,1287
19/01/2021,ACEH,16,0,143,-127,9071,7533,378,1160
20/01/2021,ACEH,18,1,28,-11,9089,7561,379,1149
21/01/2021,ACEH,11,0,36,-25,9100,7597,379,1124
22/01/2021,ACEH,15,0,6,9,9115,7603,379,1133
23/01/2021,ACEH,11,0,2,9,9126,7605,379,1142
24/01/2021,ACEH,18,0,2,16,9144,7607,379,1158
25/01/2021,ACEH,0,0,5,-5,9144,7612,379,1153
26/01/2021,ACEH,5,0,4,1,9149,7616,379,1154
27/01/2021,ACEH,14,0,9,5,9163,7625,379,1159
28/01/2021,ACEH,18,0,0,18,9181,7625,379,1177
29/01/2021,ACEH,21,0,8,13,9202,7633,379,1190
30/01/2021,ACEH,22,0,7,15,9224,7640,379,1205
31/01/2021,ACEH,4,0,3,1,9228,7643,379,1206
01/02/2021,ACEH,2,0,5,-3,9230,7648,379,1203
02/02/2021,ACEH,22,1,11,10,9252,7659,380,1213
03/02/2021,ACEH,14,0,20,-6,9266,7679,380,1207
04/02/2021,ACEH,10,0,4,6,9276,7683,380,1213
05/02/2021,ACEH,9,0,0,9,9285,7683,380,1222
06/02/2021,ACEH,13,0,8,5,9298,7691,380,1227
07/02/2021,ACEH,14,0,2,12,9312,7693,380,1239
08/02/2021,ACEH,11,1,31,-21,9323,7724,381,1218
09/02/2021,ACEH,47,0,1,46,9370,7725,381,1264
10/02/2021,ACEH,3,0,21,-18,9373,7746,381,1246
11/02/2021,ACEH,17,0,5,12,9390,7751,381,1258
12/02/2021,ACEH,8,0,0,8,9398,7751,381,1266
13/02/2021,ACEH,1,2,3,-4,9399,7754,383,1262
14/02/2021,ACEH,4,0,0,4,9403,7754,383,1266
15/02/2021,ACEH,0,0,0,0,9403,7754,383,1266
16/02/2021,ACEH,0,0,0,0,9403,7754,383,1266
17/02/2021,ACEH,0,0,0,0,9403,7754,383,1266
18/02/2021,ACEH,32,0,5,27,9435,7759,383,1293
19/02/2021,ACEH,13,0,9,4,9448,7768,383,1297
20/02/2021,ACEH,8,0,18,-10,9456,7786,383,1287
21/02/2021,ACEH,1,0,0,1,9457,7786,383,1288
22/02/2021,ACEH,1,0,5,-4,9458,7791,383,1284
23/02/2021,ACEH,29,0,7,22,9487,7798,383,1306
24/02/2021,ACEH,26,0,8,18,9513,7806,383,1324
25/02/2021,ACEH,10,1,0,9,9523,7806,384,1333
26/02/2021,ACEH,8,0,21,-13,9531,7827,384,1320
27/02/2021,ACEH,3,1,8,-6,9534,7835,385,1314
28/02/2021,ACEH,7,0,0,7,9541,7835,385,1321
01/03/2021,ACEH,2,0,16,-14,9543,7851,385,1307
02/03/2021,ACEH,14,0,4,10,9557,7855,385,1317
03/03/2021,ACEH,13,3,6,4,9570,7861,388,1321
04/03/2021,ACEH,10,0,2,8,9580,7863,388,1329
05/03/2021,ACEH,9,0,4,5,9589,7867,388,1334
06/03/2021,ACEH,16,0,18,-2,9605,7885,388,1332
07/03/2021,ACEH,4,0,0,4,9609,7885,388,1336
08/03/2021,ACEH,7,0,4,3,9616,7889,388,1339
09/03/2021,ACEH,26,0,26,0,9642,7915,388,1339
10/03/2021,ACEH,0,0,4,-4,9642,7919,388,1335
11/03/2021,ACEH,19,0,0,19,9661,7919,388,1354
12/03/2021,ACEH,6,1,7,-2,9667,7926,389,1352
13/03/2021,ACEH,14,0,0,14,9681,7926,389,1366
14/03/2021,ACEH,5,0,28,-23,9686,7954,389,1343
15/03/2021,ACEH,0,0,6,-6,9686,7960,389,1337
16/03/2021,ACEH,10,0,21,-11,9696,7981,389,1326
17/03/2021,ACEH,6,0,3,3,9702,7984,389,1329
18/03/2021,ACEH,10,0,3,7,9712,7987,389,1336
19/03/2021,ACEH,16,0,0,16,9728,7987,389,1352
20/03/2021,ACEH,15,0,23,-8,9743,8010,389,1344
21/03/2021,ACEH,0,0,0,0,9743,8010,389,1344
22/03/2021,ACEH,20,0,3,17,9763,8013,389,1361
23/03/2021,ACEH,15,1,8,6,9778,8021,390,1367
24/03/2021,ACEH,13,1,0,12,9791,8021,391,1379
25/03/2021,ACEH,6,3,2,1,9797,8023,394,1380
26/03/2021,ACEH,15,0,16,-1,9812,8039,394,1379
27/03/2021,ACEH,21,2,6,13,9833,8045,396,1392
28/03/2021,ACEH,12,0,19,-7,9845,8064,396,1385
29/03/2021,ACEH,8,1,6,1,9853,8070,397,1386
30/03/2021,ACEH,9,0,0,9,9862,8070,397,1395
31/03/2021,ACEH,30,0,2,28,9892,8072,397,1423
01/04/2021,ACEH,11,0,1,10,9903,8073,397,1433
02/04/2021,ACEH,9,0,6,3,9912,8079,397,1436
03/04/2021,ACEH,6,0,6,0,9918,8085,397,1436
04/04/2021,ACEH,4,0,2,2,9922,8087,397,1438
05/04/2021,ACEH,11,1,0,10,9933,8087,398,1448
06/04/2021,ACEH,13,1,31,-19,9946,8118,399,1429
07/04/2021,ACEH,39,0,21,18,9985,8139,399,1447
08/04/2021,ACEH,42,1,7,34,10027,8146,400,1481
09/04/2021,ACEH,28,1,6,21,10055,8152,401,1502
10/04/2021,ACEH,20,3,5,12,10075,8157,404,1514
11/04/2021,ACEH,7,0,0,7,10082,8157,404,1521
12/04/2021,ACEH,24,2,17,5,10106,8174,406,1526
13/04/2021,ACEH,28,0,35,-7,10134,8209,406,1519
14/04/2021,ACEH,26,0,21,5,10160,8230,406,1524
15/04/2021,ACEH,40,1,101,-62,10200,8331,407,1462
16/04/2021,ACEH,22,0,121,-99,10222,8452,407,1363
17/04/2021,ACEH,35,1,113,-79,10257,8565,408,1284
18/04/2021,ACEH,43,1,100,-58,10300,8665,409,1226
31/03/2020,BENGKULU,1,1,0,0,1,0,1,0
01/04/2020,BENGKULU,0,0,0,0,1,0,1,0
02/04/2020,BENGKULU,0,0,0,0,1,0,1,0
03/04/2020,BENGKULU,1,0,0,1,2,0,1,1
04/04/2020,BENGKULU,0,0,0,0,2,0,1,1
05/04/2020,BENGKULU,0,0,0,0,2,0,1,1
06/04/2020,BENGKULU,0,0,0,0,2,0,1,1
07/04/2020,BENGKULU,0,0,0,0,2,0,1,1
08/04/2020,BENGKULU,0,0,0,0,2,0,1,1
09/04/2020,BENGKULU,2,0,0,2,4,0,1,3
10/04/2020,BENGKULU,0,0,0,0,4,0,1,3
11/04/2020,BENGKULU,0,0,0,0,4,0,1,3
12/04/2020,BENGKULU,0,0,0,0,4,0,1,3
13/04/2020,BENGKULU,0,0,0,0,4,0,1,3
14/04/2020,BENGKULU,0,0,0,0,4,0,1,3
15/04/2020,BENGKULU,0,0,0,0,4,0,1,3
16/04/2020,BENGKULU,0,0,0,0,4,0,1,3
17/04/2020,BENGKULU,0,0,0,0,4,0,1,3
18/04/2020,BENGKULU,0,0,1,-1,4,1,1,2
19/04/2020,BENGKULU,0,0,0,0,4,1,1,2
20/04/2020,BENGKULU,0,0,0,0,4,1,1,2
21/04/2020,BENGKULU,4,0,0,4,8,1,1,6
22/04/2020,BENGKULU,0,0,0,0,8,1,1,6
23/04/2020,BENGKULU,0,0,0,0,8,1,1,6
24/04/2020,BENGKULU,0,0,0,0,8,1,1,6
25/04/2020,BENGKULU,0,0,0,0,8,1,1,6
26/04/2020,BENGKULU,0,0,0,0,8,1,1,6
27/04/2020,BENGKULU,0,0,0,0,8,1,1,6
28/04/2020,BENGKULU,0,1,0,-1,8,1,2,5
29/04/2020,BENGKULU,4,0,0,4,12,1,2,9
30/04/2020,BENGKULU,0,0,0,0,12,1,2,9
01/05/2020,BENGKULU,0,0,0,0,12,1,2,9
02/05/2020,BENGKULU,0,0,0,0,12,1,2,9
03/05/2020,BENGKULU,0,0,0,0,12,1,2,9
04/05/2020,BENGKULU,0,0,0,0,12,1,2,9
05/05/2020,BENGKULU,0,0,0,0,12,1,2,9
06/05/2020,BENGKULU,2,0,0,2,14,1,2,11
07/05/2020,BENGKULU,0,0,0,0,14,1,2,11
08/05/2020,BENGKULU,0,0,0,0,14,1,2,11
09/05/2020,BENGKULU,23,0,0,23,37,1,2,34
10/05/2020,BENGKULU,0,0,0,0,37,1,2,34
11/05/2020,BENGKULU,0,0,0,0,37,1,2,34
12/05/2020,BENGKULU,3,0,0,3,40,1,2,37
13/05/2020,BENGKULU,0,0,0,0,40,1,2,37
14/05/2020,BENGKULU,2,0,0,2,42,1,2,39
15/05/2020,BENGKULU,11,0,0,11,53,1,2,50
16/05/2020,BENGKULU,3,0,0,3,56,1,2,53
17/05/2020,BENGKULU,9,0,0,9,65,1,2,62
18/05/2020,BENGKULU,1,0,0,1,66,1,2,63
19/05/2020,BENGKULU,1,0,0,1,67,1,2,64
20/05/2020,BENGKULU,0,0,6,-6,67,7,2,58
21/05/2020,BENGKULU,2,0,2,0,69,9,2,58
22/05/2020,BENGKULU,0,0,0,0,69,9,2,58
23/05/2020,BENGKULU,0,0,0,0,69,9,2,58
24/05/2020,BENGKULU,0,0,0,0,69,9,2,58
25/05/2020,BENGKULU,0,0,0,0,69,9,2,58
26/05/2020,BENGKULU,0,1,2,-3,69,11,3,55
27/05/2020,BENGKULU,0,0,8,-8,69,19,3,47
28/05/2020,BENGKULU,2,0,1,1,71,20,3,48
29/05/2020,BENGKULU,1,0,2,-1,72,22,3,47
30/05/2020,BENGKULU,14,0,0,14,86,22,3,61
31/05/2020,BENGKULU,5,0,0,5,91,22,3,66
01/06/2020,BENGKULU,0,0,3,-3,91,25,3,63
02/06/2020,BENGKULU,1,0,0,1,92,25,3,64
03/06/2020,BENGKULU,0,0,0,0,92,25,3,64
04/06/2020,BENGKULU,0,0,0,0,92,25,3,64
05/06/2020,BENGKULU,0,1,0,-1,92,25,4,63
06/06/2020,BENGKULU,0,0,12,-12,92,37,4,51
07/06/2020,BENGKULU,0,0,3,-3,92,40,4,48
08/06/2020,BENGKULU,0,0,0,0,92,40,4,48
09/06/2020,BENGKULU,0,0,6,-6,92,46,4,42
10/06/2020,BENGKULU,0,0,1,-1,92,47,4,41
11/06/2020,BENGKULU,0,0,1,-1,92,48,4,40
12/06/2020,BENGKULU,3,1,1,1,95,49,5,41
13/06/2020,BENGKULU,3,1,9,-7,98,58,6,34
14/06/2020,BENGKULU,3,0,0,3,101,58,6,37
15/06/2020,BENGKULU,0,0,4,-4,101,62,6,33
16/06/2020,BENGKULU,3,0,1,2,104,63,6,35
17/06/2020,BENGKULU,1,0,2,-1,105,65,6,34
18/06/2020,BENGKULU,0,2,0,-2,105,65,8,32
19/06/2020,BENGKULU,2,0,3,-1,107,68,8,31
20/06/2020,BENGKULU,9,0,3,6,116,71,8,37
21/06/2020,BENGKULU,0,1,1,-2,116,72,9,35
22/06/2020,BENGKULU,0,0,0,0,116,72,9,35
23/06/2020,BENGKULU,2,1,0,1,118,72,10,36
24/06/2020,BENGKULU,0,0,1,-1,118,73,10,35
25/06/2020,BENGKULU,2,0,5,-3,120,78,10,32
26/06/2020,BENGKULU,4,0,10,-6,124,88,10,26
27/06/2020,BENGKULU,1,0,1,0,125,89,10,26
28/06/2020,BENGKULU,0,1,0,-1,125,89,11,25
29/06/2020,BENGKULU,0,1,0,-1,125,89,12,24
30/06/2020,BENGKULU,0,0,0,0,125,89,12,24
01/07/2020,BENGKULU,4,0,1,3,129,90,12,27
02/07/2020,BENGKULU,1,0,1,0,130,91,12,27
03/07/2020,BENGKULU,6,1,3,2,136,94,13,29
04/07/2020,BENGKULU,1,0,0,1,137,94,13,30
05/07/2020,BENGKULU,4,0,1,3,141,95,13,33
06/07/2020,BENGKULU,0,0,0,0,141,95,13,33
07/07/2020,BENGKULU,3,0,1,2,144,96,13,35
08/07/2020,BENGKULU,7,1,2,4,151,98,14,39
09/07/2020,BENGKULU,4,0,1,3,155,99,14,42
10/07/2020,BENGKULU,3,2,2,-1,158,101,16,41
11/07/2020,BENGKULU,4,0,1,3,162,102,16,44
12/07/2020,BENGKULU,1,0,0,1,163,102,16,45
13/07/2020,BENGKULU,0,0,1,-1,163,103,16,44
14/07/2020,BENGKULU,5,0,1,4,168,104,16,48
15/07/2020,BENGKULU,2,0,1,1,170,105,16,49
16/07/2020,BENGKULU,1,0,1,0,171,106,16,49
17/07/2020,BENGKULU,2,0,1,1,173,107,16,50
18/07/2020,BENGKULU,6,0,0,6,179,107,16,56
19/07/2020,BENGKULU,2,0,3,-1,181,110,16,55
20/07/2020,BENGKULU,0,0,0,0,181,110,16,55
21/07/2020,BENGKULU,0,0,1,-1,181,111,16,54
22/07/2020,BENGKULU,4,0,0,4,185,111,16,58
23/07/2020,BENGKULU,10,0,5,5,195,116,16,63
24/07/2020,BENGKULU,1,0,1,0,196,117,16,63
25/07/2020,BENGKULU,4,0,0,4,200,117,16,67
26/07/2020,BENGKULU,0,0,0,0,200,117,16,67
27/07/2020,BENGKULU,0,0,0,0,200,117,16,67
28/07/2020,BENGKULU,10,0,0,10,210,117,16,77
29/07/2020,BENGKULU,2,2,1,-1,212,118,18,76
30/07/2020,BENGKULU,2,0,0,2,214,118,18,78
31/07/2020,BENGKULU,3,0,0,3,217,118,18,81
01/08/2020,BENGKULU,1,1,0,0,218,118,19,81
02/08/2020,BENGKULU,17,0,0,17,235,118,19,98
03/08/2020,BENGKULU,0,0,0,0,235,118,19,98
04/08/2020,BENGKULU,3,1,0,2,238,118,20,100
05/08/2020,BENGKULU,1,0,17,-16,239,135,20,84
06/08/2020,BENGKULU,1,0,0,1,240,135,20,85
07/08/2020,BENGKULU,0,0,13,-13,240,148,20,72
08/08/2020,BENGKULU,3,1,0,2,243,148,21,74
09/08/2020,BENGKULU,9,0,0,9,252,148,21,83
10/08/2020,BENGKULU,1,1,1,-1,253,149,22,82
11/08/2020,BENGKULU,5,0,2,3,258,151,22,85
12/08/2020,BENGKULU,2,2,0,0,260,151,24,85
13/08/2020,BENGKULU,4,0,7,-3,264,158,24,82
14/08/2020,BENGKULU,10,0,0,10,274,158,24,92
15/08/2020,BENGKULU,3,0,0,3,277,158,24,95
16/08/2020,BENGKULU,2,0,0,2,279,158,24,97
17/08/2020,BENGKULU,0,0,0,0,279,158,24,97
18/08/2020,BENGKULU,1,0,0,1,280,158,24,98
19/08/2020,BENGKULU,6,0,0,6,286,158,24,104
20/08/2020,BENGKULU,0,0,1,-1,286,159,24,103
21/08/2020,BENGKULU,1,0,1,0,287,160,24,103
22/08/2020,BENGKULU,1,0,0,1,288,160,24,104
23/08/2020,BENGKULU,0,0,4,-4,288,164,24,100
24/08/2020,BENGKULU,1,0,1,0,289,165,24,100
25/08/2020,BENGKULU,11,0,1,10,300,166,24,110
26/08/2020,BENGKULU,3,0,5,-2,303,171,24,108
27/08/2020,BENGKULU,2,1,0,1,305,171,25,109
28/08/2020,BENGKULU,24,0,2,22,329,173,25,131
29/08/2020,BENGKULU,3,0,0,3,332,173,25,134
30/08/2020,BENGKULU,11,0,9,2,343,182,25,136
31/08/2020,BENGKULU,0,0,4,-4,343,186,25,132
01/09/2020,BENGKULU,6,0,0,6,349,186,25,138
02/09/2020,BENGKULU,4,0,0,4,353,186,25,142
03/09/2020,BENGKULU,8,0,0,8,361,186,25,150
04/09/2020,BENGKULU,3,0,0,3,364,186,25,153
05/09/2020,BENGKULU,5,1,1,3,369,187,26,156
06/09/2020,BENGKULU,22,0,0,22,391,187,26,178
07/09/2020,BENGKULU,0,0,10,-10,391,197,26,168
08/09/2020,BENGKULU,3,0,0,3,394,197,26,171
09/09/2020,BENGKULU,3,0,5,-2,397,202,26,169
10/09/2020,BENGKULU,3,1,8,-6,400,210,27,163
11/09/2020,BENGKULU,30,1,0,29,430,210,28,192
12/09/2020,BENGKULU,28,2,0,26,458,210,30,218
13/09/2020,BENGKULU,8,0,0,8,466,210,30,226
14/09/2020,BENGKULU,1,0,0,1,467,210,30,227
15/09/2020,BENGKULU,9,0,27,-18,476,237,30,209
16/09/2020,BENGKULU,4,0,16,-12,480,253,30,197
17/09/2020,BENGKULU,30,0,18,12,510,271,30,209
18/09/2020,BENGKULU,13,0,4,9,523,275,30,218
19/09/2020,BENGKULU,7,1,1,5,530,276,31,223
20/09/2020,BENGKULU,6,0,4,2,536,280,31,225
21/09/2020,BENGKULU,0,0,27,-27,536,307,31,198
22/09/2020,BENGKULU,5,0,28,-23,541,335,31,175
23/09/2020,BENGKULU,31,0,18,13,572,353,31,188
24/09/2020,BENGKULU,7,0,14,-7,579,367,31,181
25/09/2020,BENGKULU,11,1,12,-2,590,379,32,179
26/09/2020,BENGKULU,10,2,12,-4,600,391,34,175
27/09/2020,BENGKULU,45,0,11,34,645,402,34,209
28/09/2020,BENGKULU,2,0,0,2,647,402,34,211
29/09/2020,BENGKULU,18,0,19,-1,665,421,34,210
30/09/2020,BENGKULU,28,0,20,8,693,441,34,218
01/10/2020,BENGKULU,20,2,15,3,713,456,36,221
02/10/2020,BENGKULU,9,1,10,-2,722,466,37,219
03/10/2020,BENGKULU,2,0,0,2,724,466,37,221
04/10/2020,BENGKULU,4,0,6,-2,728,472,37,219
05/10/2020,BENGKULU,24,0,29,-5,752,501,37,214
06/10/2020,BENGKULU,6,0,30,-24,758,531,37,190
07/10/2020,BENGKULU,4,0,20,-16,762,551,37,174
08/10/2020,BENGKULU,12,0,20,-8,774,571,37,166
09/10/2020,BENGKULU,11,1,14,-4,785,585,38,162
10/10/2020,BENGKULU,11,0,25,-14,796,610,38,148
11/10/2020,BENGKULU,7,1,30,-24,803,640,39,124
12/10/2020,BENGKULU,1,0,30,-29,804,670,39,95
13/10/2020,BENGKULU,3,0,0,3,807,670,39,98
14/10/2020,BENGKULU,18,0,14,4,825,684,39,102
15/10/2020,BENGKULU,7,0,0,7,832,684,39,109
16/10/2020,BENGKULU,7,1,15,-9,839,699,40,100
17/10/2020,BENGKULU,23,3,2,18,862,701,43,118
18/10/2020,BENGKULU,15,1,20,-6,877,721,44,112
19/10/2020,BENGKULU,3,0,0,3,880,721,44,115
20/10/2020,BENGKULU,35,1,6,28,915,727,45,143
21/10/2020,BENGKULU,2,0,0,2,917,727,45,145
22/10/2020,BENGKULU,11,1,20,-10,928,747,46,135
23/10/2020,BENGKULU,33,0,13,20,961,760,46,155
24/10/2020,BENGKULU,8,1,0,7,969,760,47,162
25/10/2020,BENGKULU,26,1,8,17,995,768,48,179
26/10/2020,BENGKULU,0,0,5,-5,995,773,48,174
27/10/2020,BENGKULU,22,0,12,10,1017,785,48,184
28/10/2020,BENGKULU,23,0,3,20,1040,788,48,204
29/10/2020,BENGKULU,9,0,5,4,1049,793,48,208
30/10/2020,BENGKULU,32,0,10,22,1081,803,48,230
31/10/2020,BENGKULU,0,1,0,-1,1081,803,49,229
01/11/2020,BENGKULU,1,0,0,1,1082,803,49,230
02/11/2020,BENGKULU,5,3,30,-28,1087,833,52,202
03/11/2020,BENGKULU,12,2,9,1,1099,842,54,203
04/11/2020,BENGKULU,18,0,13,5,1117,855,54,208
05/11/2020,BENGKULU,23,0,33,-10,1140,888,54,198
06/11/2020,BENGKULU,17,0,5,12,1157,893,54,210
07/11/2020,BENGKULU,40,2,8,30,1197,901,56,240
08/11/2020,BENGKULU,38,0,25,13,1235,926,56,253
09/11/2020,BENGKULU,4,2,22,-20,1239,948,58,233
10/11/2020,BENGKULU,24,0,27,-3,1263,975,58,230
11/11/2020,BENGKULU,18,0,16,2,1281,991,58,232
12/11/2020,BENGKULU,13,0,11,2,1294,1002,58,234
13/11/2020,BENGKULU,61,1,15,45,1355,1017,59,279
14/11/2020,BENGKULU,37,1,29,7,1392,1046,60,286
15/11/2020,BENGKULU,11,2,13,-4,1403,1059,62,282
16/11/2020,BENGKULU,2,0,4,-2,1405,1063,62,280
17/11/2020,BENGKULU,14,1,25,-12,1419,1088,63,268
18/11/2020,BENGKULU,21,1,20,0,1440,1108,64,268
19/11/2020,BENGKULU,21,2,15,4,1461,1123,66,272
20/11/2020,BENGKULU,15,0,41,-26,1476,1164,66,246
21/11/2020,BENGKULU,62,0,15,47,1538,1179,66,293
22/11/2020,BENGKULU,31,1,25,5,1569,1204,67,298
23/11/2020,BENGKULU,5,4,43,-42,1574,1247,71,256
24/11/2020,BENGKULU,13,0,19,-6,1587,1266,71,250
25/11/2020,BENGKULU,48,1,20,27,1635,1286,72,277
26/11/2020,BENGKULU,30,1,23,6,1665,1309,73,283
27/11/2020,BENGKULU,42,1,25,16,1707,1334,74,299
28/11/2020,BENGKULU,43,3,30,10,1750,1364,77,309
29/11/2020,BENGKULU,71,0,35,36,1821,1399,77,345
30/11/2020,BENGKULU,2,0,32,-30,1823,1431,77,315
01/12/2020,BENGKULU,19,1,18,0,1842,1449,78,315
02/12/2020,BENGKULU,12,0,29,-17,1854,1478,78,298
03/12/2020,BENGKULU,59,2,1,56,1913,1479,80,354
04/12/2020,BENGKULU,90,3,30,57,2003,1509,83,411
05/12/2020,BENGKULU,35,2,39,-6,2038,1548,85,405
06/12/2020,BENGKULU,60,3,39,18,2098,1587,88,423
07/12/2020,BENGKULU,11,1,26,-16,2109,1613,89,407
08/12/2020,BENGKULU,65,0,29,36,2174,1642,89,443
09/12/2020,BENGKULU,8,2,0,6,2182,1642,91,449
10/12/2020,BENGKULU,62,1,19,42,2244,1661,92,491
11/12/2020,BENGKULU,50,1,30,19,2294,1691,93,510
12/12/2020,BENGKULU,90,1,20,69,2384,1711,94,579
13/12/2020,BENGKULU,51,1,32,18,2435,1743,95,597
14/12/2020,BENGKULU,28,3,38,-13,2463,1781,98,584
15/12/2020,BENGKULU,80,4,30,46,2543,1811,102,630
16/12/2020,BENGKULU,156,0,0,156,2699,1811,102,786
17/12/2020,BENGKULU,80,1,50,29,2779,1861,103,815
18/12/2020,BENGKULU,171,0,50,121,2950,1911,103,936
19/12/2020,BENGKULU,51,1,64,-14,3001,1975,104,922
20/12/2020,BENGKULU,75,2,46,27,3076,2021,106,949
21/12/2020,BENGKULU,54,0,61,-7,3130,2082,106,942
22/12/2020,BENGKULU,22,0,2,20,3152,2084,106,962
23/12/2020,BENGKULU,31,0,28,3,3183,2112,106,965
24/12/2020,BENGKULU,60,0,50,10,3243,2162,106,975
25/12/2020,BENGKULU,109,1,62,46,3352,2224,107,1021
26/12/2020,BENGKULU,2,0,6,-4,3354,2230,107,1017
27/12/2020,BENGKULU,100,1,73,26,3454,2303,108,1043
28/12/2020,BENGKULU,20,1,61,-42,3474,2364,109,1001
29/12/2020,BENGKULU,17,1,65,-49,3491,2429,110,952
30/12/2020,BENGKULU,40,0,4,36,3531,2433,110,988
31/12/2020,BENGKULU,72,2,126,-56,3603,2559,112,932
01/01/2021,BENGKULU,68,5,98,-35,3671,2657,117,897
02/01/2021,BENGKULU,19,1,71,-53,3690,2728,118,844
03/01/2021,BENGKULU,45,0,91,-46,3735,2819,118,798
04/01/2021,BENGKULU,24,1,81,-58,3759,2900,119,740
05/01/2021,BENGKULU,20,0,75,-55,3779,2975,119,685
06/01/2021,BENGKULU,42,2,70,-30,3821,3045,121,655
07/01/2021,BENGKULU,121,2,75,44,3942,3120,123,699
08/01/2021,BENGKULU,32,1,62,-31,3974,3182,124,668
09/01/2021,BENGKULU,39,2,91,-54,4013,3273,126,614
10/01/2021,BENGKULU,49,1,102,-54,4062,3375,127,560
11/01/2021,BENGKULU,7,2,101,-96,4069,3476,129,464
12/01/2021,BENGKULU,27,1,71,-45,4096,3547,130,419
13/01/2021,BENGKULU,51,0,70,-19,4147,3617,130,400
14/01/2021,BENGKULU,17,3,81,-67,4164,3698,133,333
15/01/2021,BENGKULU,27,0,75,-48,4191,3773,133,285
16/01/2021,BENGKULU,35,0,50,-15,4226,3823,133,270
17/01/2021,BENGKULU,40,1,60,-21,4266,3883,134,249
18/01/2021,BENGKULU,2,1,41,-40,4268,3924,135,209
19/01/2021,BENGKULU,25,0,24,1,4293,3948,135,210
20/01/2021,BENGKULU,20,1,0,19,4313,3948,136,229
21/01/2021,BENGKULU,50,0,0,50,4363,3948,136,279
22/01/2021,BENGKULU,15,0,39,-24,4378,3987,136,255
23/01/2021,BENGKULU,55,1,35,19,4433,4022,137,274
24/01/2021,BENGKULU,15,1,31,-17,4448,4053,138,257
25/01/2021,BENGKULU,15,1,30,-16,4463,4083,139,241
26/01/2021,BENGKULU,18,0,25,-7,4481,4108,139,234
27/01/2021,BENGKULU,17,0,18,-1,4498,4126,139,233
28/01/2021,BENGKULU,13,1,32,-20,4511,4158,140,213
29/01/2021,BENGKULU,16,0,30,-14,4527,4188,140,199
30/01/2021,BENGKULU,30,0,15,15,4557,4203,140,214
31/01/2021,BENGKULU,22,1,25,-4,4579,4228,141,210
01/02/2021,BENGKULU,4,0,24,-20,4583,4252,141,190
02/02/2021,BENGKULU,13,0,15,-2,4596,4267,141,188
03/02/2021,BENGKULU,12,0,25,-13,4608,4292,141,175
04/02/2021,BENGKULU,13,0,20,-7,4621,4312,141,168
05/02/2021,BENGKULU,6,1,15,-10,4627,4327,142,158
06/02/2021,BENGKULU,6,0,15,-9,4633,4342,142,149
07/02/2021,BENGKULU,8,1,15,-8,4641,4357,143,141
08/02/2021,BENGKULU,6,0,15,-9,4647,4372,143,132
09/02/2021,BENGKULU,12,0,15,-3,4659,4387,143,129
10/02/2021,BENGKULU,7,0,15,-8,4666,4402,143,121
11/02/2021,BENGKULU,11,1,20,-10,4677,4422,144,111
12/02/2021,BENGKULU,17,0,15,2,4694,4437,144,113
13/02/2021,BENGKULU,9,0,3,6,4703,4440,144,119
14/02/2021,BENGKULU,18,0,9,9,4721,4449,144,128
15/02/2021,BENGKULU,5,0,15,-10,4726,4464,144,118
16/02/2021,BENGKULU,17,0,0,17,4743,4464,144,135
17/02/2021,BENGKULU,9,0,0,9,4752,4464,144,144
18/02/2021,BENGKULU,5,0,0,5,4757,4464,144,149
19/02/2021,BENGKULU,14,0,0,14,4771,4464,144,163
20/02/2021,BENGKULU,19,0,0,19,4790,4464,144,182
21/02/2021,BENGKULU,13,1,69,-57,4803,4533,145,125
22/02/2021,BENGKULU,22,0,6,16,4825,4539,145,141
23/02/2021,BENGKULU,42,0,10,32,4867,4549,145,173
24/02/2021,BENGKULU,16,0,10,6,4883,4559,145,179
25/02/2021,BENGKULU,11,0,1,10,4894,4560,145,189
26/02/2021,BENGKULU,20,1,15,4,4914,4575,146,193
27/02/2021,BENGKULU,13,1,12,0,4927,4587,147,193
28/02/2021,BENGKULU,6,0,11,-5,4933,4598,147,188
01/03/2021,BENGKULU,3,0,10,-7,4936,4608,147,181
02/03/2021,BENGKULU,13,0,10,3,4949,4618,147,184
03/03/2021,BENGKULU,33,0,14,19,4982,4632,147,203
04/03/2021,BENGKULU,12,0,0,12,4994,4632,147,215
05/03/2021,BENGKULU,15,0,10,5,5009,4642,147,220
06/03/2021,BENGKULU,8,0,0,8,5017,4642,147,228
07/03/2021,BENGKULU,10,0,21,-11,5027,4663,147,217
08/03/2021,BENGKULU,40,3,12,25,5067,4675,150,242
09/03/2021,BENGKULU,8,0,10,-2,5075,4685,150,240
10/03/2021,BENGKULU,9,0,10,-1,5084,4695,150,239
11/03/2021,BENGKULU,11,0,15,-4,5095,4710,150,235
12/03/2021,BENGKULU,27,0,13,14,5122,4723,150,249
13/03/2021,BENGKULU,3,0,10,-7,5125,4733,150,242
14/03/2021,BENGKULU,20,0,13,7,5145,4746,150,249
15/03/2021,BENGKULU,9,0,20,-11,5154,4766,150,238
16/03/2021,BENGKULU,15,0,15,0,5169,4781,150,238
17/03/2021,BENGKULU,35,0,25,10,5204,4806,150,248
18/03/2021,BENGKULU,8,1,21,-14,5212,4827,151,234
19/03/2021,BENGKULU,20,1,20,-1,5232,4847,152,233
20/03/2021,BENGKULU,10,1,10,-1,5242,4857,153,232
21/03/2021,BENGKULU,13,0,15,-2,5255,4872,153,230
22/03/2021,BENGKULU,3,0,15,-12,5258,4887,153,218
23/03/2021,BENGKULU,35,0,15,20,5293,4902,153,238
24/03/2021,BENGKULU,24,0,15,9,5317,4917,153,247
25/03/2021,BENGKULU,7,0,15,-8,5324,4932,153,239
26/03/2021,BENGKULU,8,1,15,-8,5332,4947,154,231
27/03/2021,BENGKULU,5,0,0,5,5337,4947,154,236
28/03/2021,BENGKULU,27,0,0,27,5364,4947,154,263
29/03/2021,BENGKULU,10,0,42,-32,5374,4989,154,231
30/03/2021,BENGKULU,52,0,18,34,5426,5007,154,265
31/03/2021,BENGKULU,35,0,17,18,5461,5024,154,283
01/04/2021,BENGKULU,23,0,18,5,5484,5042,154,288
02/04/2021,BENGKULU,7,0,15,-8,5491,5057,154,280
03/04/2021,BENGKULU,6,0,15,-9,5497,5072,154,271
04/04/2021,BENGKULU,38,0,0,38,5535,5072,154,309
05/04/2021,BENGKULU,14,3,40,-29,5549,5112,157,280
06/04/2021,BENGKULU,28,1,18,9,5577,5130,158,289
07/04/2021,BENGKULU,42,0,20,22,5619,5150,158,311
08/04/2021,BENGKULU,68,0,15,53,5687,5165,158,364
09/04/2021,BENGKULU,47,0,32,15,5734,5197,158,379
10/04/2021,BENGKULU,16,0,19,-3,5750,5216,158,376
11/04/2021,BENGKULU,45,0,30,15,5795,5246,158,391
12/04/2021,BENGKULU,6,2,27,-23,5801,5273,160,368
13/04/2021,BENGKULU,25,0,20,5,5826,5293,160,373
14/04/2021,BENGKULU,15,0,26,-11,5841,5319,160,362
15/04/2021,BENGKULU,46,2,20,24,5887,5339,162,386
16/04/2021,BENGKULU,55,0,30,25,5942,5369,162,411
17/04/2021,BENGKULU,54,1,30,23,5996,5399,163,434
18/04/2021,BENGKULU,95,1,35,59,6091,5434,164,493
09/04/2020,NUSA TENGGARA TIMUR,1,0,0,1,1,0,0,1
10/04/2020,NUSA TENGGARA TIMUR,0,0,0,0,1,0,0,1
11/04/2020,NUSA TENGGARA TIMUR,0,0,0,0,1,0,0,1
12/04/2020,NUSA TENGGARA TIMUR,0,0,0,0,1,0,0,1
13/04/2020,NUSA TENGGARA TIMUR,0,0,0,0,1,0,0,1
14/04/2020,NUSA TENGGARA TIMUR,0,0,0,0,1,0,0,1
15/04/2020,NUSA TENGGARA TIMUR,0,0,0,0,1,0,0,1
16/04/2020,NUSA TENGGARA TIMUR,0,0,0,0,1,0,0,1
17/04/2020,NUSA TENGGARA TIMUR,0,0,0,0,1,0,0,1
18/04/2020,NUSA TENGGARA TIMUR,0,0,0,0,1,0,0,1
19/04/2020,NUSA TENGGARA TIMUR,0,0,0,0,1,0,0,1
20/04/2020,NUSA TENGGARA TIMUR,0,0,0,0,1,0,0,1
21/04/2020,NUSA TENGGARA TIMUR,0,0,0,0,1,0,0,1
22/04/2020,NUSA TENGGARA TIMUR,0,0,0,0,1,0,0,1
23/04/2020,NUSA TENGGARA TIMUR,0,0,0,0,1,0,0,1
24/04/2020,NUSA TENGGARA TIMUR,0,0,1,-1,1,1,0,0
25/04/2020,NUSA TENGGARA TIMUR,0,0,0,0,1,1,0,0
26/04/2020,NUSA TENGGARA TIMUR,0,0,0,0,1,1,0,0
27/04/2020,NUSA TENGGARA TIMUR,0,0,0,0,1,1,0,0
28/04/2020,NUSA TENGGARA TIMUR,0,0,0,0,1,1,0,0
29/04/2020,NUSA TENGGARA TIMUR,0,0,0,0,1,1,0,0
30/04/2020,NUSA TENGGARA TIMUR,2,0,0,2,3,1,0,2
01/05/2020,NUSA TENGGARA TIMUR,0,0,0,0,3,1,0,2
02/05/2020,NUSA TENGGARA TIMUR,0,0,0,0,3,1,0,2
03/05/2020,NUSA TENGGARA TIMUR,7,0,0,7,10,1,0,9
04/05/2020,NUSA TENGGARA TIMUR,0,0,0,0,10,1,0,9
05/05/2020,NUSA TENGGARA TIMUR,3,0,0,3,13,1,0,12
06/05/2020,NUSA TENGGARA TIMUR,0,0,0,0,13,1,0,12
07/05/2020,NUSA TENGGARA TIMUR,0,0,0,0,13,1,0,12
08/05/2020,NUSA TENGGARA TIMUR,0,0,0,0,13,1,0,12
09/05/2020,NUSA TENGGARA TIMUR,0,0,0,0,13,1,0,12
10/05/2020,NUSA TENGGARA TIMUR,1,0,0,1,14,1,0,13
11/05/2020,NUSA TENGGARA TIMUR,0,0,0,0,14,1,0,13
12/05/2020,NUSA TENGGARA TIMUR,1,0,0,1,15,1,0,14
13/05/2020,NUSA TENGGARA TIMUR,6,0,0,6,21,1,0,20
14/05/2020,NUSA TENGGARA TIMUR,2,1,0,1,23,1,1,21
15/05/2020,NUSA TENGGARA TIMUR,0,0,0,0,23,1,1,21
16/05/2020,NUSA TENGGARA TIMUR,27,0,1,26,50,2,1,47
17/05/2020,NUSA TENGGARA TIMUR,12,0,4,8,62,6,1,55
18/05/2020,NUSA TENGGARA TIMUR,14,0,0,14,76,6,1,69
19/05/2020,NUSA TENGGARA TIMUR,3,0,0,3,79,6,1,72
20/05/2020,NUSA TENGGARA TIMUR,2,0,0,2,81,6,1,74
21/05/2020,NUSA TENGGARA TIMUR,3,0,0,3,84,6,1,77
22/05/2020,NUSA TENGGARA TIMUR,0,0,0,0,84,6,1,77
23/05/2020,NUSA TENGGARA TIMUR,0,0,0,0,84,6,1,77
24/05/2020,NUSA TENGGARA TIMUR,0,0,0,0,84,6,1,77
25/05/2020,NUSA TENGGARA TIMUR,1,0,0,1,85,6,1,78
26/05/2020,NUSA TENGGARA TIMUR,3,0,1,2,88,7,1,80
27/05/2020,NUSA TENGGARA TIMUR,0,0,2,-2,88,9,1,78
28/05/2020,NUSA TENGGARA TIMUR,0,0,0,0,88,9,1,78
29/05/2020,NUSA TENGGARA TIMUR,2,0,3,-1,90,12,1,77
30/05/2020,NUSA TENGGARA TIMUR,1,0,0,1,91,12,1,78
31/05/2020,NUSA TENGGARA TIMUR,1,0,2,-1,92,14,1,77
01/06/2020,NUSA TENGGARA TIMUR,5,0,0,5,97,14,1,82
02/06/2020,NUSA TENGGARA TIMUR,0,0,0,0,97,14,1,82
03/06/2020,NUSA TENGGARA TIMUR,1,0,0,1,98,14,1,83
04/06/2020,NUSA TENGGARA TIMUR,0,0,0,0,98,14,1,83
05/06/2020,NUSA TENGGARA TIMUR,0,0,0,0,98,14,1,83
06/06/2020,NUSA TENGGARA TIMUR,0,0,0,0,98,14,1,83
07/06/2020,NUSA TENGGARA TIMUR,0,0,0,0,98,14,1,83
08/06/2020,NUSA TENGGARA TIMUR,5,0,16,-11,103,30,1,72
09/06/2020,NUSA TENGGARA TIMUR,0,0,0,0,103,30,1,72
10/06/2020,NUSA TENGGARA TIMUR,2,0,7,-5,105,37,1,67
11/06/2020,NUSA TENGGARA TIMUR,0,0,0,0,105,37,1,67
12/06/2020,NUSA TENGGARA TIMUR,1,0,5,-4,106,42,1,63
13/06/2020,NUSA TENGGARA TIMUR,0,0,0,0,106,42,1,63
14/06/2020,NUSA TENGGARA TIMUR,2,0,0,2,108,42,1,65
15/06/2020,NUSA TENGGARA TIMUR,0,0,0,0,108,42,1,65
16/06/2020,NUSA TENGGARA TIMUR,0,0,0,0,108,42,1,65
17/06/2020,NUSA TENGGARA TIMUR,0,0,2,-2,108,44,1,63
18/06/2020,NUSA TENGGARA TIMUR,0,0,0,0,108,44,1,63
19/06/2020,NUSA TENGGARA TIMUR,0,0,0,0,108,44,1,63
20/06/2020,NUSA TENGGARA TIMUR,0,0,0,0,108,44,1,63
21/06/2020,NUSA TENGGARA TIMUR,3,0,0,3,111,44,1,66
22/06/2020,NUSA TENGGARA TIMUR,0,0,1,-1,111,45,1,65
23/06/2020,NUSA TENGGARA TIMUR,1,0,1,0,112,46,1,65
24/06/2020,NUSA TENGGARA TIMUR,0,0,0,0,112,46,1,65
25/06/2020,NUSA TENGGARA TIMUR,0,0,1,-1,112,47,1,64
26/06/2020,NUSA TENGGARA TIMUR,1,0,0,1,113,47,1,65
27/06/2020,NUSA TENGGARA TIMUR,0,0,0,0,113,47,1,65
28/06/2020,NUSA TENGGARA TIMUR,0,0,0,0,113,47,1,65
29/06/2020,NUSA TENGGARA TIMUR,0,0,0,0,113,47,1,65
30/06/2020,NUSA TENGGARA TIMUR,0,0,0,0,113,47,1,65
01/07/2020,NUSA TENGGARA TIMUR,0,0,0,0,113,47,1,65
02/07/2020,NUSA TENGGARA TIMUR,5,0,10,-5,118,57,1,60
03/07/2020,NUSA TENGGARA TIMUR,0,0,0,0,118,57,1,60
04/07/2020,NUSA TENGGARA TIMUR,0,0,0,0,118,57,1,60
05/07/2020,NUSA TENGGARA TIMUR,0,0,0,0,118,57,1,60
06/07/2020,NUSA TENGGARA TIMUR,0,0,0,0,118,57,1,60
07/07/2020,NUSA TENGGARA TIMUR,0,0,0,0,118,57,1,60
08/07/2020,NUSA TENGGARA TIMUR,3,0,34,-31,121,91,1,29
09/07/2020,NUSA TENGGARA TIMUR,0,0,0,0,121,91,1,29
10/07/2020,NUSA TENGGARA TIMUR,0,0,0,0,121,91,1,29
11/07/2020,NUSA TENGGARA TIMUR,0,0,0,0,121,91,1,29
12/07/2020,NUSA TENGGARA TIMUR,0,0,0,0,121,91,1,29
13/07/2020,NUSA TENGGARA TIMUR,0,0,0,0,121,91,1,29
14/07/2020,NUSA TENGGARA TIMUR,0,0,0,0,121,91,1,29
15/07/2020,NUSA TENGGARA TIMUR,0,0,0,0,121,91,1,29
16/07/2020,NUSA TENGGARA TIMUR,0,0,1,-1,121,92,1,28
17/07/2020,NUSA TENGGARA TIMUR,0,0,0,0,121,92,1,28
18/07/2020,NUSA TENGGARA TIMUR,10,0,12,-2,131,104,1,26
19/07/2020,NUSA TENGGARA TIMUR,0,0,0,0,131,104,1,26
20/07/2020,NUSA TENGGARA TIMUR,3,0,3,0,134,107,1,26
21/07/2020,NUSA TENGGARA TIMUR,3,0,4,-1,137,111,1,25
22/07/2020,NUSA TENGGARA TIMUR,0,0,0,0,137,111,1,25
23/07/2020,NUSA TENGGARA TIMUR,0,0,0,0,137,111,1,25
24/07/2020,NUSA TENGGARA TIMUR,0,0,0,0,137,111,1,25
25/07/2020,NUSA TENGGARA TIMUR,0,0,0,0,137,111,1,25
26/07/2020,NUSA TENGGARA TIMUR,8,0,0,8,145,111,1,33
27/07/2020,NUSA TENGGARA TIMUR,0,0,0,0,145,111,1,33
28/07/2020,NUSA TENGGARA TIMUR,0,0,0,0,145,111,1,33
29/07/2020,NUSA TENGGARA TIMUR,0,0,0,0,145,111,1,33
30/07/2020,NUSA TENGGARA TIMUR,0,0,0,0,145,111,1,33
31/07/2020,NUSA TENGGARA TIMUR,0,0,0,0,145,111,1,33
01/08/2020,NUSA TENGGARA TIMUR,0,0,0,0,145,111,1,33
02/08/2020,NUSA TENGGARA TIMUR,6,0,9,-3,151,120,1,30
03/08/2020,NUSA TENGGARA TIMUR,0,0,0,0,151,120,1,30
04/08/2020,NUSA TENGGARA TIMUR,0,0,0,0,151,120,1,30
05/08/2020,NUSA TENGGARA TIMUR,1,0,9,-8,152,129,1,22
06/08/2020,NUSA TENGGARA TIMUR,0,0,0,0,152,129,1,22
07/08/2020,NUSA TENGGARA TIMUR,0,0,1,-1,152,130,1,21
08/08/2020,NUSA TENGGARA TIMUR,0,0,0,0,152,130,1,21
09/08/2020,NUSA TENGGARA TIMUR,0,0,0,0,152,130,1,21
10/08/2020,NUSA TENGGARA TIMUR,0,0,0,0,152,130,1,21
11/08/2020,NUSA TENGGARA TIMUR,3,0,1,2,155,131,1,23
12/08/2020,NUSA TENGGARA TIMUR,7,0,6,1,162,137,1,24
13/08/2020,NUSA TENGGARA TIMUR,0,0,0,0,162,137,1,24
14/08/2020,NUSA TENGGARA TIMUR,0,0,0,0,162,137,1,24
15/08/2020,NUSA TENGGARA TIMUR,3,0,1,2,165,138,1,26
16/08/2020,NUSA TENGGARA TIMUR,0,0,0,0,165,138,1,26
17/08/2020,NUSA TENGGARA TIMUR,0,0,0,0,165,138,1,26
18/08/2020,NUSA TENGGARA TIMUR,0,0,0,0,165,138,1,26
19/08/2020,NUSA TENGGARA TIMUR,0,0,0,0,165,138,1,26
20/08/2020,NUSA TENGGARA TIMUR,0,0,0,0,165,138,1,26
21/08/2020,NUSA TENGGARA TIMUR,0,0,0,0,165,138,1,26
22/08/2020,NUSA TENGGARA TIMUR,6,1,10,-5,171,148,2,21
23/08/2020,NUSA TENGGARA TIMUR,0,0,1,-1,171,149,2,20
24/08/2020,NUSA TENGGARA TIMUR,0,0,0,0,171,149,2,20
25/08/2020,NUSA TENGGARA TIMUR,1,0,0,1,172,149,2,21
26/08/2020,NUSA TENGGARA TIMUR,1,0,0,1,173,149,2,22
27/08/2020,NUSA TENGGARA TIMUR,1,0,6,-5,174,155,2,17
28/08/2020,NUSA TENGGARA TIMUR,2,0,1,1,176,156,2,18
29/08/2020,NUSA TENGGARA TIMUR,0,0,0,0,176,156,2,18
30/08/2020,NUSA TENGGARA TIMUR,1,0,0,1,177,156,2,19
31/08/2020,NUSA TENGGARA TIMUR,0,0,0,0,177,156,2,19
01/09/2020,NUSA TENGGARA TIMUR,2,0,0,2,179,156,2,21
02/09/2020,NUSA TENGGARA TIMUR,12,0,3,9,191,159,2,30
03/09/2020,NUSA TENGGARA TIMUR,9,0,4,5,200,163,2,35
04/09/2020,NUSA TENGGARA TIMUR,2,0,0,2,202,163,2,37
05/09/2020,NUSA TENGGARA TIMUR,2,0,6,-4,204,169,2,33
06/09/2020,NUSA TENGGARA TIMUR,2,0,1,1,206,170,2,34
07/09/2020,NUSA TENGGARA TIMUR,0,1,0,-1,206,170,3,33
08/09/2020,NUSA TENGGARA TIMUR,3,0,0,3,209,170,3,36
09/09/2020,NUSA TENGGARA TIMUR,4,1,0,3,213,170,4,39
10/09/2020,NUSA TENGGARA TIMUR,0,0,0,0,213,170,4,39
11/09/2020,NUSA TENGGARA TIMUR,0,0,0,0,213,170,4,39
12/09/2020,NUSA TENGGARA TIMUR,4,1,0,3,217,170,5,42
13/09/2020,NUSA TENGGARA TIMUR,20,0,2,18,237,172,5,60
14/09/2020,NUSA TENGGARA TIMUR,0,0,0,0,237,172,5,60
15/09/2020,NUSA TENGGARA TIMUR,39,0,0,39,276,172,5,99
16/09/2020,NUSA TENGGARA TIMUR,13,0,1,12,289,173,5,111
17/09/2020,NUSA TENGGARA TIMUR,13,0,2,11,302,175,5,122
18/09/2020,NUSA TENGGARA TIMUR,11,0,4,7,313,179,5,129
19/09/2020,NUSA TENGGARA TIMUR,2,0,1,1,315,180,5,130
20/09/2020,NUSA TENGGARA TIMUR,6,0,51,-45,321,231,5,85
21/09/2020,NUSA TENGGARA TIMUR,0,0,0,0,321,231,5,85
22/09/2020,NUSA TENGGARA TIMUR,11,0,0,11,332,231,5,96
23/09/2020,NUSA TENGGARA TIMUR,17,1,9,7,349,240,6,103
24/09/2020,NUSA TENGGARA TIMUR,18,0,0,18,367,240,6,121
25/09/2020,NUSA TENGGARA TIMUR,21,0,0,21,388,240,6,142
26/09/2020,NUSA TENGGARA TIMUR,6,0,10,-4,394,250,6,138
27/09/2020,NUSA TENGGARA TIMUR,8,0,0,8,402,250,6,146
28/09/2020,NUSA TENGGARA TIMUR,0,0,13,-13,402,263,6,133
29/09/2020,NUSA TENGGARA TIMUR,4,0,5,-1,406,268,6,132
30/09/2020,NUSA TENGGARA TIMUR,18,0,6,12,424,274,6,144
01/10/2020,NUSA TENGGARA TIMUR,5,0,8,-3,429,282,6,141
02/10/2020,NUSA TENGGARA TIMUR,10,0,3,7,439,285,6,148
03/10/2020,NUSA TENGGARA TIMUR,9,0,0,9,448,285,6,157
04/10/2020,NUSA TENGGARA TIMUR,16,0,21,-5,464,306,6,152
05/10/2020,NUSA TENGGARA TIMUR,1,0,13,-12,465,319,6,140
06/10/2020,NUSA TENGGARA TIMUR,2,0,14,-12,467,333,6,128
07/10/2020,NUSA TENGGARA TIMUR,18,0,3,15,485,336,6,143
08/10/2020,NUSA TENGGARA TIMUR,47,1,7,39,532,343,7,182
09/10/2020,NUSA TENGGARA TIMUR,19,0,6,13,551,349,7,195
10/10/2020,NUSA TENGGARA TIMUR,7,0,3,4,558,352,7,199
11/10/2020,NUSA TENGGARA TIMUR,7,0,0,7,565,352,7,206
12/10/2020,NUSA TENGGARA TIMUR,0,0,1,-1,565,353,7,205
13/10/2020,NUSA TENGGARA TIMUR,7,0,9,-2,572,362,7,203
14/10/2020,NUSA TENGGARA TIMUR,2,0,7,-5,574,369,7,198
15/10/2020,NUSA TENGGARA TIMUR,1,0,0,1,575,369,7,199
16/10/2020,NUSA TENGGARA TIMUR,7,0,31,-24,582,400,7,175
17/10/2020,NUSA TENGGARA TIMUR,2,0,6,-4,584,406,7,171
18/10/2020,NUSA TENGGARA TIMUR,3,0,0,3,587,406,7,174
19/10/2020,NUSA TENGGARA TIMUR,1,0,0,1,588,406,7,175
20/10/2020,NUSA TENGGARA TIMUR,4,0,5,-1,592,411,7,174
21/10/2020,NUSA TENGGARA TIMUR,13,0,5,8,605,416,7,182
22/10/2020,NUSA TENGGARA TIMUR,10,0,6,4,615,422,7,186
23/10/2020,NUSA TENGGARA TIMUR,19,0,12,7,634,434,7,193
24/10/2020,NUSA TENGGARA TIMUR,15,0,9,6,649,443,7,199
25/10/2020,NUSA TENGGARA TIMUR,3,0,0,3,652,443,7,202
26/10/2020,NUSA TENGGARA TIMUR,1,0,0,1,653,443,7,203
27/10/2020,NUSA TENGGARA TIMUR,14,0,6,8,667,449,7,211
28/10/2020,NUSA TENGGARA TIMUR,2,0,14,-12,669,463,7,199
29/10/2020,NUSA TENGGARA TIMUR,10,0,2,8,679,465,7,207
30/10/2020,NUSA TENGGARA TIMUR,0,0,33,-33,679,498,7,174
31/10/2020,NUSA TENGGARA TIMUR,2,0,0,2,681,498,7,176
01/11/2020,NUSA TENGGARA TIMUR,9,0,1,8,690,499,7,184
02/11/2020,NUSA TENGGARA TIMUR,4,0,1,3,694,500,7,187
03/11/2020,NUSA TENGGARA TIMUR,24,2,18,4,718,518,9,191
04/11/2020,NUSA TENGGARA TIMUR,10,0,5,5,728,523,9,196
05/11/2020,NUSA TENGGARA TIMUR,15,2,9,4,743,532,11,200
06/11/2020,NUSA TENGGARA TIMUR,8,0,21,-13,751,553,11,187
07/11/2020,NUSA TENGGARA TIMUR,17,0,4,13,768,557,11,200
08/11/2020,NUSA TENGGARA TIMUR,10,0,15,-5,778,572,11,195
09/11/2020,NUSA TENGGARA TIMUR,1,0,8,-7,779,580,11,188
10/11/2020,NUSA TENGGARA TIMUR,8,0,5,3,787,585,11,191
11/11/2020,NUSA TENGGARA TIMUR,6,0,0,6,793,585,11,197
12/11/2020,NUSA TENGGARA TIMUR,12,0,2,10,805,587,11,207
13/11/2020,NUSA TENGGARA TIMUR,18,3,8,7,823,595,14,214
14/11/2020,NUSA TENGGARA TIMUR,7,0,13,-6,830,608,14,208
15/11/2020,NUSA TENGGARA TIMUR,0,0,1,-1,830,609,14,207
16/11/2020,NUSA TENGGARA TIMUR,11,0,14,-3,841,623,14,204
17/11/2020,NUSA TENGGARA TIMUR,25,1,4,20,866,627,15,224
18/11/2020,NUSA TENGGARA TIMUR,33,0,6,27,899,633,15,251
19/11/2020,NUSA TENGGARA TIMUR,0,0,0,0,899,633,15,251
20/11/2020,NUSA TENGGARA TIMUR,13,0,21,-8,912,654,15,243
21/11/2020,NUSA TENGGARA TIMUR,25,0,2,23,937,656,15,266
22/11/2020,NUSA TENGGARA TIMUR,14,2,6,6,951,662,17,272
23/11/2020,NUSA TENGGARA TIMUR,8,0,14,-6,959,676,17,266
24/11/2020,NUSA TENGGARA TIMUR,1,0,1,0,960,677,17,266
25/11/2020,NUSA TENGGARA TIMUR,42,1,9,32,1002,686,18,298
26/11/2020,NUSA TENGGARA TIMUR,75,0,2,73,1077,688,18,371
27/11/2020,NUSA TENGGARA TIMUR,33,0,0,33,1110,688,18,404
28/11/2020,NUSA TENGGARA TIMUR,27,0,12,15,1137,700,18,419
29/11/2020,NUSA TENGGARA TIMUR,52,0,1,51,1189,701,18,470
30/11/2020,NUSA TENGGARA TIMUR,20,0,20,0,1209,721,18,470
01/12/2020,NUSA TENGGARA TIMUR,33,2,2,29,1242,723,20,499
02/12/2020,NUSA TENGGARA TIMUR,29,2,2,25,1271,725,22,524
03/12/2020,NUSA TENGGARA TIMUR,26,1,6,19,1297,731,23,543
04/12/2020,NUSA TENGGARA TIMUR,29,1,7,21,1326,738,24,564
05/12/2020,NUSA TENGGARA TIMUR,18,1,0,17,1344,738,25,581
06/12/2020,NUSA TENGGARA TIMUR,25,1,3,21,1369,741,26,602
07/12/2020,NUSA TENGGARA TIMUR,59,0,0,59,1428,741,26,661
08/12/2020,NUSA TENGGARA TIMUR,21,0,13,8,1449,754,26,669
09/12/2020,NUSA TENGGARA TIMUR,27,3,7,17,1476,761,29,686
10/12/2020,NUSA TENGGARA TIMUR,33,1,12,20,1509,773,30,706
11/12/2020,NUSA TENGGARA TIMUR,6,1,20,-15,1515,793,31,691
12/12/2020,NUSA TENGGARA TIMUR,22,2,19,1,1537,812,33,692
13/12/2020,NUSA TENGGARA TIMUR,10,1,19,-10,1547,831,34,682
14/12/2020,NUSA TENGGARA TIMUR,1,0,0,1,1548,831,34,683
15/12/2020,NUSA TENGGARA TIMUR,12,0,1,11,1560,832,34,694
16/12/2020,NUSA TENGGARA TIMUR,40,2,37,1,1600,869,36,695
17/12/2020,NUSA TENGGARA TIMUR,43,0,16,27,1643,885,36,722
18/12/2020,NUSA TENGGARA TIMUR,65,0,35,30,1708,920,36,752
19/12/2020,NUSA TENGGARA TIMUR,71,0,7,64,1779,927,36,816
20/12/2020,NUSA TENGGARA TIMUR,29,2,38,-11,1808,965,38,805
21/12/2020,NUSA TENGGARA TIMUR,13,2,8,3,1821,973,40,808
22/12/2020,NUSA TENGGARA TIMUR,86,1,15,70,1907,988,41,878
23/12/2020,NUSA TENGGARA TIMUR,52,0,83,-31,1959,1071,41,847
24/12/2020,NUSA TENGGARA TIMUR,37,0,14,23,1996,1085,41,870
25/12/2020,NUSA TENGGARA TIMUR,16,0,31,-15,2012,1116,41,855
26/12/2020,NUSA TENGGARA TIMUR,0,1,3,-4,2012,1119,42,851
27/12/2020,NUSA TENGGARA TIMUR,29,0,4,25,2041,1123,42,876
28/12/2020,NUSA TENGGARA TIMUR,17,1,3,13,2058,1126,43,889
29/12/2020,NUSA TENGGARA TIMUR,30,0,7,23,2088,1133,43,912
30/12/2020,NUSA TENGGARA TIMUR,53,4,66,-17,2141,1199,47,895
31/12/2020,NUSA TENGGARA TIMUR,26,2,4,20,2167,1203,49,915
01/01/2021,NUSA TENGGARA TIMUR,14,0,1,13,2181,1204,49,928
02/01/2021,NUSA TENGGARA TIMUR,35,0,3,32,2216,1207,49,960
03/01/2021,NUSA TENGGARA TIMUR,19,3,66,-50,2235,1273,52,910
04/01/2021,NUSA TENGGARA TIMUR,4,0,16,-12,2239,1289,52,898
05/01/2021,NUSA TENGGARA TIMUR,57,2,14,41,2296,1303,54,939
06/01/2021,NUSA TENGGARA TIMUR,24,1,38,-15,2320,1341,55,924
07/01/2021,NUSA TENGGARA TIMUR,79,0,52,27,2399,1393,55,951
08/01/2021,NUSA TENGGARA TIMUR,51,0,85,-34,2450,1478,55,917
09/01/2021,NUSA TENGGARA TIMUR,31,1,16,14,2481,1494,56,931
10/01/2021,NUSA TENGGARA TIMUR,45,3,14,28,2526,1508,59,959
11/01/2021,NUSA TENGGARA TIMUR,12,1,63,-52,2538,1571,60,907
12/01/2021,NUSA TENGGARA TIMUR,37,7,0,30,2575,1571,67,937
13/01/2021,NUSA TENGGARA TIMUR,171,4,18,149,2746,1589,71,1086
14/01/2021,NUSA TENGGARA TIMUR,56,6,9,41,2802,1598,77,1127
15/01/2021,NUSA TENGGARA TIMUR,57,1,24,32,2859,1622,78,1159
16/01/2021,NUSA TENGGARA TIMUR,118,6,30,82,2977,1652,84,1241
17/01/2021,NUSA TENGGARA TIMUR,67,1,28,38,3044,1680,85,1279
18/01/2021,NUSA TENGGARA TIMUR,101,3,27,71,3145,1707,88,1350
19/01/2021,NUSA TENGGARA TIMUR,7,0,0,7,3152,1707,88,1357
20/01/2021,NUSA TENGGARA TIMUR,192,4,34,154,3344,1741,92,1511
21/01/2021,NUSA TENGGARA TIMUR,44,0,25,19,3388,1766,92,1530
22/01/2021,NUSA TENGGARA TIMUR,275,10,68,197,3663,1834,102,1727
23/01/2021,NUSA TENGGARA TIMUR,271,5,83,183,3934,1917,107,1910
24/01/2021,NUSA TENGGARA TIMUR,74,1,85,-12,4008,2002,108,1898
25/01/2021,NUSA TENGGARA TIMUR,121,4,40,77,4129,2042,112,1975
26/01/2021,NUSA TENGGARA TIMUR,221,8,88,125,4350,2130,120,2100
27/01/2021,NUSA TENGGARA TIMUR,127,3,26,98,4477,2156,123,2198
28/01/2021,NUSA TENGGARA TIMUR,116,5,69,42,4593,2225,128,2240
29/01/2021,NUSA TENGGARA TIMUR,93,4,93,-4,4686,2318,132,2236
30/01/2021,NUSA TENGGARA TIMUR,163,7,21,135,4849,2339,139,2371
31/01/2021,NUSA TENGGARA TIMUR,56,3,44,9,4905,2383,142,2380
01/02/2021,NUSA TENGGARA TIMUR,134,1,20,113,5039,2403,143,2493
02/02/2021,NUSA TENGGARA TIMUR,173,2,14,157,5212,2417,145,2650
03/02/2021,NUSA TENGGARA TIMUR,112,2,97,13,5324,2514,147,2663
04/02/2021,NUSA TENGGARA TIMUR,158,2,11,145,5482,2525,149,2808
05/02/2021,NUSA TENGGARA TIMUR,389,0,123,266,5871,2648,149,3074
06/02/2021,NUSA TENGGARA TIMUR,198,1,14,183,6069,2662,150,3257
07/02/2021,NUSA TENGGARA TIMUR,213,5,89,119,6282,2751,155,3376
08/02/2021,NUSA TENGGARA TIMUR,83,5,106,-28,6365,2857,160,3348
09/02/2021,NUSA TENGGARA TIMUR,113,1,69,43,6478,2926,161,3391
10/02/2021,NUSA TENGGARA TIMUR,90,0,59,31,6568,2985,161,3422
11/02/2021,NUSA TENGGARA TIMUR,32,1,209,-178,6600,3194,162,3244
12/02/2021,NUSA TENGGARA TIMUR,185,10,559,-384,6785,3753,172,2860
13/02/2021,NUSA TENGGARA TIMUR,235,6,71,158,7020,3824,178,3018
14/02/2021,NUSA TENGGARA TIMUR,252,5,72,175,7272,3896,183,3193
15/02/2021,NUSA TENGGARA TIMUR,115,3,355,-243,7387,4251,186,2950
16/02/2021,NUSA TENGGARA TIMUR,130,1,298,-169,7517,4549,187,2781
17/02/2021,NUSA TENGGARA TIMUR,103,3,90,10,7620,4639,190,2791
18/02/2021,NUSA TENGGARA TIMUR,224,2,197,25,7844,4836,192,2816
19/02/2021,NUSA TENGGARA TIMUR,133,3,144,-14,7977,4980,195,2802
20/02/2021,NUSA TENGGARA TIMUR,176,3,351,-178,8153,5331,198,2624
21/02/2021,NUSA TENGGARA TIMUR,100,2,103,-5,8253,5434,200,2619
22/02/2021,NUSA TENGGARA TIMUR,138,17,281,-160,8391,5715,217,2459
23/02/2021,NUSA TENGGARA TIMUR,195,6,149,40,8586,5864,223,2499
24/02/2021,NUSA TENGGARA TIMUR,95,21,280,-206,8681,6144,244,2293
25/02/2021,NUSA TENGGARA TIMUR,202,1,97,104,8883,6241,245,2397
26/02/2021,NUSA TENGGARA TIMUR,116,4,104,8,8999,6345,249,2405
27/02/2021,NUSA TENGGARA TIMUR,140,7,97,36,9139,6442,256,2441
28/02/2021,NUSA TENGGARA TIMUR,108,1,61,46,9247,6503,257,2487
01/03/2021,NUSA TENGGARA TIMUR,40,5,180,-145,9287,6683,262,2342
02/03/2021,NUSA TENGGARA TIMUR,117,3,171,-57,9404,6854,265,2285
03/03/2021,NUSA TENGGARA TIMUR,141,2,188,-49,9545,7042,267,2236
04/03/2021,NUSA TENGGARA TIMUR,103,2,116,-15,9648,7158,269,2221
05/03/2021,NUSA TENGGARA TIMUR,150,3,167,-20,9798,7325,272,2201
06/03/2021,NUSA TENGGARA TIMUR,130,8,211,-89,9928,7536,280,2112
07/03/2021,NUSA TENGGARA TIMUR,43,1,55,-13,9971,7591,281,2099
08/03/2021,NUSA TENGGARA TIMUR,134,4,121,9,10105,7712,285,2108
09/03/2021,NUSA TENGGARA TIMUR,136,3,173,-40,10241,7885,288,2068
10/03/2021,NUSA TENGGARA TIMUR,114,0,75,39,10355,7960,288,2107
11/03/2021,NUSA TENGGARA TIMUR,66,1,126,-61,10421,8086,289,2046
12/03/2021,NUSA TENGGARA TIMUR,128,1,29,98,10549,8115,290,2144
13/03/2021,NUSA TENGGARA TIMUR,141,6,9,126,10690,8124,296,2270
14/03/2021,NUSA TENGGARA TIMUR,23,1,232,-210,10713,8356,297,2060
15/03/2021,NUSA TENGGARA TIMUR,83,0,9,74,10796,8365,297,2134
16/03/2021,NUSA TENGGARA TIMUR,193,0,193,0,10989,8558,297,2134
17/03/2021,NUSA TENGGARA TIMUR,220,7,105,108,11209,8663,304,2242
18/03/2021,NUSA TENGGARA TIMUR,167,0,210,-43,11376,8873,304,2199
19/03/2021,NUSA TENGGARA TIMUR,96,0,0,96,11472,8873,304,2295
20/03/2021,NUSA TENGGARA TIMUR,160,1,34,125,11632,8907,305,2420
21/03/2021,NUSA TENGGARA TIMUR,37,4,90,-57,11669,8997,309,2363
22/03/2021,NUSA TENGGARA TIMUR,76,2,55,19,11745,9052,311,2382
23/03/2021,NUSA TENGGARA TIMUR,169,10,73,86,11914,9125,321,2468
24/03/2021,NUSA TENGGARA TIMUR,98,3,152,-57,12012,9277,324,2411
25/03/2021,NUSA TENGGARA TIMUR,54,1,108,-55,12066,9385,325,2356
26/03/2021,NUSA TENGGARA TIMUR,43,0,37,6,12109,9422,325,2362
27/03/2021,NUSA TENGGARA TIMUR,53,0,56,-3,12162,9478,325,2359
28/03/2021,NUSA TENGGARA TIMUR,20,0,13,7,12182,9491,325,2366
29/03/2021,NUSA TENGGARA TIMUR,27,2,498,-473,12209,9989,327,1893
30/03/2021,NUSA TENGGARA TIMUR,116,4,18,94,12325,10007,331,1987
31/03/2021,NUSA TENGGARA TIMUR,90,3,270,-183,12415,10277,334,1804
01/04/2021,NUSA TENGGARA TIMUR,86,2,154,-70,12501,10431,336,1734
02/04/2021,NUSA TENGGARA TIMUR,79,0,7,72,12580,10438,336,1806
03/04/2021,NUSA TENGGARA TIMUR,30,2,50,-22,12610,10488,338,1784
04/04/2021,NUSA TENGGARA TIMUR,32,3,34,-5,12642,10522,341,1779
05/04/2021,NUSA TENGGARA TIMUR,0,2,20,-22,12642,10542,343,1757
06/04/2021,NUSA TENGGARA TIMUR,27,2,36,-11,12669,10578,345,1746
07/04/2021,NUSA TENGGARA TIMUR,15,1,6,8,12684,10584,346,1754
08/04/2021,NUSA TENGGARA TIMUR,29,3,5,21,12713,10589,349,1775
09/04/2021,NUSA TENGGARA TIMUR,42,1,611,-570,12755,11200,350,1205
10/04/2021,NUSA TENGGARA TIMUR,45,0,3,42,12800,11203,350,1247
11/04/2021,NUSA TENGGARA TIMUR,0,0,2,-2,12800,11205,350,1245
12/04/2021,NUSA TENGGARA TIMUR,42,0,158,-116,12842,11363,350,1129
13/04/2021,NUSA TENGGARA TIMUR,116,0,9,107,12958,11372,350,1236
14/04/2021,NUSA TENGGARA TIMUR,55,1,5,49,13013,11377,351,1285
15/04/2021,NUSA TENGGARA TIMUR,52,5,120,-73,13065,11497,356,1212
16/04/2021,NUSA TENGGARA TIMUR,131,0,45,86,13196,11542,356,1298
17/04/2021,NUSA TENGGARA TIMUR,24,2,57,-35,13220,11599,358,1263
18/04/2021,NUSA TENGGARA TIMUR,4,1,9,-6,13224,11608,359,1257
